300 30
26
14
11
16
25
3
0
25
8
14
9
24
18
11
1
21
12
28
20
19
18
1
10
15
18
27
1
26
26
6
7
20
25
15
22
4
8
1
12
15
24
13
1
4
22
3
4
22
4
16
11
9
29
19
14
20
25
8
0
12
0
25
28
1
2
24
28
20
14
25
11
6
5
15
13
2
13
22
12
11
24
14
3
13
8
25
27
9
16
5
7
11
19
24
10
17
0
10
19
15
22
21
2
28
15
26
10
21
10
25
20
3
6
3
22
17
8
29
11
14
12
27
15
1
18
18
6
12
11
8
21
16
4
24
1
4
7
24
8
8
14
8
12
1
28
21
29
8
17
13
11
14
16
12
1
17
19
25
14
7
6
2
17
16
17
29
1
24
12
13
4
0
13
15
21
13
20
26
29
10
24
12
11
5
22
11
8
25
24
15
6
5
10
5
4
16
7
10
17
25
2
0
25
8
24
20
18
21
16
6
7
18
1
18
5
5
3
9
21
22
28
13
9
17
26
17
16
23
4
18
6
20
24
29
17
24
27
14
21
11
26
7
22
19
24
19
18
23
25
3
4
16
16
0
1
16
5
2
20
20
4
2
13
26
25
23
25
13
22
23
1
17
5
13
10
7
23
8
10
23
5
19
2
23
26
7
5
4
24
7
14
0
29
12
21
14
4
15
9
23
