300 1000
506
791
2
348
703
635
41
189
50
571
334
177
435
355
937
801
112
345
900
864
773
158
790
301
615
93
756
116
9
200
377
431
398
668
152
676
537
761
183
308
284
878
258
21
716
441
315
328
449
224
982
549
738
409
719
719
46
156
870
632
555
681
825
281
268
925
340
234
185
643
4
88
289
399
770
966
963
297
466
203
782
422
175
768
560
955
471
672
947
579
487
612
823
348
992
352
251
453
690
895
763
368
201
342
306
734
318
418
261
937
409
61
593
763
57
131
288
694
342
254
966
368
476
41
734
505
877
466
117
93
115
943
136
991
621
764
468
152
459
891
893
570
961
744
159
728
533
565
764
713
460
109
81
445
136
943
738
409
733
352
146
118
954
943
569
44
184
331
241
137
66
935
559
175
218
768
546
63
601
303
404
927
831
959
164
304
529
440
157
964
684
237
254
960
867
859
637
290
56
950
108
178
784
319
851
318
291
27
864
627
369
133
232
955
636
374
797
936
55
54
777
667
577
677
370
183
977
422
383
741
72
361
510
805
730
458
965
224
295
763
766
500
321
884
162
261
783
798
327
986
288
266
700
804
100
652
61
717
260
750
724
908
409
282
35
886
448
99
677
101
580
774
201
329
834
176
529
533
700
824
191
175
45
317
432
896
137
893
406
330
185
213
111
315
509
812
854
157
116
244
