1000 30
28
20
23
21
28
16
28
7
25
6
18
7
17
0
28
23
15
21
24
17
18
8
16
3
1
3
21
18
13
23
22
14
8
14
1
7
27
17
18
12
9
21
15
5
3
22
28
23
21
0
2
27
1
8
29
20
21
18
4
0
3
25
25
6
14
22
21
23
16
25
23
14
26
7
5
14
5
14
12
19
25
22
17
1
4
1
19
5
16
17
19
2
12
21
29
19
9
1
29
4
10
6
28
18
28
3
24
21
14
6
23
19
29
12
13
1
13
14
13
9
20
13
24
19
15
12
11
15
7
26
18
23
11
17
27
0
19
29
26
15
2
10
24
25
28
20
1
10
29
10
27
14
15
3
20
1
21
1
3
19
29
1
0
11
28
10
27
19
25
28
0
7
19
7
2
26
17
15
12
17
7
22
11
28
1
2
21
25
27
24
21
1
23
25
24
24
12
12
4
6
2
0
2
7
26
9
27
2
18
18
4
20
2
9
21
19
26
29
5
1
0
22
13
28
15
16
27
8
10
5
6
10
7
21
23
25
4
27
20
20
14
4
4
2
23
10
24
24
27
10
14
16
25
5
11
5
16
11
13
26
24
26
2
3
29
25
2
1
12
28
4
11
20
17
1
10
26
4
21
8
2
17
6
17
3
6
3
0
8
11
2
6
2
6
6
24
19
20
9
4
15
11
7
3
1
27
17
3
16
28
27
20
8
6
28
23
21
15
19
25
15
27
22
10
11
3
28
22
15
11
6
26
9
8
26
4
18
5
7
29
27
22
21
7
20
11
19
8
9
8
5
18
12
0
11
0
2
26
2
22
2
15
10
17
22
24
8
9
15
28
12
27
28
14
4
10
9
17
6
0
6
14
21
29
17
11
0
2
2
16
23
10
24
28
24
21
12
23
10
18
2
14
13
24
8
19
24
29
23
20
5
13
7
18
14
4
10
8
5
5
8
12
22
21
28
2
3
20
29
4
8
28
14
21
5
9
20
24
8
21
5
0
23
11
3
5
21
20
10
28
15
22
19
27
13
18
18
0
10
23
11
1
20
2
9
24
21
29
6
21
12
21
17
5
7
3
1
27
25
23
10
4
15
5
3
18
26
14
9
10
15
12
22
24
18
5
16
22
7
10
10
15
9
5
9
15
10
27
15
27
20
17
9
27
20
6
3
23
14
2
15
26
9
23
4
15
0
3
24
12
13
24
16
0
5
24
28
3
6
14
5
10
1
27
26
18
27
22
1
18
2
3
15
28
28
11
24
16
16
9
22
16
24
7
28
21
20
25
3
8
4
28
14
0
18
3
21
9
1
20
7
13
13
9
20
17
11
7
17
13
11
26
23
11
14
3
10
14
7
0
28
22
8
1
24
16
25
9
14
8
21
5
0
18
23
16
22
6
17
3
15
5
13
23
3
6
1
26
13
27
2
28
12
17
22
9
19
17
15
23
25
25
10
2
3
24
19
9
14
16
11
25
27
13
25
14
23
10
29
13
10
22
0
22
9
6
19
0
11
9
1
15
27
11
22
16
5
22
6
16
16
21
6
11
10
12
18
18
7
10
29
2
7
18
23
27
1
14
3
19
20
8
13
11
21
19
14
6
22
29
12
18
21
16
10
16
8
15
17
4
2
8
19
12
15
28
12
11
1
11
12
15
3
11
12
29
29
9
21
2
7
25
20
9
7
7
9
14
14
19
16
18
24
20
18
23
23
7
8
25
8
18
21
19
23
4
16
11
13
27
15
6
14
3
26
21
14
8
15
0
8
18
22
17
8
7
19
25
17
14
22
15
28
19
19
26
17
7
27
14
27
19
28
9
3
5
10
15
21
13
5
15
11
19
19
19
0
3
1
10
0
26
21
21
15
28
16
11
9
9
29
5
0
27
25
20
17
8
9
8
12
9
12
24
15
14
20
6
27
7
17
7
20
24
25
8
1
16
14
0
8
26
16
9
27
21
17
14
8
8
13
18
18
21
23
17
3
12
17
0
7
6
8
28
29
0
18
18
19
19
2
17
5
24
3
9
16
17
4
1
23
4
25
15
13
23
24
22
3
18
22
14
24
28
21
29
19
4
0
17
7
21
2
15
1
18
13
19
22
16
16
22
16
18
4
8
5
26
0
7
5
27
1
19
15
5
13
21
9
11
2
3
21
22
12
25
16
12
11
25
1
13
10
24
22
25
22
10
6
5
25
2
5
21
18
3
25
16
23
16
21
13
4
13
26
18
18
3
18
25
28
20
7
16
18
17
12
17
20
16
