1000 1000
315
172
134
481
420
43
879
294
864
230
870
219
637
359
898
652
648
403
970
684
747
74
822
263
17
368
70
570
699
23
99
219
919
274
967
957
205
33
173
239
385
549
159
459
50
683
753
603
255
149
638
814
471
481
69
670
128
9
719
1
244
845
545
685
779
719
971
228
304
538
561
834
534
690
542
356
55
453
230
749
333
345
431
604
688
890
366
933
476
76
515
610
160
713
74
790
289
22
363
180
674
48
628
243
197
901
163
317
773
400
570
124
939
449
287
348
433
339
205
809
928
212
323
235
738
158
915
798
967
718
590
411
20
133
971
195
844
304
474
715
579
288
767
303
507
109
107
256
331
814
646
781
845
8
204
291
9
521
762
82
277
506
106
458
783
988
632
114
671
854
326
924
395
284
311
346
301
923
158
308
194
425
381
808
853
586
135
434
673
948
153
687
707
643
406
268
367
245
779
495
986
549
312
606
235
569
190
991
112
470
729
351
886
835
43
331
850
434
971
466
258
621
86
152
90
595
299
924
619
15
647
541
846
887
353
244
0
203
134
93
214
574
34
446
424
932
762
530
275
485
661
501
546
255
897
574
187
925
440
617
565
197
718
35
945
570
544
936
519
240
112
320
556
827
361
469
336
761
981
828
612
453
717
373
240
834
375
927
503
445
105
870
389
26
156
475
751
471
241
420
848
91
81
93
220
359
482
960
269
698
508
643
161
418
927
302
881
601
142
628
368
609
222
12
662
875
495
454
898
832
404
371
807
138
979
780
116
856
301
219
842
877
832
397
46
652
319
797
19
294
270
355
262
156
648
902
830
308
567
286
816
729
188
928
780
601
979
137
935
837
759
654
757
866
679
768
478
710
384
827
631
641
151
115
386
9
697
900
938
380
694
889
625
777
781
488
755
649
978
3
349
168
989
385
150
596
824
198
270
756
533
224
793
95
628
563
493
422
919
95
616
192
118
915
273
87
500
734
622
765
352
237
458
834
716
89
202
537
146
642
599
153
819
347
591
824
356
564
959
369
130
774
311
688
686
128
916
479
124
931
711
364
946
916
494
962
913
96
994
122
944
581
15
290
901
994
301
951
433
16
110
195
686
152
763
711
786
36
567
934
495
451
594
651
325
775
771
90
704
742
612
429
492
269
710
668
258
565
798
45
267
914
795
512
16
336
744
304
530
768
973
306
347
570
119
739
271
900
882
687
517
968
507
103
849
245
25
232
658
466
231
855
700
670
215
338
397
559
34
259
190
208
761
277
410
494
714
13
529
669
153
925
484
164
96
534
921
81
217
955
872
779
940
305
378
677
995
502
983
646
654
922
883
371
820
568
737
654
924
746
805
945
339
695
103
273
624
286
767
392
468
670
638
165
624
729
377
128
510
280
86
742
348
242
502
34
941
395
308
237
207
956
10
520
580
885
130
133
268
770
163
89
150
153
883
32
763
364
72
87
462
298
700
283
314
75
905
618
706
179
859
972
980
531
763
806
595
895
741
85
491
175
407
883
338
458
181
942
281
85
259
800
701
674
282
221
184
736
347
316
624
501
984
168
909
585
132
777
135
408
934
812
654
641
383
44
571
497
475
273
474
400
529
266
306
412
782
498
259
798
166
470
516
313
464
2
456
75
635
161
686
414
176
444
868
688
865
398
866
874
37
131
169
682
889
55
904
51
915
769
988
147
715
209
160
393
870
49
673
664
485
885
414
474
316
904
101
891
83
591
980
970
692
511
152
664
632
372
251
561
696
374
699
280
551
320
172
56
393
74
243
840
89
764
368
249
730
507
536
810
527
587
923
274
275
706
828
177
464
378
52
482
217
566
581
861
864
382
146
111
943
66
777
274
792
446
929
263
730
810
178
163
11
426
721
965
352
971
149
136
871
757
41
327
671
979
916
520
168
149
43
67
485
524
357
438
878
604
513
927
212
707
706
255
979
229
427
749
186
432
777
785
745
530
301
226
636
357
561
905
228
172
826
595
632
992
329
466
814
376
518
810
566
783
586
652
67
451
388
938
950
251
503
182
253
127
845
815
598
523
677
986
252
686
349
232
483
848
349
274
749
61
525
158
822
909
423
114
911
388
751
783
194
30
919
937
961
701
436
392
736
607
714
603
321
738
496
342
719
338
674
919
257
59
749
665
60
89
566
764
209
931
232
62
562
479
336
208
205
695
666
303
942
516
638
270
74
563
568
321
939
862
709
214
343
62
739
494
58
563
970
519
26
570
125
906
757
323
951
932
714
663
278
594
107
659
417
228
644
220
