1000 300
90
216
295
157
197
161
246
93
273
202
37
88
74
189
181
257
155
31
190
7
122
110
72
99
80
205
26
115
191
68
257
213
72
193
22
70
64
100
176
265
187
124
13
225
269
52
121
92
175
257
111
86
33
160
207
294
128
255
235
214
95
147
258
210
279
67
166
108
166
176
169
229
273
84
42
252
115
184
71
165
114
141
49
101
198
168
11
218
272
263
270
56
281
206
147
286
4
182
205
233
113
229
99
95
211
84
263
34
147
284
98
283
145
46
106
193
28
255
55
132
140
188
178
24
77
214
220
47
120
35
260
107
59
245
292
122
221
173
31
5
105
144
238
45
16
50
128
174
22
94
95
229
146
237
131
217
213
175
74
265
282
168
214
102
10
243
210
158
76
117
53
236
55
0
89
255
183
80
60
268
212
37
182
109
247
270
199
165
93
215
50
119
100
248
106
274
106
229
194
44
0
42
99
183
93
60
280
198
22
128
71
127
188
203
55
132
274
182
199
106
226
146
29
213
88
212
291
17
84
231
295
114
130
248
88
9
126
103
119
95
18
234
167
21
92
254
103
143
35
54
216
254
252
10
121
272
292
294
189
195
9
105
74
247
67
207
47
185
20
58
107
44
125
247
160
5
188
139
2
67
98
87
4
127
24
88
222
213
185
217
96
239
182
22
277
212
287
23
149
254
131
57
41
214
5
264
28
59
211
15
131
293
249
3
256
60
175
92
244
83
144
277
80
133
226
123
88
77
39
183
219
89
107
260
175
236
238
236
45
6
288
241
60
16
116
30
53
88
61
230
122
84
299
83
144
60
45
254
152
97
112
167
225
4
165
156
73
157
10
262
81
100
132
249
111
167
183
152
87
107
272
243
200
65
60
83
172
135
257
72
280
80
276
147
235
61
41
42
222
268
277
42
185
192
118
193
1
114
164
41
261
110
126
22
186
288
110
166
241
210
2
129
222
20
104
49
151
33
125
175
132
117
98
220
36
175
22
264
252
133
163
264
57
193
32
296
282
178
288
132
116
45
227
31
219
214
163
197
124
60
255
296
102
283
249
189
276
196
252
91
81
62
102
258
189
41
30
94
296
137
229
242
15
170
146
272
131
248
283
233
136
165
102
134
68
40
10
184
11
48
136
8
163
125
129
293
123
289
206
289
20
140
99
43
252
109
70
237
133
158
0
207
262
154
216
285
19
182
28
139
90
134
197
299
71
31
197
191
175
57
284
11
292
205
186
263
51
282
122
191
297
172
273
245
103
186
159
158
197
235
153
121
163
113
1
224
287
254
22
241
87
257
190
33
223
34
278
290
43
88
214
36
240
220
181
293
102
222
6
208
161
236
50
247
6
11
274
109
94
77
10
75
71
80
90
240
208
237
13
215
28
253
112
240
49
120
285
230
222
148
121
32
37
187
184
68
28
213
3
217
36
221
166
20
133
153
210
164
207
20
203
262
116
164
166
149
87
146
80
67
212
270
111
153
35
192
188
128
47
33
204
298
260
145
276
134
73
80
121
202
205
59
31
282
148
69
20
271
262
162
4
208
242
86
254
265
44
59
292
2
249
247
269
106
125
221
157
207
157
242
208
203
137
41
31
226
87
54
95
129
283
34
238
298
109
136
1
263
202
186
142
8
113
16
91
294
297
82
294
142
64
90
207
235
205
185
31
99
179
2
151
99
286
120
171
238
28
20
153
146
42
110
84
292
117
174
153
88
106
53
141
108
7
102
223
221
54
135
183
280
2
215
17
17
32
35
44
75
290
100
16
290
110
149
123
289
216
295
207
128
89
245
105
175
137
214
19
256
129
29
260
120
279
22
103
262
286
182
269
274
96
269
26
5
61
99
168
61
198
32
117
293
101
34
2
14
11
136
180
93
112
144
230
218
271
56
181
210
67
71
220
258
70
297
253
57
129
120
34
206
112
233
178
296
207
11
283
178
240
32
54
212
125
13
6
268
40
104
46
74
274
5
106
27
43
258
178
174
271
193
139
46
173
237
19
50
141
104
46
161
15
83
269
258
215
22
172
285
97
44
249
109
188
140
208
48
214
122
45
218
285
251
158
88
141
32
266
120
47
184
214
121
103
117
220
251
209
76
81
101
215
238
208
193
45
228
202
24
286
29
192
241
12
83
164
57
272
101
96
140
95
136
188
292
219
225
136
80
248
146
229
140
119
219
287
89
92
25
50
136
174
39
150
13
196
220
40
13
253
138
254
7
162
10
282
159
77
238
218
269
194
285
206
168
257
138
59
74
8
81
