1000 100
99
59
58
96
66
19
45
40
44
0
99
24
22
40
86
85
69
4
17
84
41
44
43
3
30
87
50
97
74
64
53
23
85
58
46
22
90
11
35
49
34
38
39
82
3
94
66
55
58
80
70
63
47
67
26
91
24
67
3
3
98
10
73
2
25
45
69
49
5
96
6
85
52
14
56
49
71
7
29
31
43
87
14
17
94
92
15
31
36
4
52
71
61
81
32
35
22
38
30
50
58
11
98
94
99
45
99
50
45
10
55
41
35
43
17
26
83
53
87
69
24
15
59
81
42
92
34
12
75
85
95
4
17
14
58
64
68
90
97
41
23
84
69
64
88
74
14
19
52
73
27
39
85
58
13
56
11
89
68
89
54
57
81
10
89
47
19
53
14
76
29
63
91
53
6
91
42
80
57
52
65
85
69
65
77
18
59
72
1
4
33
15
11
75
72
29
71
23
6
51
37
53
23
12
49
4
94
12
95
11
1
8
23
84
64
72
71
27
62
92
96
40
92
79
16
53
65
52
27
38
72
58
99
71
79
36
69
31
72
35
0
87
99
34
0
2
77
39
29
4
91
31
49
73
44
88
11
68
31
92
82
8
49
96
64
80
11
59
76
99
25
21
86
20
37
87
4
6
6
63
10
16
28
37
31
83
25
73
95
60
8
99
50
33
34
38
62
64
28
33
47
45
47
48
99
82
85
22
66
23
24
56
89
73
6
4
89
14
36
8
33
55
16
5
79
81
95
67
81
88
24
3
52
89
33
0
81
87
75
90
49
92
50
70
15
41
62
7
47
51
90
64
88
5
1
89
30
4
2
60
76
78
5
13
97
81
84
81
58
95
7
67
82
36
42
32
88
82
30
63
18
26
90
90
82
64
99
66
71
71
81
91
14
26
32
26
14
70
54
55
64
55
74
16
29
63
20
22
58
23
45
17
52
52
29
5
75
87
25
10
4
34
3
69
36
13
99
71
61
95
7
8
90
55
20
58
67
89
3
67
54
41
81
51
99
77
15
32
76
46
95
93
12
13
83
92
47
67
25
18
52
8
7
37
49
14
16
79
4
91
87
57
34
81
9
22
1
64
20
47
78
79
60
50
34
10
16
30
30
37
80
74
16
12
29
64
75
84
62
62
11
80
31
95
68
97
83
21
17
98
60
55
13
65
79
74
64
43
33
34
87
97
29
10
73
32
3
77
42
90
20
38
85
99
82
62
30
17
51
59
57
19
90
89
34
13
3
29
75
13
83
68
2
76
9
6
42
8
68
88
14
86
65
69
37
50
17
17
36
31
86
76
55
74
34
40
31
92
99
98
67
85
39
63
31
6
22
23
69
16
69
30
11
39
62
47
0
43
13
14
88
11
48
82
59
0
33
7
54
71
85
44
43
8
29
7
18
6
59
6
85
6
62
61
7
39
72
29
69
70
40
46
55
47
73
11
50
30
20
73
80
93
97
5
4
43
94
44
32
78
48
2
83
78
58
12
49
33
82
89
61
7
81
20
72
12
75
11
87
25
24
6
91
74
84
9
77
34
71
13
33
43
26
11
24
67
83
47
8
83
55
95
99
36
77
46
72
58
87
52
67
28
90
84
85
21
18
18
62
90
97
3
62
84
36
59
71
68
67
47
42
54
10
19
27
94
94
61
32
24
17
64
28
45
36
50
8
79
41
93
7
97
42
34
55
33
50
95
38
76
56
34
98
16
27
61
47
54
19
72
57
83
37
97
58
52
21
86
12
6
29
89
4
60
66
69
82
68
13
15
73
56
52
0
31
84
73
7
74
16
82
28
73
1
87
5
42
28
53
13
40
63
80
67
18
59
0
40
11
44
23
10
66
37
72
77
47
77
60
5
32
37
92
13
64
34
18
59
31
5
10
18
32
44
34
39
30
41
53
13
1
44
20
38
75
28
42
22
80
96
17
73
56
81
16
66
17
37
42
80
29
54
91
8
61
16
15
37
16
28
45
64
13
56
13
25
81
62
5
34
82
43
0
28
36
91
65
29
0
8
26
3
15
91
92
84
89
93
93
98
43
60
62
90
51
80
27
85
73
69
59
91
45
43
17
35
73
90
21
13
69
54
96
59
88
4
6
40
50
32
76
89
95
50
39
41
24
51
74
71
48
63
25
11
48
16
84
95
69
6
73
96
88
77
75
89
27
14
51
95
63
56
29
43
19
78
64
78
42
94
51
44
44
63
28
49
30
50
99
42
37
23
92
40
87
95
40
78
91
50
17
38
58
99
15
29
1
98
14
53
