300 300
72
122
155
257
141
49
106
290
60
10
199
273
202
241
246
64
188
69
192
274
83
18
45
172
19
227
33
198
225
66
182
83
294
47
166
178
91
237
66
267
158
205
218
120
130
92
53
125
49
260
23
106
267
192
245
105
40
205
92
63
197
100
43
36
257
145
172
175
185
221
258
149
198
43
297
28
4
17
99
247
149
16
121
220
277
165
0
66
168
278
204
66
78
144
38
22
271
170
271
88
32
168
271
138
140
17
72
73
117
7
87
114
59
297
123
26
43
164
52
256
32
216
293
64
265
179
193
92
127
241
263
124
273
15
146
252
79
299
290
172
149
14
72
65
125
177
144
154
77
137
111
218
58
266
190
213
69
149
124
80
127
34
250
261
128
69
53
68
15
27
51
188
260
34
85
32
281
127
65
249
111
236
216
275
234
21
70
48
193
220
47
227
87
151
111
24
119
162
34
56
4
263
133
96
160
269
118
68
142
268
102
133
209
163
72
40
137
73
59
49
191
235
50
92
211
263
257
145
72
97
133
273
76
134
80
238
55
158
198
32
67
199
240
150
153
100
259
8
249
135
215
272
197
132
56
231
250
27
54
86
192
162
289
40
231
240
178
136
159
186
223
268
202
108
52
82
109
209
218
218
35
241
287
259
32
139
145
56
224
81
224
144
113
215
11
98
216
142
199
100
