300 100
73
79
38
18
25
37
58
78
41
42
27
20
16
52
15
75
53
39
76
91
42
40
78
59
66
80
48
60
65
29
97
32
16
13
93
46
70
19
50
15
51
87
53
0
83
97
66
12
38
67
64
24
30
76
68
18
58
65
3
5
0
63
61
39
28
74
32
20
26
27
58
85
85
11
42
17
88
33
36
74
45
4
90
89
89
32
61
24
19
1
3
72
80
42
8
58
42
64
73
51
22
68
0
33
50
73
64
53
13
26
6
50
12
76
31
49
13
82
88
34
4
45
94
15
58
16
93
91
72
17
28
6
38
77
14
50
40
45
63
44
73
83
87
76
39
84
8
39
29
84
73
10
74
75
35
81
41
95
58
50
55
24
90
72
45
62
77
11
59
70
20
88
36
26
21
1
96
94
33
99
96
85
7
5
92
14
23
74
69
83
3
90
28
80
32
53
71
64
48
35
81
38
37
66
65
82
11
72
58
47
75
26
30
45
62
97
35
71
43
40
21
37
70
57
22
55
41
88
87
49
44
64
22
89
50
92
90
6
68
57
68
96
53
61
59
87
21
24
38
4
41
79
50
47
62
73
85
98
72
93
17
17
31
80
50
49
64
89
0
27
95
78
19
62
52
87
91
74
39
66
56
14
24
86
37
45
79
31
32
53
28
29
81
45
46
32
9
76
19
86
