5
-178 -100
-822 191
192 -907
-472 -721
565 -784
10
-324 373
32 135
-868 -630
-936 139
-716 326
-840 244
-68 245
-472 387
-156 -719
112 -385
15
289 -12102
-375 346
350 -11979
105 -464
-450 -13379
-539 594
-443 585
-539 -13512
-443 14669
-358 15400
289 -816
-434 14750
-298 225
485 -11694
252 -743
7
70 -467
-140 -467
700 -73
70 -664
700 124
-140 -664
-140 -270
19
637 -585
646 -585
610 -500
655 -670
610 -330
655 -755
610 -670
655 -585
637 -415
628 -670
601 -330
601 -245
592 -330
592 -415
592 -670
646 -415
637 -330
628 -415
646 -500
43
357 468
-141 453
-141 438
-58 444
440 462
523 453
-224 459
108 462
25 459
274 456
191 450
108 459
440 447
523 471
274 471
-141 462
25 444
-307 453
440 450
523 465
357 465
606 462
25 456
274 468
523 456
-58 465
440 453
191 459
606 450
108 465
274 447
440 444
25 441
-58 456
191 465
-58 468
191 453
-58 450
523 468
-307 438
-307 447
274 450
357 447
0
