5
658 791
-287 -394
186 184
882 -6302
414 150
7
-955 -1968
-810 91
-136 -3480
950 -4254
-935 -284
-341 910
-513 667
10
685 -904
695 514
673 942
924 -398
751 308
954 -263
751 -25001
882 552
695 -25207
871 -146
13
-632 -852
-991 718
-356 -4815
-417 -594
431 665
-43 -220
-346 116
-301 -899
-822 -972
-471 366
739 1109
-781 638
-382 -524
16
-759 -4383
400 -621
451 -853
-560 63
306 -454
448 -716
-447 -975
420 -619
111 -4599
179 -4599
649 -937
-857 821
450 -865
-943 -927
-110 -621
-884 1620
18
622 548
868 508
-814 1030
-936 2928
-305 77
-278 562
752 -42
135 318
707 3567
-864 -45
733 -4
194 -921
248 3600
-833 971
751 615
621 945
415 427
459 -213
21
887 -7886896
-888 -179
814 -53
-469 -123
-743 436
-536 -1162
-992 -1877
159 624
-834 -52
-953 -7886426
-459 603
577 -969
-237 -7886609
-876 -172
19 481
-657 501
479 525
-88 -719
887 780
-237 493
-837 -152
24
858 38
674 188
445 545
594 -502
-470 -27
-431 856
513 -502
842 62
-470 -71082
-924 -71078
143 -340
633 200
474 200
-46 -389
-298 -27
-254 -375
87 20
290 -388
817 -388
156 -71078
265 62
156 -31
202 -208
-660 -995
27
500 -681
495 -26
-275 -918
-406 -48
430 -2482
354 -728
402 -2468
255 -2384
-578 -718
-557 -1166
-578 -998
690 554
200 447
-789 327
402 752
31 500
255 668
332 -522
31 -2216
-557 -550
89 -784
561 -236
-51 378
698 -401
527 -674
430 766
735 -399
30
-637 -8
177 -4724
883 2687
671 -294
411 13785
786 2658
-713 850
-317 -1034
489 12
100 -4810
-132 -760
-486 881
947 -595
-140 -1018
344 -1031
406 308
-618 903
927 -675
292 -656
-330 -1036
-260 265
-566 558
-759 -5517
975 715
965 -784
-677 472
470 313
-625 802
-134 -889
274 -695
7
675 530
623 462
649 496
649 530
649 394
571 496
675 462
10
-136 309
110 309
110 483
479 309
-13 396
233 570
-13 309
233 222
-13 570
-13 657
14
40 -305
-70 -157
-125 -601
-125 -897
40 -9
-290 -157
-15 -601
-180 -749
-235 -305
-235 -749
-125 -9
-70 -9
-290 -897
-15 -897
24
-20 -770
-20 -238
16 -694
16 -542
-26 -466
4 -466
-2 -314
-8 -238
-32 -238
10 -390
-32 -694
-20 -390
-26 -238
-2 -390
10 -542
-26 -162
-14 -314
4 -390
-14 -618
-32 -162
-20 -618
16 -162
-8 -694
16 -466
30
83 -974
-145 -899
-31 -944
-259 -929
-145 -944
7 -914
7 -869
7 -839
45 -854
7 -854
-183 -839
-107 -914
-69 -959
-69 -869
-259 -869
-31 -869
-259 -914
-259 -959
-221 -974
-221 -929
-183 -944
-107 -899
-183 -974
-69 -974
-259 -839
7 -884
-31 -929
45 -869
-183 -854
-107 -959
43
-286 -648
-288 -648
-284 -444
-276 -376
-266 -36
-266 -580
-286 -104
-278 -240
-272 -240
-280 -36
-282 -444
-284 -376
-274 -308
-280 -104
-270 -36
-274 -172
-282 -512
-274 -648
-288 -376
-286 -240
-272 -36
-268 -36
-276 -444
-284 -172
-280 -240
-272 -104
-272 -580
-282 -716
-288 -104
-276 -784
-276 -580
-284 -580
-270 -240
-274 -784
-280 -648
-268 -444
-286 -444
-268 -784
-280 -580
-272 -308
-268 -376
-280 -716
-282 -172
50
-11 627
-555 459
-215 723
-487 627
125 699
-215 699
-555 507
-283 483
-215 747
-419 675
125 507
-351 555
-487 579
-351 627
-351 723
-147 627
261 675
-351 747
193 627
57 579
-215 531
57 603
125 747
-215 483
125 603
-283 603
-555 747
-11 531
57 459
261 459
-419 555
-79 747
57 675
-351 459
-79 507
193 651
-215 579
-79 555
261 507
-487 531
-555 651
-419 723
-147 507
-147 651
-487 483
-215 675
-11 483
261 531
-555 627
-419 459
67
-603 672
81 567
24 642
-603 597
24 672
138 747
195 612
-318 672
-603 747
-489 672
-603 612
-147 612
24 612
-261 747
-432 642
-147 552
-33 597
195 702
-375 567
-204 687
-546 642
-603 582
-375 552
-318 642
-147 597
-546 687
-261 567
-546 627
-489 597
81 732
-603 762
-33 657
24 657
-432 597
-261 582
-204 672
-375 702
-375 762
-489 627
-90 567
-33 762
-489 552
-603 702
81 642
24 732
81 672
-261 627
-33 642
-546 702
-90 657
24 552
-546 657
-204 747
-147 762
-489 612
-261 687
195 762
-546 552
-432 717
-204 717
-489 747
138 672
-204 612
-33 567
-546 747
-204 642
-261 732
76
58 -860
58 -855
116 -865
-116 -866
174 -854
319 -857
87 -854
203 -853
116 -855
0 -856
-29 -856
0 -861
116 -863
-116 -856
58 -865
145 -851
232 -853
203 -859
-29 -862
290 -860
29 -861
58 -858
203 -861
-58 -855
87 -859
-58 -864
58 -866
-116 -858
174 -864
-29 -860
-58 -852
319 -856
-58 -856
-29 -858
145 -862
290 -852
290 -851
58 -863
261 -861
-87 -856
0 -863
261 -852
-29 -865
203 -851
319 -851
87 -858
87 -864
58 -851
-58 -860
145 -861
0 -864
58 -861
-116 -864
87 -865
319 -866
319 -858
174 -862
261 -858
232 -866
203 -863
58 -853
261 -864
116 -853
261 -855
261 -856
174 -858
319 -853
261 -862
174 -856
290 -866
-116 -852
-116 -853
-87 -854
290 -857
87 -851
319 -854
97
-76 786
-492 771
-76 747
-492 762
-648 741
-700 768
-804 762
-648 756
-648 777
-596 768
-232 789
-336 753
-752 786
-232 747
-388 747
-648 786
-284 759
-284 768
-492 747
-388 744
-752 753
-388 771
-804 759
-76 768
-180 789
-908 750
-752 789
-960 780
-76 750
-596 756
-440 789
-700 789
-492 738
-752 768
-544 786
-440 753
-284 765
-492 753
-284 780
-336 762
-804 750
-180 786
-908 768
-232 780
-596 780
-544 741
-180 762
-804 738
-76 738
-960 750
-596 759
-284 741
-856 783
-388 741
-908 783
-908 756
-960 753
-544 789
-752 756
-960 786
-492 759
-804 768
-752 783
-596 744
-908 771
-76 756
-180 744
-544 753
-284 753
-908 753
-544 738
-232 783
-440 774
-804 744
-492 768
-336 774
-700 774
-700 765
-544 744
-180 777
-492 774
-856 774
-700 750
-76 744
-128 774
-544 768
-232 756
-128 780
-492 756
-960 771
-648 759
-908 762
-440 744
-388 780
-128 741
-908 741
-856 786
0
