5
530 914
822 470
860 40
753 -293
-790 891
7
-20 -3949
984 -325
-473 -619
-49 668
-66 666
654 -474
-477 473
10
970 598
-387 -164
713 387
355 -321
-393 -1647
495 -991
450 209
-869 -177
-14 -34
-261 -124
12
-93 109
803 -418
156 -844
441 -358
693 -638
746 -602
806 -482
-52 -985
-654 -976
-904 -776
-682 299
-365 36
15
121 735
95 -937
356 814
491 76
755 -236
486 659
168 735
-738 826
63 -417
329 -828
908 -312
961 259
-619 -312
-26 -1183
-197 659
17
712 83
-911 -1321
-228 471
809 105
128 115
-385 -269
-288 333
-578 338
352 925
-230 470
-385 -504
-717 996
-723 -1180
-666 115
-622 -866
-481 -937
-612 724
20
587 -2112
436 -451
-898 1596
-952 1641
729 -647
984 878
504 -711
742 650
-401 -4420
-700 -14634
-700 394
-458 -453
-346 -13353
412 -7668
436 -2870
343 -3149
-124 -715
-346 -887
-356 -4366
676 -910
7
-194 733
-227 629
-227 681
-205 681
-227 733
-216 629
-194 577
10
-106 -88
-40 90
-139 802
-139 -88
-40 -88
-73 446
-73 -88
-139 90
-40 268
-172 268
19
-574 852
-604 598
-544 471
-604 90
-514 344
-634 725
-604 -37
-574 725
-544 598
-664 90
-664 598
-484 852
-604 344
-664 217
-514 471
-544 852
-574 598
-574 344
-484 217
24
-689 290
-627 286
-720 292
-782 292
-534 290
-658 276
-751 276
-751 278
-658 286
-689 278
-751 282
-596 288
-720 280
-782 286
-720 278
-565 290
-751 284
-720 284
-627 288
-689 282
-596 282
-565 276
-534 284
-534 292
36
-208 -330
-208 -591
-96 -475
-180 -388
-124 -562
16 -301
16 -504
-40 -591
44 -330
-208 -359
-68 -330
-12 -504
44 -446
44 -562
-12 -446
-68 -417
-12 -301
-180 -359
-96 -562
16 -388
-124 -504
-180 -591
-208 -562
-152 -388
-208 -446
44 -475
-40 -475
-236 -591
-236 -475
-68 -388
-12 -533
-236 -446
-180 -475
-208 -504
-152 -504
-40 -388
43
-439 -565
-83 -535
-172 -580
-706 -430
-261 -580
-973 -565
-617 -415
-973 -415
-973 -505
-884 -460
-795 -505
-172 -535
-528 -415
-795 -460
-439 -580
-884 -550
-350 -460
-172 -415
6 -505
-795 -565
-884 -520
-706 -475
-261 -475
-617 -430
-528 -550
-439 -445
6 -445
-706 -490
-973 -445
-973 -535
6 -565
-884 -535
-261 -565
6 -550
-83 -490
-528 -475
-350 -520
-617 -580
-528 -430
-528 -520
-261 -430
-439 -535
-795 -415
58
-457 230
-250 -211
-457 -337
-342 -463
-434 41
-480 -148
-434 -337
-365 -337
-411 230
-273 -337
-342 230
-319 -148
-204 104
-388 -274
-457 167
-411 -337
-319 167
-457 -400
-411 104
-273 167
-296 -22
-250 -400
-388 -400
-204 -337
-227 -85
-342 -211
-388 -463
-480 -85
-457 -526
-250 41
-250 -463
-250 -589
-342 -337
-388 167
-204 230
-434 -589
-480 -337
-365 -274
-319 -211
-411 -85
-296 -589
-342 167
-319 -337
-250 -274
-365 -148
-227 -274
-227 41
-434 -85
-181 230
-480 167
-434 -400
-434 167
-204 -274
-342 -589
-342 41
-273 -274
-342 -274
-342 -22
0
