500
336
294
675
279
25
639
855
832
680
983
345
630
780
295
381
954
271
464
193
257
909
444
71
314
836
352
412
645
535
324
956
381
156
583
508
838
377
966
993
590
719
76
607
560
611
352
777
842
197
912
29
463
747
275
894
609
380
277
740
519
127
871
675
754
547
499
381
404
838
761
550
249
150
101
75
638
698
648
755
482
359
433
992
733
511
590
423
922
716
663
417
68
32
308
42
192
84
295
272
79
350
246
592
898
675
60
108
259
516
693
553
295
868
134
88
968
405
945
97
130
336
146
761
209
498
459
48
827
369
0
279
902
494
169
677
830
142
815
285
257
493
504
4
45
315
924
345
578
392
533
480
856
208
639
779
971
327
620
7
78
282
108
609
472
274
769
541
793
769
888
151
855
953
770
17
872
599
651
998
215
58
431
427
172
403
119
70
153
303
18
889
381
691
355
0
275
25
812
788
699
476
17
179
822
537
923
537
110
871
499
142
881
78
843
227
756
462
246
665
440
589
514
370
684
840
427
793
628
641
828
167
681
881
20
107
92
696
909
600
323
0
931
388
257
889
373
499
999
662
903
435
610
914
359
437
514
926
86
606
656
400
634
414
855
970
476
267
244
589
268
212
203
540
867
281
331
261
810
405
301
367
568
8
954
301
881
803
781
360
512
472
694
36
856
695
768
0
956
995
921
353
724
533
291
254
240
56
572
382
500
457
511
482
744
547
944
409
843
357
40
505
349
748
1
760
692
648
948
138
77
834
481
557
576
993
135
633
410
764
944
808
443
612
986
313
244
840
580
580
184
169
964
33
60
185
80
0
783
561
25
395
262
162
341
990
212
392
480
465
390
675
22
242
608
70
946
285
487
463
895
995
630
303
960
73
472
579
444
258
652
854
670
858
389
88
60
487
147
971
201
0
51
855
195
879
276
644
649
86
389
624
175
816
984
445
577
37
202
592
335
109
795
818
156
660
0
875
912
212
354
533
777
576
508
273
303
746
367
606
984
739
824
598
42
423
497
518
214
933
889
767
281
327
774
856
221
919
242
244
985
953
552
106
783
344
393
842
113
485
136
549
249
204
361
984
415
534
959
138
531
583
91
811
608
423
499
864
634
179
482
925
788
68
144
966
346
20
192
250
553
