10000
48616766
98013877
0
95126546
91865035
124357096
30285950
84033724
0
74956855
99868301
13473711
47335990
24016771
149868426
38641365
54576764
128321552
329726
141704546
71703131
14514020
37139992
88149132
0
144049538
40585456
80235655
20654611
42056409
42062705
147885392
9780212
23976792
77948016
27699205
59454697
44914524
78410716
51097046
111956839
58597203
56811155
74923234
134801309
5607237
40831380
147001697
142483520
120522072
14468232
132425332
27450308
0
131692468
44684165
106764541
0
26106873
121789338
13404674
0
15994625
21657856
103587051
87573095
41014868
63117154
10013459
3787562
57556044
144439913
0
9701907
140046525
38058290
45687404
131798733
58698874
148027518
1511712
92648190
138134033
81316069
120824136
8740557
97450465
149959542
70012168
94507412
113934658
207937
105208766
0
0
67833330
0
105490498
21201044
74045974
90675304
20165490
78608465
27537771
72683956
750407
12083318
15666990
84901987
147695272
114433301
19504769
83348325
135297552
54038442
124095834
78679488
33845844
47100430
83080360
131607884
33698121
35676691
81850071
145860055
130056500
59587783
91864941
125944284
0
20793065
30962090
120152603
104791288
72825543
21100571
37294333
105850870
35579950
0
91450639
110894289
99684959
94902339
76390889
98332156
31455159
66852490
89794842
0
35772484
28133481
39411014
19093389
97405546
4985342
88646362
79400569
85365218
133217145
80552591
52607336
71496761
146055780
140504365
143142295
92541448
144118886
6121237
20366664
2530974
61920185
7444888
26228830
127946163
8844633
148249891
135925534
456788
0
129013209
74999659
80727141
118935082
41915351
71299712
134254843
121141425
0
23771814
67127381
90106073
12767245
79084330
129666151
99006181
103112015
96358978
105340533
0
76012169
136521640
119201041
11898412
0
95165929
146223698
18306218
127392066
21548636
67929360
111252750
75025732
57470491
93460562
8344518
146321092
118600826
124088016
52716643
108617201
29294230
0
55735694
149814778
36966145
9994960
14711995
64495839
81559013
62335929
79956370
126716080
17162336
147386205
19953063
48869768
45806584
71257954
32429093
64241420
5539209
97483356
102758699
34551695
89669481
125031522
95211347
17103227
53935849
100184014
107270487
104934290
69379632
36534406
66241394
19100979
30156446
139394288
99792819
82099211
141432201
148995106
60752271
136587099
19378030
113455160
40865372
124306041
11634837
53289399
134931646
0
133657951
10816870
863458
112141855
0
99594131
121448185
20353103
74605187
110616721
35232334
50166850
145755544
86563771
122699200
5450878
112911110
102967496
125289113
34120120
143145380
144404449
5579575
124090173
16462553
86121185
61239774
43113381
106590441
134453605
0
95032989
19452752
57602295
21767431
145203741
60729167
0
132505647
122408208
85244924
88561782
142125576
104554811
0
72994048
110963497
136508828
0
126728107
80706025
126159421
38609394
8087419
25247228
130163249
53732064
74801138
117265667
115940108
105396632
0
147675437
81069885
58436948
50209960
21206714
21239290
31258440
60597318
40882690
115376540
66486330
64248356
122124719
49855570
22559223
47138503
43178409
487614
95336786
25358056
107154606
47459632
45967814
0
55342006
133089934
42512166
98030996
6956353
84574818
0
66708015
61613691
58704784
48687413
110656614
105706431
7990472
104139458
71872074
0
132400745
140680257
113083991
102637833
34054684
42930268
29007691
32270387
31601894
133034577
12138433
10635466
49721867
124572181
15362688
0
148180884
123878996
34289945
11108792
105471778
35830480
102882728
49996677
5848971
96343810
149579184
22658594
122993827
142753637
139618693
28619572
109152050
0
79175032
105231077
118709858
143419276
52227678
9420360
0
15743197
4083787
63793068
29913731
39924595
87323426
44826378
96930669
113756855
11460446
15714965
121410489
53918043
99446374
95211196
14562788
43230182
30328401
29437664
58820446
95227749
7216829
93245702
19487645
71157576
145380066
97238445
0
36460722
0
20069514
108322829
118209274
143265076
56124927
91641268
14787595
135107670
0
38045175
125260845
140986670
137041380
145533089
74623106
109452554
30931867
0
32375962
57203543
80062136
0
23400716
4171573
88368283
94273144
148734016
127401405
135406851
17049485
0
15774954
70354361
145745385
42679722
0
32970695
38467791
28169921
51865888
90020910
81424485
98683367
128652501
0
105190032
28860801
36524925
74412946
41621353
69923131
98054738
105976746
51169652
91658387
0
3504745
0
0
117267900
78408754
84066409
95870507
0
133643105
39658912
52667016
125456972
144674900
51040924
144809920
79670438
0
42957635
111022500
44847580
146726912
39211199
77385308
114871571
146497102
76794661
87867236
115365073
40783066
59014900
63418592
23725710
58005712
97992175
45511617
86257041
122094065
0
147385545
8845097
140452480
115172793
109125715
124110967
33014575
124036998
10176007
28147503
24924486
105831938
17374646
115672916
114700302
32034468
96699614
130408693
21101399
51212748
0
104084941
0
135294347
107911255
135539483
112085183
115662749
56178297
88639449
36776404
101023316
101132885
0
9309654
132653629
90452253
131012244
77220545
0
135992231
0
21479369
103750671
137530723
0
16573228
0
54210866
22023495
51125110
59717305
131257842
149445480
130172436
91874019
26637046
88832596
90552615
17795957
3354538
20286473
145254337
110353450
110425423
120090187
44222377
145489543
57255902
100058132
122970541
65873115
129447018
16033421
73700854
9746704
12855676
65354115
106606292
131947395
39874991
21031325
73477223
131680156
0
92190604
52518158
72675045
149478713
88726322
0
34881566
54487457
129305694
40797657
113775619
26827126
16496691
59889534
63392135
131615208
143207960
3809003
117918087
49279850
53556758
128433730
85706776
126209093
103776846
0
10012942
12488920
98731098
0
71158427
140316462
0
142262598
7479618
9945276
50260581
0
11365822
74623618
100861548
119961912
100149186
92625775
61392965
131560968
145187505
33601009
132163740
75976408
135496395
12085635
23259023
14398875
98113727
102594449
95096052
120653365
121105218
84596154
107562124
0
58128655
131689816
89261599
80301753
68436100
5528282
86158486
34328813
64365660
6351037
58126220
127383751
138706062
67213108
149301233
105813683
10568449
23917243
22898259
48953922
131434523
120030067
145328393
0
38636349
138885545
50652559
82443088
79023413
46508571
0
120563701
114126861
69856024
129801771
21634992
19309190
70439849
82547037
131945351
5522708
120155178
148082067
15295792
23620240
85365946
145452108
86423205
85192852
63745525
71033534
139400352
98293766
76670432
99952358
0
149164405
93854572
13794608
54025275
97197105
91741596
98987495
117175605
129612360
94926701
33061272
60794442
27813881
0
6235149
94157350
2585990
37258919
110653140
47330326
119217509
11322821
102658922
88507034
0
41768139
2879360
93400673
114896217
39284479
45769926
55149730
98482893
0
7089500
53223640
70279263
83569596
45797261
85441612
82834890
94002409
98480580
63110822
96412640
0
80969382
52393861
83626126
4301271
8537394
87975847
89932533
96077429
126650588
116433589
0
67260394
45436043
143574882
136960300
8244069
41934761
97523131
128737101
84455649
146085118
52578030
121052658
0
40785420
19450255
0
64688998
27982375
100223115
50113739
138391308
42709119
87838378
382394
126897432
65133235
5713006
18483936
140492674
39627208
14481676
93535254
47008241
132487813
122678614
40532558
69295550
50312099
104552880
120251055
40520939
35428710
49664059
103841209
140809433
0
13913217
139444891
50290627
134568538
6585009
25751333
97344359
133358523
56701691
114670987
75275239
50937752
89197322
39396323
34002661
17273458
84991646
145413243
139623723
55912259
117343905
980937
13384924
39576512
62434247
67614547
2307255
78029839
147505008
83331957
139790718
137399893
120005135
26301452
148505233
72556102
49591221
79654616
144862768
91453443
141978446
31739876
52089531
68756499
9528957
46818765
17008508
38015748
69328909
10969714
132023668
121784969
60021540
117984794
29566926
131330549
127468271
0
108899731
22229967
119063541
100932011
135696847
56901018
64594408
61785665
131667300
132302142
2093878
91814482
74007309
40839342
13175478
40261905
118168414
56534044
67674074
98161007
92041866
147647150
94353872
5530608
47065771
65580589
12950024
0
69522906
28519460
73435946
37952350
65151614
3171093
103445511
108695722
149005572
63353993
90567476
32435643
45845073
118142592
77460828
115861950
8210142
12141329
0
116217405
34070911
70192256
121243806
144639341
53410758
74615741
66760894
50351922
35250390
46699382
76509204
90195659
18435468
55081535
44639018
52026220
95314318
52256435
126105275
48650220
135752640
94614320
117123150
111222334
13763655
25745786
109420104
23688374
30498382
113692591
131374530
0
46684359
124024271
75919930
0
124742509
147346311
50544514
98359546
128885620
119384139
89227588
51931155
106918310
0
112720971
1352190
0
106629735
0
0
97748730
62899318
51156602
10995517
1644845
44901389
142349247
0
101512620
22596012
28830287
50637359
37902824
132765589
0
16456079
22683348
60968123
108757371
14861402
124418280
98037925
123400988
100406070
24820568
140720192
115728147
142958567
0
100653461
17280671
36242728
131520475
64619739
63956301
13547228
11743247
31242546
93473161
96591141
0
41238611
97341358
116198962
44053832
12751625
116555034
59539183
124945044
48643251
47124179
16078560
67644563
97823406
117975025
106238977
41510677
130050749
37071008
0
53915521
141833208
9282000
2572736
39980698
44409502
9505102
147757402
41352163
94187542
89990576
128389122
64028093
20162056
136331851
70581321
60262194
26702405
12676215
49145753
92664903
119023991
36207947
146958781
36224202
120154635
138948694
110697029
115031241
130069901
15181832
138947240
86259974
128620939
67872078
126009914
148630664
64423365
63488729
44935973
138892501
66271050
82463390
0
48867326
86850412
105119687
46579720
134645427
85683952
90177505
13322115
104786367
144471648
0
95266367
41823191
22371232
93296746
61582178
11658198
39335285
91867647
80455860
121645240
8460597
2741145
129584684
0
94456095
76406811
130724329
116198917
44805163
40379286
54665965
129126519
29400164
0
0
54934260
119900476
67305395
98224415
42267259
14183904
111128138
69387973
103652303
15743607
2807331
82815528
0
81365754
114229115
148737184
74146092
26626348
90975107
81379911
52168741
99966351
134459122
45532124
41593131
55749586
83295721
148815295
38660044
40637614
103617339
3381065
125553609
20491184
4672842
63550219
88536871
0
92085336
21751106
129168417
133583217
0
148629246
88259355
125023702
73366695
74050715
129627213
44561271
141274559
98485632
148015972
104435810
47347483
130851803
73742072
0
63922193
40304811
2964206
19418371
35439573
132895396
72912577
58323981
0
50953459
125217018
22417369
31272848
0
59180628
148815585
43536655
20558178
78706401
118483863
41712022
46039815
91172478
64155300
58127348
146329043
47770180
73409670
103675580
0
54929207
0
95078136
121763531
120341319
23448913
94116528
83515801
49928395
46534503
5394552
66242876
44024052
112242788
64542818
28862071
15168328
65903339
37424559
105443138
82817287
89850906
75820926
0
33450736
6520812
95287400
95334029
20968572
81216038
2043301
0
71943806
140453638
95713308
53569276
38815928
120702590
48422104
0
118742
104307536
103248465
96958179
23892555
137832792
44271042
63396002
103399318
67662108
102958682
26576500
28758979
52150999
98167455
99583268
4014683
25215309
106306188
111890887
149856171
0
0
58573088
137887791
19896221
104222924
25314630
62985589
101199605
138238533
124975499
136782266
449739
58764172
49437634
101685451
72625124
89544856
0
18586582
84679380
6344058
124576853
63170232
2088072
5774082
0
34722856
87049502
59025165
0
134737455
132398352
119095335
35300068
111751786
87727283
67563136
33626360
41760891
0
44842015
59746410
57912933
142664013
145934941
71456579
70726203
95294550
84504593
68692094
108030173
63107828
146744804
0
54356950
0
0
47275534
140093943
141095196
113048109
99560514
86440043
102196817
121911670
30560381
28314908
88661524
0
0
126326330
66636837
65313235
19534813
121602759
122436786
0
136312571
94623531
37688695
133902036
108479070
107724663
28410093
111561292
10642798
73498838
105029957
38488453
75421230
104603127
64761691
49738880
138652998
59069365
78807959
25358649
97190072
26452232
17335967
65599815
36095332
54253901
0
128588513
0
133579706
125879349
0
123464980
0
81333674
124942768
86897762
90678844
39332917
131664735
89196848
0
44381428
118661097
62952837
51664939
132629180
98630490
117348470
75737047
12553198
81594305
55483933
118459280
145116726
23179397
123882094
0
112678258
116514487
0
88496186
44608213
30233626
63446053
137817199
0
59536919
136988279
138004498
141602445
0
0
102237024
102333781
23857399
0
77274182
47174289
41725844
113737523
13455187
58671307
11343099
143469911
101201589
104888808
66201665
48616671
0
113483767
78322415
35166838
49043357
128299695
67022046
60466018
147634724
3188796
105899473
47549020
43624232
7529512
51493693
45493853
84807984
67790805
39936487
112533087
143592983
132741500
113606982
107455718
8245135
24022549
53012592
17361991
97012582
9538617
115532221
149960472
85651602
146469458
87819315
0
123561754
102405272
25412479
92469613
136776206
102304456
131000404
23782277
108726440
65282977
110993774
72358571
69501842
82535099
32588415
86510223
122679228
30215838
62407881
89247817
11948978
126478698
0
50358196
70194283
144680966
147015138
83423063
108574878
82035863
23246724
107695854
144209845
34869424
149595295
51869349
31860811
0
128514195
61927138
109415327
56591392
0
10845539
119032252
124938958
149065320
40831011
146799819
64555311
118893106
63563749
15922638
11774737
102004674
107451772
58069257
70009044
42003431
0
46343459
94516212
33974330
0
71345667
6623572
22377698
98037247
0
34001649
34286420
48147780
119737369
25966948
73508427
56135335
33432335
0
94103520
2148557
110798500
90383144
130499218
358873
31570302
97929010
92868785
0
95243063
49838850
41544826
143886650
2919141
137989471
110959969
104201729
81539653
36950714
30645424
42356839
8602553
16892824
117698120
47688807
94229575
16462906
92066095
45135901
100916120
102769350
144460067
40343901
59942513
53813819
51152168
85508813
146618198
12052944
73826770
6519196
0
24978067
106366073
5416670
137973502
79344954
50647850
138411188
76833258
136566809
21641923
135805479
82690441
121765632
85024045
99128312
149539591
88101119
84492849
0
111859423
78678464
51063074
82919434
126932063
47182665
99052538
76009306
88398861
119649307
45893300
28686003
25644671
90021196
86242398
124020986
20711156
92392080
33678681
62414303
102809334
83532650
66753920
66869872
81933640
58695391
93436719
109067147
91534484
20065728
44682708
82266440
0
30327338
11567715
0
121595582
56936950
60678885
130022498
88129779
97188091
59754999
97739860
86167189
111946028
123105264
69822862
0
7716518
91513590
31090156
67742964
55988597
99656685
29911043
85107790
6635082
0
17989049
58058173
116285937
82263365
99627065
132071781
30419529
61017431
119963565
72366358
61380096
84726225
106335717
84396405
50385463
71519360
74117998
101185316
78396935
17283904
90578079
145768438
130129611
88362193
0
34303754
56804923
120343509
13363980
91589383
42761793
0
123789119
23719284
49995836
19992786
18746922
79517455
50140182
6042376
145795169
0
127064103
133616678
104493022
14220593
94498678
39283352
64701131
68094530
35230965
73171680
96418924
87152169
133498576
10566771
4278818
85912397
0
110264804
120556291
10411023
0
115448190
62275763
31251235
60491485
19612937
65361010
77510224
114331126
63240332
19742039
4453692
146800033
0
106280330
53503784
138096572
110917736
5611614
114389077
137207725
49774765
135516981
0
99279210
0
3145799
71437068
42805244
27740245
30298096
120105379
88894124
43535381
847725
0
74600599
112263802
0
133556996
92425492
4759759
0
73690133
110058187
52043664
102147135
113108711
81901703
121923073
138916859
124349575
143302533
85679635
17627062
141973972
43449619
57748717
82694894
0
54584501
1703399
129021148
58436806
0
49566215
40626109
3008729
132288377
70747186
147950748
91770862
92873986
33085702
0
47680747
70321800
101500964
126695728
24897741
43663841
58180675
142599373
32348476
80835620
95728361
6556662
97817656
21337365
0
29347545
44183203
87088402
5221234
146723153
0
0
10043945
91417081
146872118
79690707
138291758
130416797
115110297
41240347
126504757
65458919
68058263
44765038
34001735
32844802
22591644
102237718
90678752
37783296
76146787
949358
55855757
67705564
27420011
48118827
66878879
0
67823887
83937127
131295378
118585333
136316421
29919806
62179000
142461321
47420266
107583244
51587142
25098799
35517440
58393224
114922142
96436108
98335664
27505577
13771734
0
4725382
80512715
122792641
75909700
85675611
49997465
7386202
0
45418820
145896690
114330986
60873638
103230826
0
51000140
59349108
19538276
120204273
0
108315389
56743346
14582691
8718638
134145899
90123205
0
80617675
141258468
68922691
83670143
144102130
24501079
110366314
26642179
124898118
62667691
44110067
57893717
119694798
89530687
57746621
47462145
3738291
129454957
149460494
82528234
147971794
0
36383817
102814096
3487676
117364067
37876590
8155620
28498034
133537371
62583942
48312726
108013938
90254768
111885825
65055542
111501237
98714654
97192640
16707064
4377539
73290408
8112838
147538666
117635726
103652063
0
81539333
31564606
106339624
149939574
34418237
67305611
94589848
71583928
111072276
108249403
147717082
119006172
36736623
32418155
0
148046663
20269460
131192304
50956081
81142037
45790338
98205322
63153877
27206418
58261860
7075981
126018662
4345511
134996644
11412431
0
0
67857654
116416569
13279743
7358451
73484863
39903212
146720477
68942963
124387216
124059951
75599821
0
0
96404682
26512281
91906437
28513823
131816462
60723169
25696829
113398184
0
144994197
0
35389345
111284185
146701196
92994565
40340937
10133934
78977482
125456318
144339226
109365859
11999315
72480257
124311897
110052214
147550280
77555488
24908215
132370769
44480865
10110099
0
147923114
0
44473542
133173495
53070915
62869627
49825485
116931941
24864165
7974805
67450608
57629859
114966294
61497299
85107524
2155268
76410215
0
26722660
27747369
149974889
27965386
85764284
59682230
120768932
36552720
58434986
83184019
73802291
104895818
115994260
115521983
22038853
93000495
59311440
52631285
125984459
20808450
72381980
23942262
97605517
55926845
62482226
138773062
141152751
45720608
126252701
29144634
66133723
9481618
57551753
72312094
49369373
48947442
59662331
0
82173796
105018235
141468216
143703708
71782722
147794337
20580989
4686298
137394757
93688013
85567759
0
83503710
46855231
4126313
50948540
0
65003801
81108691
6229597
830245
146076281
95955502
75881288
36806295
3391697
4257794
139251838
105642286
129897932
94544696
87291359
105863459
52849810
53243894
29874462
99910576
97044005
81413654
19280763
51776743
88283823
13796521
21865942
877636
50428972
59730408
88969145
104419819
16105786
89946812
36066781
0
16287264
140049614
13861061
137154641
41945642
19588707
127396214
48165531
118072305
58779265
0
80026518
105691302
53721126
0
82063804
146351867
35822092
38106967
36211260
97348776
0
107627375
106712539
117641546
98538670
139419082
83492933
0
111612459
29404357
99031558
23393021
133492151
97418342
89935498
145918879
41400577
119499722
68174428
107614342
25753831
55359018
119023204
22986861
59826730
92153417
77513223
135254533
122943565
87501412
36236106
20236548
84343647
63680523
0
117631265
28676228
138629255
0
9165793
0
142951322
117137110
123406738
102951574
92889896
479869
34847823
0
121644530
20380940
57536024
107949080
99807421
136676793
26856493
122930627
4950821
0
90370521
42651740
147797185
27281172
114657092
141742641
31430209
0
92412813
82153250
149679223
141296207
34646334
936763
144172817
12534541
68028473
54540640
135456061
89986174
97623514
58394103
129688153
131219003
97774279
107698323
114281440
128163601
45647970
105425969
94263749
9177072
39045212
132871716
25067692
112696407
111485658
60541925
71873924
114958438
106460895
88253598
0
93425519
2693802
25261124
63714630
148209283
53416046
136511140
57267933
102148640
87812320
138340539
89445471
10039544
134614338
136815417
0
44164923
0
142172121
0
140292692
100731924
101439853
400189
125986046
47476020
70522661
25632585
6853999
4842087
80950732
0
4789008
88852640
53679072
84165795
74520093
40801961
41438836
137487345
149808143
0
71137365
105686682
23933675
46727602
49191688
35309162
41094857
81268382
22302264
134144935
73922620
0
122399269
64514613
0
29185843
26457694
74464996
66806232
87652419
125801478
54557872
145843614
0
145889744
68930891
78521581
12216687
125864647
107113380
45427622
2042820
133678919
41597494
129079536
139755507
129188456
0
143454729
56374880
92617148
83595222
84887057
103230649
97515030
35102857
126278648
134761462
64113181
49763056
32314167
104200473
102652067
26711991
148437423
12239037
98497804
52591786
110141420
146850970
24245190
0
43138141
0
0
64494709
62566763
59585442
52521000
120440942
149092692
99128743
143217105
149878193
97218540
147992626
12062352
68048483
90855380
6376027
61891539
111092528
67879821
43843043
70028966
76838987
67150066
8842929
123110293
14692534
0
61530163
37441795
0
35795717
0
24647832
43883694
146752476
131130521
110661594
110590549
0
5218582
108711153
108341709
100898524
98509843
45062916
127577410
93532597
0
87106958
6647059
117120197
139152224
0
132027240
118176604
105812643
6907051
13190098
14022189
129074350
52601059
33997218
108748062
128676172
0
136881802
127558614
77625897
41544748
142574167
144032070
46997997
0
140863985
99004800
126332853
123741557
124349580
143398798
96405571
11572525
99422650
3513361
50946709
61343673
0
9930292
98426019
46096701
147258183
31726376
125196826
0
87696351
12574199
134565124
63963253
130388660
57796500
14218660
126977328
92049633
0
79723001
0
31899023
26871752
133536363
45653157
107384364
9007442
111914842
47250518
39463326
39882980
113243345
80892613
0
125666695
80147287
35446082
57691962
28809182
4080305
122310048
0
25358116
0
2531029
60990413
34134119
92141107
15581835
16096829
60601227
24825941
50414848
0
129470753
114952853
12607857
100251963
134748620
20057468
94128126
111405404
90618552
73992504
92014802
7227693
24169016
0
34478275
123632774
96026762
78212000
90913254
79063809
125430451
9593022
129926074
32482765
62167055
58306182
148002366
124231917
34173665
143209962
29836558
136966859
0
109526103
5212635
8751199
81403987
143194663
0
54772591
137057791
130285382
6414193
103338416
108747406
117645687
28939550
87022903
93937319
95481489
57378042
147256260
0
147352383
51500385
66964029
135560408
136225958
50325866
126821988
2851284
78463652
61396171
114559176
3936198
144320890
101195526
93207168
67125962
113958499
100484169
137424784
1659088
15703280
74975813
118482141
70657067
133315854
60448872
135803206
44478193
0
57961572
60140804
86497074
43671634
110845818
14330170
52842074
116742895
97830270
66643944
0
0
125485643
0
75266618
93956518
72808110
14089313
99085039
22253096
92216351
80206495
130554064
22148644
47742196
96919121
80330842
120455274
91791215
134941108
44807925
86792787
126364769
112676227
149342195
105736615
84717578
48326258
119416440
0
100974502
21546913
38963184
45760447
104167756
52532771
18282948
81500000
29492021
72397225
19839626
144593809
111843802
41228890
66038014
99102579
17042686
63580593
980368
22955009
4830830
108246267
95004137
134529347
0
78651699
99107744
0
79873049
73664780
0
144080006
47332855
76703889
62258206
26329618
21888656
82636189
133572087
0
145570827
108890072
115435481
24134793
33475020
114660490
101137386
16037225
137643856
80289983
33747721
102046274
8276813
91603258
24048405
0
0
40421428
137058574
143452466
94411035
66267524
141729354
45245909
52004472
139160584
0
56245332
15293828
56638909
30140343
131254084
0
0
3165675
105497814
101754347
0
47470883
143132920
65015105
108863118
37577468
64502518
106170937
0
13863790
91276465
116459738
138810000
120322879
0
20677951
134319515
8080892
84442468
75447308
57100628
9742178
63204893
0
143717461
140640297
0
75883655
76579903
78431041
9494811
20718597
82541757
79313013
113805094
77782483
109802080
143552639
89198303
55871613
34200481
7490295
110615643
17101767
29393138
89533852
4540615
114117011
64599831
29353188
139029407
32764648
124557383
35941907
124371982
80099622
134338925
34313703
110410935
123423379
123268443
27286980
87726170
86266593
17367535
3838090
6785981
51985983
0
14863238
93564385
63384272
539298
63990988
3459482
56479546
51737644
145414743
114414205
40457129
137040583
141079124
83163504
29011593
97847535
0
116039905
17316954
46046811
91255889
137732919
77174673
125277777
143594204
112213716
124071503
30256132
14814113
19209558
55037228
110685860
2746708
36081486
121528984
137638576
8449305
107463140
132991982
103755999
72924656
144685776
66160135
0
42719006
78342051
5146847
103054272
133155581
54145862
129503043
57646603
133548056
57822015
114601416
0
91917519
142258756
57080884
41577105
86397262
78778986
138416041
141600322
23394837
102974007
15869427
17457869
14405543
13966142
128950890
77602039
142537386
125841250
13880587
108977760
89214381
26097360
18334373
45812916
122320642
56964706
105808724
72775340
35142473
60465153
137834056
23022449
61698807
128150923
132553936
33991744
99232619
102625956
134444701
12090699
0
87844932
0
122779117
148610805
98195317
68693449
130800211
40851349
111379591
43221358
121356423
62599429
0
63717209
104869198
36606646
52103860
9567620
2981978
0
19369328
40302870
29667058
14235513
143730068
71244563
107367757
29892505
96668507
92402948
83651513
130977705
57710962
48141483
13905291
6226782
46477810
47455731
111535571
121666274
0
54014705
25150574
5697784
62657925
91749839
39536893
3435598
0
125186696
0
51115809
96592507
130270195
51170464
78007634
74306938
23298228
73316555
0
125880693
76810847
59905570
32920553
95732176
70680453
73622751
122423706
124781790
92458745
45881861
136434372
147505951
67481212
143273045
109940851
0
60212617
93454697
106905117
54302295
58665357
111340619
98210984
31999903
77624394
66805920
92907043
11330519
67971194
8145041
93701726
144912555
145313783
0
67390191
126945688
23818553
118420172
87823800
54606073
64260737
30210659
149451977
60626234
145116058
34423541
143541869
91816227
44677207
10175503
19680936
122503699
19669488
14912639
136729651
15251929
139168647
92550322
6739473
129673430
78665319
28022001
34226483
144497536
70091138
78242105
115056823
0
5286264
46245749
47687719
112503364
0
54932888
142942873
0
54965192
99985668
140883515
70764525
139371086
9847101
99778329
25631560
10367927
46255104
109537778
98563070
50483082
69163125
75357052
0
33738864
49084443
37760352
138239390
110564023
49534647
28809449
411248
11846663
93131156
144668827
51034497
36791937
0
65404870
59651584
35834816
124254557
46342843
84161925
9480616
40717233
34529798
142321332
94618790
41990005
126011492
124856727
32987749
25100739
68122877
141185959
87589345
14121501
40076553
66628262
78803877
43242608
121481738
56438936
0
116457372
99052827
80867133
133903961
76127207
30030185
117310264
33611625
10572088
85087363
36699911
15408334
67868423
0
0
38281662
100104222
51663923
115552825
103669459
27399033
4459891
42611493
71357046
102132051
66614985
1944621
16749743
112935031
932386
70610424
0
106923565
64355652
125449331
26906120
111162329
94739158
118980773
90155819
51148771
142607655
106859154
118197918
47594244
116453184
28669506
48384583
100319071
62628608
100987413
104548303
43326454
87713180
4580033
123382397
87941408
68755933
19033300
0
0
146704460
38137978
115005590
1041737
0
2423213
73068036
145510170
10572788
96848047
74865669
67290672
45684819
124748482
52254676
144336877
69885740
69627026
78567555
115097615
45618661
87165712
94121982
8156027
0
2794438
133880202
124551867
56765350
55241432
57255560
105798774
59997063
70630715
9575252
131264779
32862318
16972697
39874501
29267796
96154536
30721234
31783902
107949952
85165849
82429149
13293255
80263825
105898572
62704784
20697493
137235943
124486776
49249102
29656340
134108494
61460702
70022990
23614028
19031559
63411491
143062971
40646902
52478813
11411801
98144257
110525016
6053696
44474824
111629066
50294116
106799434
78091356
0
25983959
87605680
11341987
124775846
107637652
66016213
134496553
16439954
6304354
57286523
114585127
132228143
41592113
38638013
110924275
104291742
68691519
98349736
35982327
45032173
44263352
0
7874843
52492443
59507240
61818323
80547794
133232244
34328875
65403437
35559671
51391943
44391244
16358257
133225000
87417343
123275140
0
64195245
129477216
0
45429629
35768211
43684414
103948103
144228020
40334964
90262731
54276217
79616800
119553088
0
103557098
115856542
99100116
24346286
11980591
0
48312673
0
135514711
4255748
126360661
43624171
0
0
114603617
142990570
57484533
142549082
22422427
53735609
134384070
106930754
114818511
145284022
88551764
10505997
125702183
76587061
101257315
68307199
0
37523751
61679171
141817347
24150298
5944450
8375725
70813837
68164808
54079230
90389352
26158063
138567348
1414798
78512187
145677965
109549805
103580308
25755862
21227439
69575333
47383764
121082939
140954339
80420719
131021240
73973169
67056906
74575406
11146689
142396578
140709592
6112384
130832142
104189382
10949644
130673122
76839700
55163981
141034530
67338766
137369575
29548732
125536301
11387938
2932906
93350178
0
41920492
142290128
129819953
16056752
134167523
146436642
39352949
94990765
90219716
122771532
21128642
0
127334381
91069086
0
6226149
57123237
70243702
85894820
34243168
124922608
0
64936401
13909900
83686706
122472780
100011092
13584885
21154886
50171435
68694765
147087165
93984729
101343080
126861379
59196161
109884480
28458419
100653831
11065751
17914837
105334120
50549979
6506928
138057365
130127017
44770881
64197286
136219808
146309711
72697552
72239990
37514008
102061779
0
23719070
53590487
95313309
69222438
21511862
49867674
0
138202942
123152728
0
129169572
146997213
82160284
32115209
60312987
19630107
76795731
105856928
0
93610532
112208139
82190507
124140016
78749118
63569631
114793161
28652349
60030616
34568361
109559029
41391839
27366793
53691608
5151475
119161791
47770600
80469838
56563105
43904134
0
104505156
81839877
17184757
75797594
130161208
19422044
26291698
15437638
39626769
7104541
6016150
13431540
143897836
109076599
49603525
13550794
0
239262
121272659
29579181
37301022
81728814
83830175
133746626
20459373
60677351
104244786
42116971
140061623
84305485
22289996
72039198
37201546
46387315
68394766
89169211
133076111
110191090
0
102417481
69401250
26816527
105362622
70408133
149493810
42457996
108456880
34775471
71345486
0
119514333
122613484
64819783
0
102954775
39094564
62339288
136409537
0
50527606
82517796
23410035
147533054
88032262
41766332
33263673
137444419
28353859
143308355
116475879
110099351
39796422
141533913
60474121
0
100163824
146611683
97439527
33863089
0
138941823
4773223
0
30993566
108864567
13231981
89904942
0
62095247
65181628
92382625
0
94335238
7652515
84188776
139234497
114189077
75821260
72093315
27660825
104507964
34646871
9952740
124295242
130134290
132980449
2398139
105526589
14615947
49777346
92146373
104095724
63174266
69886344
79777045
112789888
40360030
31025247
41335512
74046767
104006742
58697167
123285709
37096948
88396164
74327585
23715941
106174297
71404285
91816326
43005495
93352950
16977757
45164480
79412423
15405161
14540325
120755452
36880934
57852251
22783225
117663644
27136751
87375190
14821237
100536240
112582699
77425321
112639824
137518908
80290409
40897110
0
46261362
85292254
106919781
757793
0
2497431
25674694
0
134736752
120588360
71426973
126868876
114800859
141966028
123024695
76047772
134903137
0
103578010
64381342
42781616
69371297
123379846
45063861
111682054
59715122
132058400
105524895
43093757
0
13232244
94330753
83027494
143095052
101467975
127744619
96191948
1934293
109655126
73693723
129598158
143764257
45862855
117003459
22867678
37062582
110812461
25023955
22380456
51684792
133695132
14079583
64442251
80907483
87939577
99522956
117680552
42971457
121286836
32140746
110491271
26789672
45983310
0
0
50298992
24847957
19604151
86967142
56754645
124690711
123226134
138361151
135860923
114541010
9251472
89486142
93589157
52954311
96898628
124755265
61743436
21931438
0
117670443
87129023
77485479
1556658
62745144
57639758
51409012
31258983
69728343
124254736
49352865
26404755
0
37557971
36809307
54024393
112021814
49380103
131386193
92255494
138088747
57564042
21149238
44752250
51065817
36815858
135870331
27350679
0
49232842
56375961
110775890
10380828
129418500
136733263
0
135793024
126639893
63322461
139407641
24220218
30793975
54334001
8448117
87498855
6751792
77372386
102303132
108739861
9148539
140508521
0
61140402
86744898
78503741
12379089
144644464
139506299
117638232
145771235
122858172
0
51020421
100218795
122713488
54407155
21058841
64057140
91657988
0
0
58486091
124266602
51217942
119948627
23426110
122624604
48277127
106322650
135224821
76435926
58610800
128288999
53200773
145395918
130809270
111396578
57720103
98232367
91389910
0
65443244
104610935
0
0
15739456
66953794
7587135
16972544
42450159
59818282
65866070
11037182
101913930
0
97217347
131949173
69740416
27168230
16432274
122776736
0
140445632
69737317
24915475
45605960
0
120629961
27757378
18248222
97868079
31198327
49713386
32876765
40218109
45766253
6586236
5136676
67878328
68939862
72254205
23574331
86227973
66456861
40466909
27336651
0
61745566
57732382
108134903
23315406
62034448
112965339
91541403
136362444
143599400
24887871
90442175
38368388
142507124
82767879
20257642
29809120
1877637
57448170
131392602
15469000
112511408
79227753
119160072
76666338
31137441
0
138247940
33130465
23716998
88412352
46394094
45537605
50520105
0
110895615
77407981
104062510
21401793
0
62790589
78575475
18000751
138621617
13517090
81725525
139097647
85854844
37644372
11040748
138155648
18030878
44972055
145334376
34860900
7137537
39419064
116207317
96379408
148703701
36895696
5953635
137256185
135300952
3100315
93012158
44656794
53271009
125852672
94147184
131726175
78173209
142876423
124044614
117827393
24992694
52211114
12199598
138649417
119251013
0
71955800
61135634
6598963
91223221
111318972
137968502
136611579
130814175
106163579
108725082
42454241
128419539
147194260
93928350
53780292
14639015
37930813
3171861
0
68116050
26457647
73666707
16339377
115909555
108114934
12299656
20319380
107824221
98311376
80697495
17196967
129428591
6334597
34421317
119072348
51043954
104259199
15639682
56135458
31359130
47096683
146046631
5728610
19242691
11905314
7381947
131622371
22811792
2219125
96831542
52280719
17963248
108313229
20442298
73694565
115447299
77238998
0
97693010
0
136957782
50558117
130270614
58211849
0
56198559
129178081
4000055
28925562
148078099
51396614
122881902
76119031
132551294
10409597
54100854
26951547
25348740
36277312
112781006
110376238
106566935
70479884
144595736
79468460
26402898
53501690
102896694
115273689
4885491
89555738
63280740
59388805
47651095
128048089
95764320
10915940
135797920
44362055
93064569
63784063
118751680
40515835
50363949
133102316
49383110
0
89681877
83312689
136361948
135264317
12632243
89889688
0
60385032
8765560
22773910
38885655
148794579
9513993
1680076
37032748
90605017
1474536
117481250
92627760
94768517
74458505
124084006
120113422
46279796
75473688
86269452
30670720
0
87746386
46495729
46286867
43377556
46581291
108247866
121878324
8986273
132292151
134171300
82967918
41800325
61930108
140670437
51960049
7453912
122100830
148642296
131063687
112616489
45326240
98112315
126327131
80092713
18232389
0
21225425
35725503
138528738
47496087
33268757
51999250
51398027
146642759
124843834
0
148609078
127231930
12958761
0
2996900
31107114
82744162
118874195
81414518
33804939
40396021
35926893
76711345
112426752
143580352
45030201
77411156
50699193
101343532
119261192
122850096
141556097
133315308
69610420
57668405
67111969
49139329
0
126235680
43075185
0
4781509
37173819
119626016
45548037
74135570
96531360
2575560
0
72954644
48700043
101627391
0
81889811
77952224
43026911
146707633
15178380
103033537
84655185
100314089
21104934
110628978
58766670
91430018
64316831
72981361
102262021
17777895
6927662
33208919
142294299
59711337
68437062
21691300
65681588
89559789
131381892
135452333
147362175
83925157
69880661
15724226
22930070
114304115
90739957
133550034
24575598
57922616
5404753
62322070
147034230
104295594
3952575
130919995
0
62994084
41574501
42646292
56235708
146456094
12432200
147984256
128617418
127055865
27917632
11637635
6260746
75637306
136198904
94984777
109146480
75112813
21043022
29927512
108303197
148163523
115663260
47584944
39851932
108579826
1131832
122706206
0
64298257
60805492
142094139
123811987
108060539
26526807
36042200
61249515
120604090
107061611
15507006
73743497
106957757
39016207
54610911
145585323
0
121011484
140012064
17243269
7622488
11146585
140656776
18440104
22824492
88756469
129967494
0
127345063
88466260
0
41196238
14826940
103629086
105952291
59843869
104090592
149420072
3157902
25132898
8621329
1319528
22687831
14369290
4659816
17530580
36453189
68741978
46424501
43413788
55528386
34412032
36986237
27693308
141425902
45135249
111873820
136712170
21448462
115705805
67466588
89057041
81680670
7018725
63720386
51470663
132568076
28343336
33552720
79433883
45269153
38657359
85773851
101114440
69604772
147405562
45279580
86092233
52160413
60058252
100953842
68784134
145067595
51067427
9760882
48850163
75312383
75214357
72295852
76387179
139309682
122179430
30326836
3138716
47609052
0
109255131
49006422
0
55181442
134488158
142474088
38011211
145570268
99486689
127216973
35659824
65341514
105175260
80599759
140143607
93601174
45078404
132737806
124300170
87047853
86739904
137560796
115695589
104245519
54436459
86429307
17356848
116537344
56869213
856745
682302
67443944
130358362
32988610
39570913
31660626
79866165
110639568
119223750
93563049
85837343
31778895
107882143
0
100552135
79727988
111714201
119427982
73915833
3408582
11969013
136793330
114506945
18224573
390263
40844754
77784933
0
89904561
74037702
0
7512268
41315104
117046008
92263683
24286115
123260982
147320497
115592097
43617738
116683884
6037539
0
108581952
36869382
136291795
143795430
30200855
0
75426669
103980967
108103903
102295222
24212934
146785957
131583864
70001658
82135308
0
63035070
130416305
106838607
136471365
125769786
12783349
49751485
73198992
44543388
140725544
25779685
79159438
67333053
66619657
76578907
61685741
47746322
27571228
110364021
11905820
1119838
78878369
8750291
66142567
141881542
96916610
0
140944837
59872042
69412575
82859478
19243976
33501398
42009345
148948436
123637762
120134040
92810295
137366736
77262975
141184505
112019357
90672810
62089785
0
54127705
124342731
28287776
67347359
0
27417307
2682057
77338277
75576071
0
50463607
41843231
59190773
19316170
46866469
115255675
2122396
28890056
144830146
39742264
148230385
108075013
83257423
107512009
54338131
60958474
29067736
141430615
124337323
0
87012252
85081486
135460082
22396866
75868670
124728906
81283848
62358018
148796673
25688233
0
99854047
46966604
67717379
0
0
29158515
132845308
131092646
74107763
70820280
123556591
15626490
134417547
144282111
49438973
79176030
88457602
93077691
143254196
126735061
36163582
1323363
41764668
61222595
31850057
103900849
38422928
125845190
80103410
101983387
134780628
41993910
108355010
122657801
90340741
56837076
60729262
76714343
62028847
18832901
24557926
54935677
96073878
113663172
63067305
72194369
129238519
111781281
107982424
139396337
134234322
76245071
149090818
130630662
0
137104175
9864545
106585318
79441463
127333208
110772753
0
5733010
54695368
65040611
62457680
26231050
134733796
0
47771222
90920389
101028388
0
61265628
91402727
94361627
0
112258840
34329506
76001906
35967625
7880740
148399895
42965353
18694875
104763380
58125277
111535353
125314928
132009447
117215913
52157923
18216134
141430592
123949918
26267897
115451197
11736984
136518170
60876589
147160167
120925421
106455937
4940331
67850491
63201349
74921846
111465424
0
52442191
4100053
90411728
49916198
141536065
96648382
130642975
16476459
19836920
0
117392038
92020019
80450340
28855806
120476823
146041200
85548769
81841753
14342990
137376650
89358862
54386516
25830889
39748567
45841273
54270027
116342578
30293548
43666796
107836640
110403804
56739255
83343606
55980430
63093842
81794152
114306479
51001567
83330669
138552153
46032543
31052713
97053489
77995400
131304305
31453210
34099134
104151463
26364909
15029616
2755089
104783769
100812247
48565452
60443768
78415874
0
42882322
123190625
135164852
115664675
23812347
14116583
42586342
51356115
42222567
134684220
137679991
87617020
120738590
53483407
95620914
703350
0
48463788
30887642
128601134
100747128
56984114
131996925
27687330
40963496
26528472
64031644
79841252
8082144
63405187
50978164
10005432
138703211
115129271
22347105
12210924
28999239
109782911
121379366
22995610
87222922
144345161
90885499
87416757
113432698
36650506
85057948
68928691
115487089
8502355
99077562
103416480
79211877
0
67452385
27766782
123704512
101730600
86200856
77792526
58977487
34617563
117377494
36451618
42342069
43157536
51286616
74153390
96033207
30113559
18592723
112111158
47771417
94202768
134080041
116754721
3400299
148823357
125844373
66372828
128121095
68757887
13797537
4803674
35345705
55266054
56577802
96885137
51497705
21926405
117083944
129838854
1624968
10833600
19682359
98587880
66496480
106343797
79802783
54623987
65349772
33612094
18458721
35716474
13216735
133670395
101676718
80592886
24635788
53693526
27092384
58304838
129403689
112208674
91178310
33855887
84098873
149758131
15102283
24077230
33993356
126327509
86448508
40070140
41152582
148546710
24548000
78226479
147571085
127232188
8610430
115498821
111320112
142879590
122732944
27401882
43425749
43431753
57479104
51299878
2957092
100163073
140765948
0
74126725
52126610
91941325
0
97114536
95991069
78107900
40529408
122245634
117628440
0
23081487
30542375
25699732
64608598
123287236
11427239
57604833
0
102851755
29436285
0
106546952
0
130928554
0
6371561
0
32166447
21475006
30427765
100545054
39282914
72064179
82656555
91281914
24872434
130998034
16045334
26076359
34641141
86337429
26835896
130905147
77187645
92753914
115030561
118642619
73506300
20383697
11202352
0
134435880
136165780
138257565
105105527
108586092
106447370
139047645
26230809
138798029
21524745
33615038
67933897
0
21388053
69003573
56955258
52985178
121881650
64887681
67251521
103693858
82670628
145253662
121710294
115090202
78973225
102984057
0
88931183
66384457
23561188
7112375
137691682
15898066
101201638
104067040
54733910
112824499
58655743
27076161
30963020
104517865
131751914
54422308
24267973
128184154
0
45449862
75827868
38979301
74896068
21785160
143184141
104137183
0
31763487
148928716
144919413
39424929
85217997
58871372
51142188
46754093
96044981
71999824
98950807
133781585
32897049
693840
38637409
0
19419830
10920340
61841078
0
36677716
57632426
71811694
39138879
92854107
1017306
0
85522060
69263533
112203819
9593106
131337168
16219563
97806647
136312604
94064729
54109378
116317969
143901511
47305414
62095997
52575695
139702013
128264539
57897273
120536785
38249805
35528840
133210383
33100378
118059194
20864613
28458454
101236113
124654314
134950808
0
12667515
97070391
62062082
22592082
94881713
123045828
131225627
90887792
48875802
55594987
115059656
7632605
118810673
50974016
79714903
31624220
91734062
74377937
30005446
1528136
116613712
26653781
70091176
77598777
102650637
50740510
104245420
52778834
46132835
145435912
58635285
16768329
125301081
64732016
149009024
5337118
943970
34689074
119273022
21673528
66987422
42398052
84063997
136397795
137745266
15316973
32362949
24081525
38188465
133538756
85877565
44231576
106511
9867124
63242885
23170726
30392476
93657839
7299949
9759125
78389228
112238594
5953203
144511229
228657
56966640
138315549
0
71563265
63788098
113445353
123957965
138487746
136450590
125067707
87048453
76646235
6724572
80120377
116829623
55469631
121908086
90798379
51637312
31705395
0
96688360
58738999
73634757
79360443
0
22678719
138773190
138990325
89611472
100003224
145823915
137453974
111058435
40875707
1990824
140227560
4594591
121286342
0
122101074
147255904
0
99867126
33207901
125196813
17163314
0
11230500
51011562
48678663
42286691
12408138
43566016
85974370
128757823
132730646
3965047
40536773
1547962
83407606
68368857
75380213
15235392
138769987
107174429
80628171
17673440
37513623
108542013
34386569
135074153
91281254
35959269
132571283
25545912
50146759
116572623
63920781
16567433
48852768
31523847
21289696
84073533
23875290
127996997
54468076
144954557
48770406
84218396
0
15131576
83608142
0
124223040
116640084
130107623
18815124
25781584
111079285
9535889
69686915
27984143
70507956
27212239
0
139888232
1514615
43856256
7898588
0
0
139528756
40195140
40291325
76292204
43075496
0
133206242
102697150
130994035
83247236
63704688
15300701
58885345
0
145854472
76113942
47023948
131487796
115377667
47555126
58995904
44161424
0
111888647
112485688
53043753
93648753
145412864
145995953
53979366
0
68043525
7530375
0
141292275
100732979
119173623
148926036
99886484
7857905
67805914
86012284
91541882
144404039
1323283
40419315
0
43295171
138056828
121111040
13238940
93133883
98828217
94167209
131714902
32362131
10332159
47397744
113891276
129325802
78748891
67392030
142151110
66291709
35244952
138087113
30107573
82017602
30160925
85326997
90838148
0
69273282
23944879
0
33241579
91212360
6135661
77954268
0
130048790
69988717
370673
70099326
59378338
128282555
55089568
0
139410354
69811950
29437075
48909914
28926624
130236325
81907757
76334910
139175223
17977578
49152525
93510731
65153408
33332354
116882436
43094953
96872835
41733532
15479747
68106325
136999206
45653779
96943205
24444281
135024818
137890481
25308106
46666540
124534164
54311387
88513826
48125779
49974293
82064107
148560211
48538163
80912992
4662024
54632266
95508340
91332376
76760103
107048112
57609679
145880342
89090548
0
136283405
15186700
57127245
137607610
71098705
55932897
135796888
61713116
112340883
86784757
8590794
85481178
17847860
31016463
0
118195028
96167822
107418484
17541177
85436648
0
114334581
121306513
1430469
41886730
109723813
28126234
82389206
84617296
0
14741559
38608760
2574444
68681559
69032823
134657345
14006388
94634799
0
112007158
4300578
20192423
74049950
142486720
125699032
23620542
90453869
141831820
32596754
53643615
88235517
74333498
123105353
68341330
87263867
56195991
86016437
21747886
0
38465554
9434218
0
0
0
141338951
83750970
2558696
104001577
145490037
48951341
125194869
49836841
7781869
10131400
121559192
45341411
53097773
85728090
67985998
59339284
115340203
77203750
63435156
45336277
33194992
91773622
139264007
10171142
0
44888784
54201237
139817995
21046122
22174976
0
43147926
87186514
143744680
16843074
118456301
95052225
42743631
107803456
147321270
128580740
143504535
119276599
81796480
146570283
106752418
112114452
7592319
104110557
0
125721495
101162247
133892558
32229271
122634299
114653793
86303772
0
53387665
13512694
7843817
131028503
103947210
140754742
135042853
134770503
87850648
94158347
19333638
40453929
0
118086978
112171152
60559998
0
14100592
11346992
91096163
146783739
94306084
102359637
141574839
148322758
139406552
5915906
128627116
35938449
117519574
0
8496776
5320789
26496680
129694109
31106435
0
115701755
611085
70507204
0
124808738
60464984
134988388
149837782
123603657
93338890
46721459
147551893
104655075
37837010
73382137
0
49726164
52362184
148764991
93198504
87261308
99205020
61222601
31739705
49218037
107542029
41121671
68085363
0
101890284
70001402
86434333
0
82961449
66933771
44117882
110752415
84162099
12394373
112235758
53608749
102234554
143861279
123484935
11300875
33809183
30935856
38935580
90299427
37529362
144012297
14681749
0
125989760
109888185
90722665
124165039
41803964
769380
30976560
123048692
0
105970625
51711102
8498645
36719400
42948931
42686223
0
3030086
73342125
38906876
92135192
83826359
69620487
111519697
88445289
34286
23753432
76072525
49072900
68234128
89008335
136913727
109009436
21591410
113170883
63031293
66938189
30146536
27175895
145259790
18707448
16080046
42672184
108597813
3437084
0
112190458
85022484
72890409
130895160
54943778
0
30853145
148812742
4245677
42900227
124120002
115134295
0
57560104
87332147
108600596
50219207
134208544
56996122
33813944
110947960
97641117
54249644
73770656
36587257
0
87913873
68463809
128763615
69924973
129026029
140465765
108111174
75491327
82728406
83683311
65416200
49925809
0
81788352
16837659
90538677
83547246
121430114
24069450
135242102
85999363
8707193
58204344
59596452
62423717
55404634
14311142
72636914
108611770
61978454
71873393
123875803
19383295
24957707
64172164
41564789
120596900
72103161
137826970
142115528
64330411
1221768
0
100233279
120724945
124153570
149045185
2431326
63300969
99392113
83242735
139354374
0
122158992
73821487
0
116618895
113763618
125134546
136318850
10912710
109923079
77186167
67913018
85909005
27349972
70974975
76404757
134744947
41676150
48952780
149373654
123005849
59300521
63848964
9544069
92831169
0
70384383
50330194
100427997
93341600
92263884
20905124
52414540
131180315
47550912
11828825
92947622
70688256
57519805
0
24200429
63394320
131668164
146828666
50617549
0
126502554
28430019
76678778
59774060
77367435
114475170
84189918
120045022
96686329
92868231
63648222
64328585
29463078
114047626
98446549
91152713
96354152
24236651
54604534
38405544
118026251
67194380
135949588
104729458
87991495
126947742
10705127
78929115
38373467
57144132
121423065
142552071
72663022
52587185
32810631
48273885
139177645
58683307
109657563
114669462
49645445
0
145506447
73151654
59848261
30269929
53299175
761557
100506443
88207887
90052731
16245689
41299627
77171044
113728197
129807681
77695722
68009635
37931916
21708617
56721564
80678331
39295107
132868517
78827805
58916941
82966968
25836880
140443416
32494756
139365867
77880238
33153183
105545988
11426683
48262496
52226389
31075141
20098762
109179
0
22537737
108258920
7673199
36538323
398932
104843110
101858648
138300571
17698806
136162130
76916048
28018565
91980392
14451360
115994256
115458589
0
27402615
55754629
131954092
147584950
60252941
128813813
126243150
131382026
137706328
69754840
30407635
138881345
121240149
83175733
65454645
3778415
96185153
116129629
9324299
0
19658249
96197939
98753513
149703106
0
55275379
86701502
92138907
21393064
146776868
0
78142682
55951278
126870527
87055597
43421226
119452409
36630454
48036487
49234334
81446952
21073572
116469948
10414103
129835064
62083243
33069443
101873909
94783997
34630498
34775249
67612308
39944264
56746981
0
34847538
82564567
137327159
142435490
86724872
115079099
34419523
0
147012109
32513314
148732970
144975517
3510127
0
51820991
55393437
97501461
107059675
48042006
141995593
19927140
115447212
78706443
119181193
21695099
0
143100767
5405553
48863846
145346261
65383547
1280570
77461449
105430182
134927958
34192625
124546816
141668152
83371455
75961208
119975081
121181319
5571758
44534827
3156776
44061755
145915732
94287268
86103099
65209695
79347869
99639356
38657406
84970866
105337377
0
104909097
107198139
120879716
25382789
8538302
103234920
130706990
107619255
56812799
47283629
4051297
9851373
27974521
67777342
33778916
122244551
135834140
35612184
33980996
81394505
2552064
7467835
111899002
13468382
136904090
52954145
99680902
136928420
55948604
128190461
102923921
42338818
11490087
86107675
11684383
120579363
77348790
101111258
123078440
79343050
18643478
140934134
120010794
0
66705873
25606131
0
59721058
68183567
38787683
4585070
38730822
51082706
52958141
32523610
24322142
117760619
102726561
25311431
9220781
126342812
43643350
13786774
114308584
15627943
141164181
146383104
39166275
0
145323124
145739034
64051606
115348310
59050208
56841301
131753563
82141743
43729927
31114305
38121589
90448396
66181731
83642408
22049728
89774968
147885298
8204764
102533545
81299374
101427649
94500412
68430317
91670528
93435449
130409656
4917250
144220647
83592463
38522863
53758612
79004245
24349385
40112505
70877188
67102265
87767744
0
9984370
107309325
52182223
126630518
79120987
113574363
55676449
54075208
142026036
68411447
108807533
71799427
132966486
67731501
136666874
139842825
138356740
61730337
101765496
72697229
77670708
111585201
112471292
5001694
63466970
110630120
39572500
4995403
42264148
66467181
86088226
15182364
130006396
117490799
67858985
0
107282105
90343797
108192928
98541279
116721945
45728179
0
63726840
57002815
146311741
38577713
75618821
125523350
70946646
99723374
49250354
50700664
126067032
91388448
34362718
34210650
121612324
38319969
56274216
99247444
51793292
110147964
43172890
93244178
45105699
8515647
22478924
103284730
106452337
55565329
13509374
0
49248054
12047009
25914828
49485764
107226162
0
39137679
113025009
11324075
123733770
6537054
68262551
88692896
38496263
93302383
33153674
113805938
0
114119541
107122843
113617506
69426489
149002869
108788415
93111017
116858704
55765782
55500757
101225219
7751440
78449022
7283475
13361149
139172143
33793855
73316042
122717051
5469265
121943127
101864875
0
106770751
103991077
21973098
0
123699565
18581688
2432066
0
131754094
91066152
0
0
0
75967574
12978439
28618277
87386917
88083393
82423943
100785802
106977386
68916455
21149985
32197971
48700144
103313191
15193712
60723789
15286192
115036028
89483633
51411287
69506450
5101002
67464304
127452425
92915521
131168882
144597411
51319357
24440283
67839351
124032796
80803511
35390957
84184599
90553579
34005933
37712264
69970197
10898903
122144423
18692146
58899291
79620799
113226226
93181974
109444765
138160368
61297983
35202343
45771925
88741290
125142403
31627604
34858271
37036057
34997099
103766850
109454010
6454897
112543778
23269203
114508867
50527129
90542955
144562074
45230432
12122463
42241089
145986666
102105047
79526818
107226190
0
53129609
149344341
69668009
10231986
68985874
54414422
143190116
3719387
0
123029025
148823615
121512477
139792909
100575260
131605906
463444
10894041
96150630
96354732
33982829
50596959
116902186
75035535
77764870
105824323
110609971
78223411
100866446
37641812
54066213
9165330
141710354
25927695
133222050
137012262
34915176
19361920
84216230
22183973
53967300
128401139
137943888
22921440
40639609
70086825
149273194
65435489
25730984
139348087
76708234
135287623
79079104
82493811
126525185
108782173
101979634
71706352
68663887
66057624
69514604
131939507
92711531
2700258
83240529
123565071
141845934
95384980
64638553
80156489
109889991
121076456
31992496
97877637
129441032
84569860
34356946
62800328
85111473
68530706
95571028
62262063
38491503
126687861
0
42575270
62571956
146864329
51219407
144566472
28686495
33916360
32267093
86977370
71345416
2404377
89643890
0
129704955
148819338
0
90099619
95706233
65340666
0
10165360
149201483
70681485
56278734
23316010
72172727
107016100
119592968
981551
3079944
135382160
132038019
0
96928755
0
8848822
77840743
30631717
27263807
122809434
58161446
119423541
148541830
57473916
35899181
57531246
27655228
101408903
79434265
51693037
4873867
15074607
141086157
35046760
130894300
40499431
26067373
0
0
120540955
31825940
1423684
0
71549162
126768853
4102068
56543115
79861992
40495734
88202483
119137124
137644707
94586412
13825322
137804220
75527203
85690677
0
82058479
56849508
30323114
59428411
113302584
123475821
141869780
5396346
96385355
51338693
49419310
0
129123902
14578553
78268451
42145988
47620577
40963286
30050338
143963692
97763760
15522778
108662023
117387989
139928136
72174198
131746644
34150278
0
8368191
55811339
78829103
80731380
47690077
0
44930706
50373917
34425814
105339012
132778510
91582023
80935539
83603084
82972524
119215640
42744911
86275462
131684885
127859498
34586653
102116549
27169688
40944462
0
47262013
67341184
96724892
44743896
89343943
103657820
76973041
85907464
53245080
9945396
52265697
0
74717724
19212584
105895323
117305449
47318512
17766236
0
100119092
1580242
140873514
61157934
81398309
61374503
121275167
71731224
113325818
32975997
127575701
0
0
116921118
93233795
80395224
2529870
80466333
2348325
131703176
135271456
107367129
19333950
45701509
105262775
51455509
87257698
140127313
119750252
57515764
67445668
140663723
135197011
56163127
133682166
0
71077133
6619746
41936274
122965092
25695405
137325743
133763739
32842650
0
135335715
0
23793651
104316
46757498
146724694
1924027
62869359
45308105
93320625
39743864
124881341
80700042
25612490
30881227
20782723
95222075
102584269
33809342
33605431
93524884
127274828
108030637
70916979
1660206
3075310
86744683
82107784
14469471
111606407
0
56951061
123523461
0
39903908
135025533
125859786
25420172
36832182
138483044
0
72575050
31141735
100868477
3500841
38640571
67931681
72239865
35407932
98880569
0
146469571
85926899
26603732
128928661
4007171
148530485
51861642
138611995
148207005
15128665
132524515
139528777
39838257
38414464
31894896
42478489
64041848
48667345
147931649
112774876
7331130
85700743
72394032
73498779
106023123
69366232
38263384
107304868
127075882
64340376
131308800
107001935
118478141
137887144
30776439
59610153
132166455
121601011
148186155
35299366
123550038
94511657
42586345
51299765
4849508
94325900
135399042
148307089
102755268
92204644
116553125
91637472
49014533
12751170
108910237
145650642
49666324
141907886
45838317
4588235
14463445
87121158
54704246
85740268
136681385
104037016
0
82396180
32590410
52982057
69436367
17015555
80426960
64092890
90794749
112657165
128967421
55444408
54171927
32419068
67277199
27880318
15496377
47608667
58874972
111657240
123239574
87517258
2550234
38216074
2438941
0
18457609
17031800
0
134183397
120351764
147909712
118525652
60623225
94532668
10544132
84776542
139348874
63468365
87188579
121555546
15934364
91139285
22037684
0
107147878
65606360
146085561
60020907
128616134
148635513
17060879
57807476
129748006
25258978
27636633
88894935
0
48867001
0
39794225
121540494
31087641
110017097
142648748
102491151
31223458
72659328
114680033
72685799
30220884
22405700
72608512
68734926
72093339
0
110835486
112004262
44369265
85764451
56867084
34911328
45318326
34887439
146808722
0
73155730
128355602
27395197
0
147303221
125242407
149133718
9603697
9341676
105541523
63624285
133356903
29463579
105635062
8478074
9008114
0
4259855
104624850
129852425
70289588
42901014
137343435
131112551
108649831
22297206
49143521
55159376
63635651
24382924
3796577
90930925
76058087
0
55200853
139267291
65365828
3473915
113914536
0
52152870
66719538
44723585
130709039
73175404
140992819
33693391
115179298
81536776
11404509
24421382
50159979
38762464
119269175
42969151
82527525
140117254
49306368
92123666
22449870
85029058
116621606
140675173
27631778
0
42655703
85604326
48089376
38146310
25040244
48623451
14331306
33748864
82845060
0
10494216
23717934
72681349
44560074
121160008
63754939
70745455
0
17729390
77856585
64373939
132788504
76385166
105483331
141653563
28563777
71403529
79114129
71164349
40790872
72186355
36061840
91346987
131182723
88024198
0
130310822
133980485
10011359
39093096
37672137
144391133
81764980
75986597
6738920
138973505
72311669
42217637
51821752
68194247
140707748
24875343
120113768
52097919
90281982
30727068
129837352
23617421
37994498
126471965
114317387
0
97280133
12803460
87747328
0
68614816
9208192
37908357
74252448
39098479
128134792
138559322
0
124733539
3405996
0
53082893
35820503
64812104
2970558
126170830
146855521
100740123
60751872
143280993
23648228
44223086
142592462
148487883
64157229
90549647
32076016
0
76491849
98510007
42313512
136802385
37682284
26142323
0
113715098
90346521
146022812
94601917
25587104
142456426
34841136
25033140
131992330
104905420
45396431
77822433
38370034
114829952
46998132
2403768
99864346
79936022
84714701
26617
147346267
51298193
31270548
35906907
112608157
94712551
33838489
76521769
1366754
128964853
12278069
42498576
26426365
147920177
5578265
146104184
73027936
80529085
147669152
24572012
118191138
138449907
127582557
119963327
76369546
142958731
7396078
105878196
105161658
148009270
8198166
86579324
138703099
117019339
55971268
90896234
93006099
146495076
42735867
61720794
58606202
94427170
37448871
3168471
147513448
58519420
135893255
0
61916221
74073900
39965592
0
136811516
108848876
0
10092469
124117989
148965342
139500644
87313644
119593118
1537758
45093947
93971055
128484515
39240434
113966676
62071482
135401182
112327704
8274920
123417449
77060397
54093640
148185920
39241509
132033850
7087554
20514895
93842750
115107354
90699087
79556928
13292531
92433046
122208212
146579735
34392635
62986605
84125598
1077146
103595401
72089929
84555399
22596722
16902900
12951771
119586151
115566640
128522481
0
18678459
128860384
56479866
57112012
0
0
85411537
11697486
99647625
122374451
52610520
125005647
69913315
66916517
34094255
0
0
50162296
77702564
46995731
42750267
3741090
123506999
82125208
21635691
31051092
124296298
147882148
0
116208998
124622426
70880227
16030510
24777437
34385834
122714750
33193781
112115921
32282949
120475409
130200291
76285303
72918341
38548470
0
105043075
41045073
0
20152235
1382935
142986609
0
108205258
5777276
101322145
121280712
135075502
113959724
121089434
49886593
56033187
49770608
94606846
57263624
29722636
48342424
91128414
95259639
71252192
64408140
107601673
61311792
32704329
61659353
108747420
117885174
96116767
65500044
140756718
0
0
92308996
137296312
60882364
50102231
31800458
129701393
91313633
91767552
37251980
5974632
84365195
125831673
147078089
58563730
19391708
116440524
115892440
95769223
93334652
24504763
48449559
91738842
145283600
81456378
0
6082919
64377460
108034753
140091126
111554488
103723937
11800702
34396807
0
103061534
0
72261567
100153524
19725493
26357748
105333682
0
587332
28703370
17536939
143325392
130145812
60658797
92402320
94205372
90314984
76066018
141561416
77285641
60235982
113857225
101614966
57261159
11703902
92522225
121036972
31618659
114793262
0
91039126
94592465
115560297
21903853
38056011
7374196
38113191
0
0
92777685
85448941
40348249
133018888
48449269
86862231
93520609
100867363
22232473
138817288
2153539
105465610
139486045
141964011
89132603
148343782
86055371
32626588
44943603
32862264
16071100
106972305
16465321
132649733
144064516
7685638
127489739
120049534
127483197
10085133
824498
57335366
35496912
103404626
21544414
3024504
132840056
42825289
0
138765060
24361268
60169508
31077698
22872701
121488758
61548276
41876602
20052655
124981652
33368536
0
50311004
122955804
118206095
89833670
65508506
1453890
135528060
79901134
98356855
83655467
102569376
83505617
0
38499858
32890639
107033003
103676085
83960028
0
138836424
23775053
12676982
62040479
85675352
0
8165304
134259141
106620404
69135690
63543794
19455286
15015889
72047028
94403549
59557015
0
0
33833539
140284709
65099063
19950452
92759264
95044456
87828384
131645721
69632103
6760218
81013375
108204425
0
146039372
116268834
69715733
87667691
130874476
7319152
12984691
133696676
40038085
20093463
89174826
38697141
17149907
61509765
5388397
37206073
122459624
121094014
0
53793815
87356556
1640463
28747876
134449211
87881259
120311167
69785068
122357309
40706216
149371207
81868104
142775296
75593911
6855640
22738821
28631536
10231825
66281081
86125996
19610533
105766206
112628623
50734230
0
137158627
25044948
30440097
106712075
109834743
92517658
44272029
79986339
30403988
99824097
143590969
133413366
0
122671550
140740638
72104361
142013868
27080828
47480679
7768424
63896275
0
98247391
0
19272661
84392691
12047832
12083286
0
111487923
22479943
120400999
79595006
53274311
118652109
85999019
14492445
25471348
3050619
28246199
133862739
131058324
97256608
108186939
2118352
96862073
139140122
28034472
124626140
8468062
122724164
125020186
14272129
128326217
78733511
25887615
93145913
103357425
128232321
618152
0
45202423
117121426
140197901
106116697
3330148
130196476
12168555
83093925
59590020
129466732
47358850
60193001
0
111154237
69258111
21067315
78357737
41518729
5275785
129880430
100379651
119211623
110254390
54468718
0
42313460
137673460
22161896
125014683
78216772
10708622
20189083
17911403
136958929
31277074
73775745
48940089
63924648
81564647
142970482
95116451
77809085
37296482
141978174
0
58055196
133675389
0
62184949
57555247
0
101528862
4421794
82912589
0
137225712
47453078
143879952
109651441
11765228
38191823
110029208
60901029
36407264
103117255
8298236
31544096
61624059
115566545
126923554
95826233
148511135
26638432
112133263
23750245
0
103472700
34332751
130543873
149122056
94390363
18830731
11912172
107874645
149167019
0
94883078
100106739
93968579
129912854
45339134
14822132
115565217
104597270
33674469
133208509
64592906
87035097
1120593
66192607
99149490
0
0
65498511
133474961
86326415
88052470
2131646
0
37761379
144501117
0
86882390
132326482
111177417
141153054
40623293
44308717
96601711
15035355
99216656
134330192
112470635
6040531
123198321
5820795
30101369
113709332
0
141716198
124140803
65518641
128200487
65590332
123299634
0
14927151
0
137804295
76792726
55351020
15413472
145784811
105311797
24622685
133457147
85727301
81246998
81711054
82317724
86012718
84242227
140890963
54407294
23397360
60566042
33471741
59543285
56010384
33481216
81197927
6440542
53817437
9663417
113045358
0
1231932
5078195
149227523
66971432
11146964
0
119200528
3269840
56205746
50033650
15546748
5814535
75110861
11761987
16279707
13034685
73943506
131489077
136910356
52361393
137927051
39946537
18551168
89479302
21366903
13539272
145447375
134022534
116730155
116285105
96240478
86291220
96526873
72851074
107991863
19247299
89346456
145877951
129275041
125621422
80756595
76084340
149492262
16450189
121680658
13178342
88401119
142387324
3757754
143422374
160408
4017319
19082724
23340858
110206731
44532129
48509021
108887023
64194676
119928263
65690455
59483239
134794171
114378048
48155136
56635736
23176015
119282030
126921445
131267946
20362472
67936872
15010848
12684376
113693996
145017227
104537587
136770042
94098676
83548276
104128360
114657698
148072122
148152720
2761060
94868872
38870482
103805864
134840251
60103802
64594207
65161961
122930896
438137
136239210
127600701
115014327
145791907
75414335
11268617
91653105
86262185
91451164
119710694
122366615
115702209
7017277
39374899
26068240
128907676
48691290
45492698
104225206
13043189
83132121
101555785
148076963
70482780
95914154
129181732
57371985
50947720
78333155
145342891
122036287
36132398
77215676
36140137
92726503
45669448
133589792
43642157
6264384
14495361
0
120473807
103279146
12601648
4105627
3272260
96869212
19147794
83025781
114304970
76375439
58006392
86567241
64374748
146392299
115368516
98654371
15994254
15424153
33738795
47933967
126184791
87778247
111005370
32750747
58190941
15147335
118733284
49702813
144813123
0
109001369
113991046
47505118
118511935
130093605
83214017
0
46262586
64710469
88844522
109881485
21887831
68783515
144542900
67481187
143695668
93099709
73195282
106894507
124023877
0
105288430
117360068
29334704
128372636
41112088
70859697
61065390
26013074
101741189
35839246
49788219
90596218
149357696
145205391
32993297
118336276
122206974
0
88567741
41977790
79289827
24115299
5824071
85159877
17951080
96189800
38038117
6625609
56605541
69325418
47692837
26485305
61477482
52042293
125187183
120985804
8409713
42046442
125446642
18298206
37948207
0
1683796
99557612
135215542
67606448
138422686
29912554
59708092
13897442
125692933
78872807
84734124
26429246
103665902
87179189
0
117255985
21340283
0
42567915
61052590
110883402
17328267
63814679
33308066
8672320
0
7796189
69442371
117919368
70821932
95794894
75215612
51218657
131969930
118616478
87150287
134879762
124154015
143464979
115905421
122405690
0
58511062
4586942
7261773
51375051
60481873
118839062
71892948
95231687
58970776
78171375
126302552
33008101
67146729
64922778
57131233
95371277
5052531
17890486
85392161
0
130666997
120213804
66593696
0
75233471
51057048
115796391
89936461
137899320
126130188
70064449
73187193
57154416
5740179
124807504
39711801
63764431
88795082
121048836
132222336
139204156
95760708
49775206
128116366
148229971
101113458
86119977
81553898
23630476
42583848
93263974
12383263
74502977
28458598
103656809
0
143676963
78721499
72239016
21146722
87038123
49735154
98739961
77466887
14033059
53628327
131294249
0
149256625
43902403
132306177
69925021
129824318
57320155
79854038
93177871
40470190
82479683
63967054
105724688
14831888
20463738
134049563
28991372
57987450
104925160
77156224
135338178
28762187
106077813
50192033
22495321
78854322
95412026
89928713
31885548
100411062
108713768
147707749
24141648
0
96482927
88552546
2635259
109197746
113483559
81820802
37775538
93464336
55091335
120066923
135222307
118691276
144282763
0
44726495
81804406
13352174
9983981
0
112542881
8195616
43711169
0
69611130
45738671
129837565
20053292
135685778
129135693
0
54525572
88706413
111314764
67244734
82235245
27759627
56054281
104307483
104128932
105040655
0
135972633
107956833
30487540
4081358
104618540
23804339
120472706
84775261
117809141
18231107
110220834
18448626
0
0
145844939
84116881
147579735
27394568
79496772
97760112
45790564
102001894
0
83064621
132917136
138310887
108917374
25688836
52270796
115274041
10804574
92473435
98975563
17705968
15789440
0
84078924
0
12330346
63875145
149556636
101613742
77842945
6371357
16601466
0
39662288
4074944
87574789
69471547
8280534
29061958
0
99231275
80041402
55849456
38187560
118314903
118572069
59241157
33869894
148697339
143833640
11983266
102745224
38973528
128078867
121517992
47116175
118447336
55622601
49061260
127412581
23251453
112827367
10448439
106916314
0
0
101323650
146581799
286007
6925868
3057048
79811699
95224375
63935310
39249846
27842835
45471362
137173685
21880793
49511273
64028895
33634368
92816659
0
19400713
0
103667130
66543401
5058714
0
44143126
13517410
87118676
96407837
26517632
118161536
59055952
146619651
36475912
149351551
51512362
31735492
21580865
9597072
0
27261957
91709008
46701077
105005797
67563933
47025887
135913811
103427159
100267119
89466417
62064155
12248566
61653190
5166988
141566657
10798580
8266025
27076985
17119738
31442468
146445813
114775654
34421562
123192932
96398497
130461335
0
54184960
113370732
121893754
0
55286283
96567022
1938484
119898160
28367643
74972016
0
90320249
12431435
135131792
139973107
71995756
132670987
0
118963466
81031442
104560863
45572888
43527234
137775533
0
118636126
117376895
46533547
10679245
86066412
81813328
136601844
32809379
27238952
5064453
81741157
123617134
133173455
53749461
67195859
139193080
18101621
33944682
91736260
111317618
115200811
19967908
99371377
34737642
35554726
31714707
70926510
138153582
52754131
0
39467359
27901204
35539763
16802918
106641442
122709922
114339926
0
110379166
57361769
120747951
89183092
100224044
34495436
135201326
128690091
105635112
9318626
18150332
47369353
63284023
114576448
13635814
22881369
32830422
0
54904473
20526708
7615566
105178306
131795953
105415255
85816312
85240427
135854274
2782805
0
106805490
120122016
109274385
25405619
92238577
146240901
29182137
35822987
23054511
122839196
41632598
119076643
0
117490526
63268819
140951378
130196427
11353830
23822330
118104061
125054535
0
53844298
138889691
19028737
15986042
122597782
100924004
29725604
98216745
128837136
34264141
122578503
76905272
146912467
142166919
100590386
122616481
115201253
12546162
36655874
124735320
26525171
0
109922905
74255975
20165137
84541635
91259420
102921288
1914605
78759364
108626145
120378435
353414
60171963
10189182
50423380
34254112
8867330
66787175
107945015
131870723
0
80924674
99012721
6798384
39559455
75756689
42667105
106036847
138707477
43428771
0
109612167
48319364
3551738
5931008
82457402
138440040
38252729
13617629
28515959
132281634
42572380
13991334
47648012
120135868
123530360
125240717
120726345
147686679
0
0
78382650
77198288
28379895
19102122
49357661
54203718
98109708
129865550
149708066
43462844
19986309
90109265
66424050
89006061
124862286
60433273
97985011
134073431
72156228
129727837
64240944
0
128905896
0
108066415
72233364
73847400
53249268
60454361
43553791
8569349
25051046
132933446
0
58426323
71219686
10736455
147594573
78006529
55730268
58607835
121890683
83298756
97804585
101664485
125006617
86212512
26318930
142261742
6908379
9124446
54563743
47179708
49344919
140055472
112316003
95066421
18661676
146794123
31173707
136502558
98495212
9030997
16033606
76811836
76524083
40259896
148073325
131629421
95670830
60359955
130243720
93798543
27893707
90460869
24182707
61243237
15088980
100478643
44553173
5177911
25147453
46766282
904892
91472504
121622456
91388410
34996654
111228511
117581226
87659284
10420447
63553352
141179378
101809970
79835983
96631251
118562578
81241784
130671960
96374318
63155224
49849669
76609484
24394156
107419657
2174230
57721241
79103938
100118091
15254278
121344190
31794024
62167924
43702177
102484959
135299299
24680166
100455049
51994870
22220715
36438590
123380606
57843540
123627795
12354266
38141183
61146865
104638402
57618554
4963930
28770337
56942724
36362615
46474025
111058286
43392668
561843
142899178
93522983
140770107
123180374
7447501
0
8294335
97102461
1060220
119108444
44381376
117785326
82031331
99429385
109679418
118023376
18881420
59970398
77515015
105137882
52381011
132341751
67808761
38157167
92501262
68707132
60773376
81869435
120409098
84284866
24254591
53085832
13579540
68669137
0
126538130
26341934
71124226
115134327
62626134
142561869
62663908
107705578
7652610
0
90288703
82235615
33981591
71404145
89461372
22725947
54994398
9153061
64497258
105406743
71130180
15066369
20466936
112211455
137922866
0
19809001
70115191
26018825
101609412
149385909
28966930
52805367
99810554
84010806
130381259
117825274
10618069
42121284
67576921
0
36542037
62022624
85752437
41212589
0
62630958
61483814
141533956
61190233
24254064
61949195
119875388
54358249
99097540
67641760
144936583
50847911
99157527
40553476
17733478
146561150
46746945
24092917
70337063
144987015
0
142695877
89600029
92314148
76108043
52128324
120750190
51550778
0
12873321
61906986
70705719
51013349
18651232
28745078
118531528
140604865
45965850
48047638
63348384
3705838
115983500
65314105
34171689
123574144
10636783
27581069
55025163
92093802
120529940
146695523
111659126
145070675
102824772
124060334
82033097
69740054
21080097
6813123
91843128
107455275
811649
141386272
20922429
43257292
125309512
76973791
98508702
64252390
110074662
75156894
138092515
0
127323983
34185307
52448486
101713242
94461203
9432807
137184683
137025082
119452100
31439223
99021611
143775878
58814447
5582148
80841656
0
0
39389235
85132680
124945910
34095596
44683579
96905664
6509783
90082504
83360522
40293642
115246392
0
144225983
6095381
145067921
56552146
71921048
77059957
0
0
81106369
45254222
87703263
128741781
136891688
38605380
59384493
24821867
118879926
14920261
35170685
113693080
139599262
0
81051264
71399368
9169867
82048287
114444671
128415354
0
29595201
6552386
25950455
50709817
20100201
24086042
114105813
123608697
8623921
42241260
0
61967905
105429089
146697292
141388372
14371366
39552118
47548542
51661131
68625132
117400945
57673381
16515917
83020755
29820096
113644665
0
31123658
104676392
96128194
126559057
78077751
52765619
31766545
99684909
95728803
13999539
90254180
101998772
93367781
67704766
13997005
47658382
5566976
35841202
16912772
147036656
145074108
0
24949230
78294366
93407897
0
63914616
87043521
140463123
63702790
47208809
61552395
111104751
137557676
131859129
56373393
67611898
46828339
143891470
83940847
106191498
60502539
133827454
138008933
83870171
94039475
121451747
39509230
131628762
84605127
41638610
79878669
20779931
48296730
76854418
107799841
91933583
127722808
137235786
121859464
7986378
127050321
65259208
11499103
65424139
83508309
124146106
23608052
119468138
1000511
0
56345111
107713247
136545868
73591401
49323059
72652045
62928074
132139701
28049730
0
45442966
40074400
30432869
14766481
80251479
13388143
14519353
126757399
111601559
87404600
90884846
98390892
55719232
0
134157035
22708392
59941842
42541499
94971569
112836745
147166812
67400899
6910701
48158463
717894
0
31811951
63458879
53374192
60043051
56437057
62381767
49644797
80108922
9339523
69367262
55565139
16716620
143761658
2187019
142777053
46071281
20011206
28342437
48659178
14804791
124123748
52172720
33095504
36135891
135913445
97270937
132642965
30319978
112129616
0
28357224
100128126
146580368
23754251
62302028
110188862
44201470
94101216
40867954
132302220
3406360
49298447
41005223
74787781
41758808
140282548
28786275
89078975
149666815
49837642
21256529
41521554
52757585
0
81549575
96303011
64701734
57956252
29281726
137962692
38961970
66168488
6231393
31029073
105633049
25348277
28482248
98855984
72524668
22098331
6648346
138753847
135906209
24339102
132721903
142978950
47204509
133821089
31040465
2897175
92822690
70956343
63261548
0
7095908
139070649
60392615
118686080
56952222
104002931
122738781
70698526
69866490
46096661
146577289
75513944
137140144
14390525
61553994
137976590
27446734
102732885
131601352
76078447
50462081
16201698
98064521
29599062
71439248
79444392
78104563
96613952
109302021
139072179
86104586
40218533
52882770
99275477
77056148
17313370
0
28157667
145904807
22084979
82235034
24216630
91102411
41778126
135043654
121312279
95470157
133070393
14100494
13004618
131392635
16009020
36404026
142460521
0
84273044
77046415
119105338
96582476
38321538
29907178
149944302
113876233
82146486
35995731
119745438
138417726
113284518
127112339
77081695
112046726
69322826
91258322
121387606
138503481
0
23639872
115324891
34553555
58400005
71110269
49707049
73633860
64284507
129717070
54789137
141024066
108519752
0
77959009
142928019
91212589
9983886
99176162
53748338
48318657
8338082
38138755
0
42840378
18239806
43586502
41664994
63559501
55472633
71456179
64004134
82511687
126084174
103290404
98189614
27152965
59876063
136990143
106673977
69528951
73072291
73997504
123958167
135080928
94849769
59935542
63353973
90224681
93790763
141358185
107018370
142255829
106274311
47655952
46415927
112490232
23331437
31461906
119755159
24961646
130380900
111791143
26252727
0
13171366
28855893
0
90623523
0
21258511
8200004
117470787
31506679
32747897
106093017
94666556
139201743
136299736
10340182
87435728
132276633
126622890
49086681
149170
107090911
123060896
84473631
148322281
147427015
0
127038699
39406355
97384474
59141856
97174080
4758942
116460022
143585651
44035446
3747783
11011549
28887784
116976390
122182347
18697541
149566213
59347282
50237209
136769719
88663263
63457859
36232095
47174319
0
119002185
30275099
33585263
132483371
48022095
107352566
74566600
140838668
75492722
106174643
77222408
77008032
73991025
67155122
76142049
80576404
47619883
52625359
74407774
128545706
132325340
91983246
62421525
0
116242741
91748535
17630886
77704610
81387928
113094051
28286764
84353277
74473292
72612710
1810401
127408104
51992044
69723646
45320324
1317011
64997183
107651992
7031602
0
123861361
37896732
30380244
754398
79158434
84207488
124755327
62785909
142764819
48305737
74527130
77467001
12121860
32100463
112474569
60078985
52502751
113735705
44010898
108838839
145642013
105314967
28646715
34655930
137792290
124989074
91364224
141488100
109511479
59433335
103947649
148134226
0
95028801
50939961
52069809
37283151
82085300
92365710
109505914
0
135331137
89581908
96875743
90609991
82120480
101096035
78939669
139020584
118957743
122777002
113068132
136093610
125296334
144509328
0
7371619
5198719
74868763
119296895
122917393
72617503
82381307
82629480
53678890
81101772
122523965
60285601
0
84139208
72329591
43431111
46674019
49770433
91664914
112209061
97682023
141757834
76076129
11498502
55323427
120838931
0
10252208
108864742
10273614
131378977
86458479
92345380
148802631
125810193
91907150
16527738
18306079
129725889
96980212
46422281
80722090
96164465
136158872
22165117
70885948
80132872
93179257
63768509
142678794
102483412
0
90379060
100861958
113068446
141367017
0
117643233
70178255
114063813
70498971
123793643
99749331
87000860
23455782
21318506
100122019
50771321
113586302
144973658
27724130
59457196
2898661
117795069
81730751
51276392
97683156
139202957
115901087
49568802
0
57980479
77904701
144309927
83061468
114092865
41213068
31962389
108137050
59405143
22236912
64212423
0
86800566
42896515
61726620
39311070
101147847
0
139637950
4974159
99308592
120495638
129810489
124891076
55685795
88842517
76181921
10449797
129740355
146145949
125033614
60056079
0
0
89288399
70116755
52296642
50331943
71043893
34716016
27918298
22825430
72992596
86554616
23437511
14249342
0
24833934
83930259
15860344
0
35616705
109959389
87452789
0
31987122
7558205
130750745
27769880
71625503
90173041
0
17780333
0
114503980
31612182
5937075
115584572
129905005
86587625
21788739
96669428
76918476
68834646
103892332
118424952
131837737
3155141
71546399
80320134
0
98569811
62805961
120218416
10922578
0
131852849
49174588
22693442
0
0
89458035
0
107399347
39172083
0
28536934
79756919
74528730
104359971
121974242
121092336
1108747
34702211
40058812
68445941
129070795
7148574
0
84523704
89890985
2221759
141106095
70140586
147168562
37974533
137981062
47707542
79348913
117171206
96456626
0
116823145
53400644
95382391
108157079
96027459
66495925
97017896
79768866
24677941
137852572
11828007
106692292
77351793
148413356
116732411
78378085
482651
11913168
124612901
69034521
136810844
120154067
0
81980379
55766448
66690900
73954706
56738235
100490398
57879527
118794239
74779879
125433967
68682893
46619667
63260340
16528090
12386996
11755062
0
30672493
112583745
94997085
16002115
0
80985786
28104328
149441949
70833687
101770058
0
71732173
97364721
91141136
9069786
35889649
102673750
37714284
36024103
57098805
40380066
67774351
16485158
133953980
135455405
101004919
110324560
75127221
36791112
48225450
74864153
41813492
140646561
146753824
108480226
127148929
92046486
74712137
113119623
101507695
60165495
98521435
149762025
50352773
20939874
36454998
99159162
68038119
83329077
111790666
34280234
147891427
111207610
66296207
40346035
95813894
55888006
9718420
137476529
31974153
89587560
1879273
84937509
144719677
96397322
149788040
112416934
8593869
137156346
13294087
66277320
22920238
20433489
74348253
71094037
22524889
24184535
30520825
36498377
71786366
86539693
72612551
861521
79592768
15649041
86568608
41414529
53983223
96034793
56762347
4761350
75989084
48529384
66646156
78050594
103672932
0
144561483
55155051
9053319
59132014
68245626
104238809
58329000
64504011
81081163
131098149
133405683
50683544
0
78169531
95307782
137889516
9095782
127194678
39040909
60563108
15846125
74171301
97051804
49674901
13944480
64872105
105466513
124323238
653262
120618618
137109371
97190391
21098995
0
359803
0
0
86609750
50071022
43673926
72321298
0
0
42666485
95619167
28657275
142815603
1830003
143142447
95107715
75359618
30893615
71011593
91846173
141362618
0
26488169
0
105354788
97918683
80702867
73080202
58957640
1056922
63693054
89155898
56829660
63907233
88869394
72094133
13913808
149367162
13898435
0
70052243
131945076
0
76522960
21389737
97312333
71621765
147003911
105273830
62737876
64524388
38612549
61103244
62224110
615799
149725714
40067369
87737480
103829655
34988698
55046231
37998334
62003031
115058663
9044606
87316573
70355081
142148787
105330422
11603915
27005246
22830621
14239334
79521751
22076857
54256063
118345192
27639040
129342394
57612602
105001365
142067838
34153895
124511356
137631301
130726150
85596248
116135639
91689867
68411812
102674790
55189784
25296958
65974876
39740362
116261231
102518006
120122474
101570890
101949512
134557213
103083952
31973922
85704116
129070251
16298383
26915137
37294118
102239784
55955500
55921359
29720230
7909053
27453530
11483583
104571252
0
101242654
14711044
48508914
110680827
87344281
0
56919781
49232424
49348664
97004084
147637971
51371954
8435735
120605869
77153923
125989383
103565261
21343624
77704840
0
78118275
133849926
84296748
124555388
2404349
0
60172951
26793607
20147945
73494319
119012781
0
48245271
41728484
69369053
85670051
143460749
44805986
54215525
100321623
105522590
81831937
149362343
67104487
125111265
0
39189517
141795148
48944464
9611917
147492746
10577826
0
141228190
22188779
26807875
40043492
0
40774871
103259002
25952999
7947318
70579163
23994017
67438371
36700201
20277901
10680205
102210647
54336054
26056780
63698489
0
125925990
61893171
138520822
119452505
38255208
55281305
12899221
102785660
118595086
27602970
123123571
62150286
40149392
90824246
83094804
74377162
43036351
11945395
66247743
125815872
112640885
144644014
131936634
140986924
132761138
83549424
84826185
73695405
101334008
20667643
38923430
113910113
0
87857077
13885463
27014543
133420494
101760392
13097779
65634330
16191300
27187524
40711623
59755255
93433792
141741775
45994300
73802680
98356886
84183747
0
80146369
20027352
0
46854438
17455403
27044474
36467422
7956520
74773346
15619832
22516120
128423018
94335718
410211
5581878
85368429
112823170
80986723
43847070
137702799
129060718
123489578
89331342
108135472
32880795
27519117
86209874
70649834
11755121
131681870
77182192
1100869
97698826
124164543
33471229
50947584
76036899
47844150
116637819
131816308
63308219
78765405
89836105
24577377
28024320
4746488
25773920
17731797
118304044
63931036
111077132
26638372
0
144624426
102717281
130660282
7359125
84808837
82122453
67938839
48067084
36528596
136106649
44455022
144443071
54685336
103555819
137356361
48357692
47726888
54203184
107083423
51093435
127354363
55221580
90900726
131506222
125067098
97278301
43603353
58441213
21467061
103114356
57022081
129890232
34869798
143305242
131210321
48136637
67548430
86457097
115570914
99657276
39835661
82038646
23526006
1587427
20122811
104086010
73563758
86084096
0
116133123
49403993
67081150
32881030
31472998
66680696
97541393
121801769
77673529
140998741
65839243
139846212
104708772
40322259
3802868
14811933
55848706
0
122998284
67845892
14096569
78959779
122990616
103277286
18660784
131800365
31268232
74821181
80417951
84504431
65975562
51263908
0
44205594
136576719
144909476
93556438
103050127
63493068
28001876
72475901
102470853
72367850
86460479
58730342
80848777
125390833
56274474
94910853
66704882
8943008
5134791
99570428
80179445
24062509
18581459
1423204
0
42935808
0
110048958
92841611
88955031
132791955
134387954
41661182
510289
123578512
84046562
129435844
128224038
138601218
29336582
140071444
80750295
29799393
138397306
143514320
45180464
48053331
32326632
13704552
67601263
74418170
46181119
66060751
16956621
10076769
139747268
32338810
81623370
56019142
113725746
88608891
49625157
50013798
18091374
138276922
79774314
0
51051174
17078482
61954283
34369173
142691171
10515350
0
59887794
34153602
119592484
9131149
132781151
47204162
139655647
7538474
99129479
130850659
92980852
29188141
0
13449483
145458800
26053461
119484849
18142401
119337404
96247180
26347452
21627641
104230831
107579468
11881582
106252073
121403433
127503071
44110660
67853554
114683989
6197661
64095493
47048475
56277770
39523638
73778192
90077834
138151169
93309594
145658911
89313559
107019818
117912691
41410551
12861797
131786262
0
73984592
40963821
21060188
41420932
138402634
66929319
118936407
64194676
119921219
115925535
139528029
52420711
65112466
54781597
14295582
34154260
130648795
114302161
123580185
112162793
79931939
16104052
60799848
63036179
149051673
111465955
91695956
33940662
140714347
86032919
44736677
89320723
0
128525160
122362726
50343416
121794715
103768716
0
21384029
1369655
80212833
62911833
140828406
96975412
34244889
146141740
104219139
88933620
0
136656546
13430912
133343977
112216090
84173455
96746307
15186131
66702025
39062376
121350122
131495708
51641363
36381670
66724360
36309860
59813695
11229928
41406259
85006051
96698621
113715047
91203508
142635010
33384697
96602342
4443930
10872039
26352335
103694167
0
94268537
71299918
137722707
94464649
0
148354731
97964484
89078465
141763311
15959626
33428725
63416010
67117449
