345
345
678
279
25
678
1234
1234
689
1234
345
678
789
345
389
1234
278
467
234
257
1234
456
78
345
1234
356
456
678
567
345
1234
389
156
589
567
1234
378
1234
1234
678
789
78
678
567
678
356
789
1234
234
1234
29
467
789
278
1234
678
389
278
789
567
127
1234
678
789
567
567
389
456
1234
789
567
249
156
123
78
678
789
678
789
489
359
456
1234
789
567
678
456
1234
789
678
456
68
34
345
45
234
89
345
278
79
356
246
678
1234
678
67
123
259
567
789
567
345
1234
134
89
1234
456
1234
123
134
345
146
789
234
567
459
48
1234
369
0
279
1234
567
169
678
1234
145
1234
289
257
567
567
4
45
345
1234
345
578
456
567
489
1234
234
678
789
1234
345
678
7
78
289
123
678
478
278
789
567
1234
789
1234
156
1234
1234
789
17
1234
678
678
1234
234
58
456
456
178
456
123
78
156
345
18
1234
389
789
356
0
278
25
1234
789
789
478
17
179
1234
567
1234
567
123
1234
567
145
1234
78
1234
234
789
467
246
678
456
589
567
378
689
1234
456
1234
678
678
1234
167
689
1234
23
123
123
789
1234
678
345
0
1234
389
257
1234
378
567
1234
678
1234
456
678
1234
359
456
567
1234
89
678
678
456
678
456
1234
1234
478
267
245
589
268
234
234
567
1234
289
345
267
1234
456
345
367
568
8
1234
345
1234
1234
789
367
567
478
789
36
1234
789
789
0
1234
1234
1234
356
789
567
345
256
245
56
578
389
567
457
567
489
789
567
1234
456
1234
357
45
567
349
789
1
789
789
678
1234
138
78
1234
489
567
578
1234
135
678
456
789
1234
1234
456
678
1234
345
245
1234
589
589
189
169
1234
34
67
189
89
0
789
567
25
456
267
167
345
1234
234
456
489
467
456
678
23
245
678
78
1234
289
489
467
1234
1234
678
345
1234
78
478
579
456
258
678
1234
678
1234
389
89
67
489
147
1234
234
0
56
1234
234
1234
278
678
678
89
389
678
178
1234
1234
456
578
37
234
678
345
123
1234
1234
156
678
0
1234
1234
234
356
567
789
578
567
278
345
789
367
678
1234
789
1234
678
45
456
567
567
234
1234
1234
789
289
345
789
1234
234
1234
245
245
1234
1234
567
123
789
345
456
1234
123
489
136
567
249
234
367
1234
456
567
1234
138
567
589
123
1234
678
456
567
1234
678
179
489
1234
789
68
145
1234
346
23
234
256
567
