11000 3456789
-819849 
304871 
-25435 
-480678 
-748194 
596023 
356280 
-506681 
-288604 
432096 
-258738 
-1602255 
-105329 
728714 
994918 
-1418475 
1686679 
1515256 
910650 
-205316 
252389 
-94559 
-245048 
969854 
843071 
1498508 
-584298 
702338 
-1307069 
1597510 
844178 
-892840 
-1461190 
1276249 
-1580171 
65547 
-854438 
-43969 
-488566 
-330095 
-399847 
-222084 
-1558693 
541450 
151912 
1677819 
-401106 
-392080 
814735 
1258139 
-1462311 
-56774 
1305642 
-1079544 
107357 
-1649552 
-521383 
1122455 
94394 
975249 
517695 
-100228 
-1032096 
-437626 
-1672135 
1435123 
1606002 
82018 
-531191 
774954 
1153178 
-1541610 
657105 
1461026 
-532653 
694645 
-1104195 
-1199449 
853172 
-232583 
475009 
-19678 
-1735922 
361554 
636119 
-1241364 
-102410 
793925 
1498256 
-1309477 
-379889 
-796533 
173364 
1725937 
-184487 
320599 
-1684691 
405340 
1552626 
-1011751 
-1503967 
-179662 
914742 
-1438719 
947892 
-785353 
-936000 
1153325 
926682 
-257964 
900948 
1233928 
1125131 
-427572 
-697821 
225875 
-1213166 
1322570 
-59227 
-1421374 
-1541141 
1540196 
69289 
-960886 
-606601 
363771 
-606418 
-74757 
56321 
1581547 
-1436974 
-1227125 
1203778 
-1596422 
-69465 
1495834 
-10589 
537494 
169339 
575795 
-119898 
877422 
1323530 
-1433411 
-846177 
-1199643 
1099242 
-1541070 
-771773 
-191778 
293615 
-204550 
-868741 
1069627 
1227417 
202044 
757009 
542590 
-1687016 
-170066 
1196670 
1425055 
391842 
-1315791 
-1492727 
-257542 
996456 
-68506 
122115 
1391107 
337509 
-981932 
-834914 
-902714 
591399 
-354175 
886593 
1474066 
1632037 
150386 
540386 
-230599 
-1171999 
220184 
1128238 
-709864 
818502 
1558878 
-942670 
1051464 
449057 
1292990 
-215172 
-895541 
-1365750 
-1162828 
354997 
-1065730 
1275607 
1630416 
899657 
537397 
-1469213 
-570144 
583031 
-990148 
1076404 
-385539 
-1248162 
1146639 
565827 
350157 
1582777 
1738317 
1395857 
-325326 
-757039 
-1051950 
-1621081 
-1513316 
206120 
-748783 
1196914 
-1465444 
-220209 
-1550791 
353144 
-705452 
1461850 
-693245 
123107 
565069 
1622081 
822924 
-1108603 
1705084 
-646517 
1495001 
-17089 
-222745 
1326446 
-1426053 
329831 
-525186 
190899 
-1068278 
444635 
485672 
688752 
1351576 
941730 
657756 
-1588850 
1195947 
-219702 
-27816 
1490966 
-1342542 
395390 
-1175949 
319213 
-495038 
-609764 
-296396 
-1034727 
843736 
-1321712 
489158 
-229434 
898781 
-190261 
1286828 
1212352 
-1005897 
-1111127 
1289051 
79191 
967068 
-490216 
-58408 
-1667513 
-1386472 
565486 
1615553 
-403422 
-816007 
-1627332 
-1564044 
1606802 
-483022 
-1646775 
650180 
582516 
849231 
17733 
542947 
809102 
1085555 
-574968 
13077 
-718586 
1232100 
-1589326 
193234 
-317287 
1350869 
-445730 
-1391348 
-879324 
1698544 
1422544 
192509 
1493964 
57304 
603510 
186445 
1088966 
756552 
-127526 
-1323218 
-332004 
-985370 
885537 
1225669 
-1186242 
-1175523 
489364 
-255818 
-1527019 
897916 
-731870 
-1540832 
-255433 
1436111 
710662 
-1400524 
-1111462 
-845653 
607089 
836879 
-1073796 
-1289724 
-899138 
1183460 
-91530 
1658021 
-639555 
-505725 
-1716231 
-1198493 
-568182 
-1435635 
283231 
255023 
-1334421 
383650 
1013040 
-1329168 
1180021 
1605857 
1144542 
313919 
1530988 
-678509 
-701099 
1132278 
697574 
-875534 
-1095175 
-98478 
379529 
1740590 
1096162 
-801382 
-825143 
-1182935 
-1587221 
582213 
-745298 
283768 
-1207904 
-1242372 
448965 
-243553 
1602420 
-632843 
312499 
-1321782 
-683096 
-788187 
444609 
46354 
-1421910 
-41975 
1533875 
-1165581 
-424856 
-559495 
1067146 
1527035 
-625362 
35342 
-1003823 
-1253723 
-1317068 
1543002 
1729284 
75227 
842986 
73013 
-1377030 
1748953 
1657903 
872887 
-1382019 
-1599237 
1619279 
-771110 
455762 
-1502847 
1147553 
-1572110 
-952778 
-832302 
1006939 
1129101 
-206330 
714822 
-1493230 
-1717569 
817064 
-1597810 
1111586 
-579298 
730140 
458024 
1505849 
297599 
252485 
1514383 
227669 
934189 
-92133 
-1479209 
-564252 
1611017 
361993 
1012973 
1042380 
-1727501 
-1603129 
-783380 
737025 
681748 
-853543 
1010835 
100706 
-1432320 
-6079 
-664198 
-1667873 
-434800 
321279 
-755914 
353526 
-1295820 
1648045 
-302080 
1449500 
1744398 
-1402459 
1375667 
-161647 
-803760 
1206708 
-1357078 
1083890 
-554551 
158953 
1030354 
-835531 
-773764 
1343744 
-1202039 
-666524 
1231547 
-382052 
1353566 
-608254 
571578 
-985511 
-1489785 
178123 
1209458 
-637187 
800892 
-416266 
314349 
-1740816 
-1389283 
-1171482 
-1594706 
768647 
150704 
-1122500 
-851352 
-678581 
1591148 
-1081881 
-682339 
1424083 
1563899 
-551673 
-475078 
-1144220 
1593758 
792956 
-790488 
261652 
1587015 
-534025 
-1364625 
244483 
25869 
785079 
-179136 
-737384 
293070 
1132345 
-1679561 
-885993 
1611611 
-146751 
1060615 
252971 
-818660 
-722723 
1688795 
-1423768 
222841 
287946 
-985160 
913610 
539799 
403766 
-406603 
1730619 
1512665 
-643341 
-1139773 
-667194 
473808 
796585 
700724 
-428068 
1464897 
1519384 
293601 
-448615 
-874664 
-482345 
-776947 
355746 
1014783 
-43766 
-583211 
1471518 
798710 
1412768 
392279 
-970109 
-1623993 
-1458631 
-1204073 
137952 
1554178 
574038 
-1637668 
-282046 
-1341949 
-139321 
-70689 
-1568655 
1112664 
48948 
169198 
1710443 
-1588302 
-85697 
1682134 
-1376424 
1447378 
1076565 
-1165840 
-1274862 
396326 
550596 
-137390 
885343 
1454152 
-560140 
732536 
-1269581 
1645737 
-594414 
-1316197 
-1329898 
-590028 
-1102251 
-34305 
934141 
-886783 
-1168528 
-950641 
69872 
-1659458 
991989 
-1632728 
-1256528 
536305 
1173431 
-646413 
-259589 
1580040 
1231592 
373592 
-41451 
-158791 
1700466 
-1275972 
-761386 
-617137 
-1723264 
-389907 
-1165312 
592818 
-1015512 
-1705683 
1082561 
1602843 
-511340 
-1587171 
1418281 
-1458004 
-1166478 
-1490261 
-816701 
701963 
-608337 
-816471 
1064304 
-749506 
-445350 
1509683 
1746842 
1179460 
-807559 
360643 
-666722 
1408013 
978142 
130851 
1214698 
-64310 
634861 
-1385940 
-994245 
-1283300 
-1420338 
-1616082 
-1493704 
816917 
-581414 
172972 
-1361033 
1114575 
668438 
-564422 
-1246821 
-819037 
-48453 
1153457 
-348078 
-1644812 
-1360214 
891337 
702675 
862040 
-1690271 
1115364 
-83280 
314902 
552458 
-341970 
-488142 
-209906 
102135 
1576284 
1113177 
1658263 
-68102 
-88732 
-326506 
419762 
-1064017 
-1440325 
-1548911 
455194 
-559936 
658709 
422547 
254451 
-450211 
295626 
-1410021 
272746 
-958554 
91167 
-752724 
1468186 
794921 
741822 
806414 
1400901 
434726 
-1553412 
-1698456 
55983 
-599724 
441084 
291019 
1651913 
1707199 
-108250 
650300 
-912669 
1266348 
10475 
1048716 
-236211 
-1000836 
-55512 
1517247 
-632322 
-1433636 
-1121903 
-1329773 
1512221 
-1105440 
-1133105 
-595273 
-1746375 
-322529 
750765 
600335 
-672590 
785461 
-756191 
-805410 
1468889 
-1377388 
-763162 
1039042 
1687246 
549089 
-965043 
-481188 
1166294 
-1594495 
829042 
215899 
-882511 
642613 
-608636 
1161070 
1596061 
991253 
-17085 
-139801 
-1136075 
-1520848 
-396071 
241996 
220355 
510564 
-947095 
168981 
1564063 
-1293407 
216441 
1228494 
806377 
782355 
-457053 
813356 
-923657 
-1403475 
-1710577 
-659592 
-1263582 
979423 
656208 
380309 
856458 
-1012351 
-1088549 
-749659 
488486 
-1021058 
-415436 
263655 
241268 
-1510084 
-1484798 
-7407 
1517521 
481280 
369016 
59701 
-1099579 
-631545 
1130625 
909408 
-78435 
1248736 
1498817 
1116183 
-305121 
-671366 
354470 
583629 
-1454790 
339481 
661043 
1154172 
1170427 
1373016 
785775 
1026549 
1715053 
-1105669 
-1478216 
-1373663 
-1152380 
950356 
-1358510 
1514173 
213375 
-1307666 
-1438972 
205428 
1631214 
320182 
-1699638 
1191996 
-120974 
284703 
500261 
884530 
-1709753 
-819472 
-365181 
1408771 
-285100 
-168120 
-1094276 
998784 
561302 
1297237 
1166896 
1518767 
419263 
1057858 
-576764 
1331482 
-781705 
878798 
-40776 
684412 
-1585525 
1086989 
-982132 
-692223 
-193845 
553916 
-335866 
593692 
-323930 
1714841 
-1162668 
-456011 
819058 
407812 
1101392 
-400146 
-1746405 
-832930 
948142 
-78555 
-770268 
603690 
-289007 
656421 
466946 
967857 
-1227717 
-1740692 
688834 
-771441 
-1602517 
-1008449 
1503336 
62848 
-712020 
-427473 
967548 
586045 
665541 
-245183 
-1285161 
-1205595 
-940779 
1323866 
711839 
873095 
-1391283 
213875 
94098 
-492644 
1130911 
-1279163 
1604889 
-1133931 
-471605 
1229878 
-437703 
517911 
34757 
-346011 
1598887 
-513087 
543224 
-1533550 
-381325 
-437415 
-1631818 
40123 
-1159463 
909069 
1224407 
-1394917 
-1361843 
1504551 
-518992 
-697298 
-1491635 
586173 
-697641 
-245962 
-375253 
122623 
-567483 
-187409 
209315 
449012 
547810 
-1454132 
899311 
1720589 
937429 
-1624970 
-371818 
-1649545 
-397569 
-449737 
1270591 
1320336 
895391 
-1165900 
1213733 
1202195 
-202994 
776736 
-391132 
-750976 
-659415 
1705743 
-83756 
-684552 
-759639 
746332 
-397058 
1138842 
-976079 
-455140 
1463662 
-1727237 
-664783 
-1006417 
648650 
-640463 
1745945 
93840 
-1326872 
1266913 
-995384 
579130 
-64475 
1368925 
-1484492 
1639824 
1526952 
1478370 
470480 
850868 
-459834 
-422442 
1519885 
1711006 
875982 
1628055 
-280434 
1243084 
1011386 
-1130153 
18223 
-1731750 
472921 
-122162 
1330130 
994882 
1474347 
-646463 
-1101245 
-625235 
-1320362 
-1320245 
637071 
751352 
-24607 
-566489 
-976166 
1574141 
79821 
1054025 
1490401 
-326521 
166794 
-194175 
-1493352 
-267800 
86162 
-868236 
-940899 
-682264 
-803627 
-61341 
1549727 
-745707 
395346 
1584404 
1077468 
12777 
1242219 
470297 
1289451 
-201808 
-289509 
-776269 
1249049 
-232056 
-1173336 
-1255137 
-594098 
495360 
-987298 
-25790 
546707 
1004162 
-49557 
94604 
1003760 
197942 
-1696322 
921232 
-861405 
-1641938 
1453298 
-915262 
-312707 
1326251 
-1196912 
1505108 
-1646281 
-1541436 
85724 
-1230188 
-1276693 
1115360 
-136722 
1609115 
-98485 
265604 
1510777 
-872710 
857973 
-51435 
37669 
-392177 
-812038 
-1423429 
-1073372 
-1155895 
1373208 
501904 
507520 
388129 
-713707 
-773510 
-1380429 
626984 
-777217 
-689978 
-960633 
139588 
1059190 
805533 
595668 
1388211 
669130 
572508 
646147 
-710531 
99578 
599175 
829084 
906979 
1101489 
1225970 
385988 
-1692716 
-1479348 
601431 
255712 
-248221 
148675 
-212153 
848708 
1728505 
989573 
-246869 
-1625474 
1666319 
-1174547 
-616321 
1486278 
366268 
-632962 
-1696616 
-518914 
619038 
-1322203 
-765674 
814673 
207617 
-82307 
-825764 
-1113591 
-1626671 
-955785 
1122180 
-1014031 
-1315156 
-1330989 
-1433359 
37197 
-1332189 
-594634 
-1512705 
-34536 
560022 
790015 
-1225660 
1335530 
758832 
-317843 
-992916 
62072 
248564 
-1392076 
885306 
834374 
-1169121 
-408534 
767821 
275439 
-1191339 
673600 
-1305691 
248297 
1132626 
-447324 
-167779 
1136493 
1531467 
369018 
81862 
349668 
364925 
1298473 
939841 
404501 
1455566 
-1295737 
-456043 
277814 
214767 
1081928 
1462006 
-1563859 
1216101 
-992859 
1013653 
-1532158 
-1485569 
1049571 
138086 
311988 
581695 
1052719 
547888 
-153546 
-1151055 
-1286969 
-83648 
1134543 
265766 
724778 
1341080 
-473015 
-1463962 
195574 
508101 
-344683 
-592940 
-1043293 
375134 
1381382 
1393453 
1261866 
1683615 
-975022 
-194416 
1453958 
-322945 
760197 
1627201 
-635612 
-722924 
-1682018 
-183353 
-1611626 
-94548 
-67930 
-698462 
-52882 
209643 
-1028948 
-32316 
-640359 
-15083 
-1498861 
1642088 
1074325 
-311835 
-1503423 
-1533020 
1535824 
101106 
-1706855 
-1112442 
179746 
484594 
66395 
-605296 
1282316 
-1113869 
701793 
33086 
-427822 
-1401825 
1519134 
-412431 
-1723643 
224292 
181057 
1519858 
1247747 
-1108774 
-1162176 
800957 
684767 
879229 
204924 
157902 
855395 
-1368976 
622868 
36235 
-5886 
-918019 
-1147564 
1384911 
1200423 
1508600 
1040555 
-888652 
-1078448 
1025003 
228067 
626838 
263558 
-1388382 
-31789 
1219185 
-1660451 
-1706872 
-1404773 
980283 
1114599 
1066667 
472852 
-1281212 
-1324374 
1246888 
-1546265 
-576871 
-471424 
778805 
-630039 
-1561116 
-1674700 
319435 
-251936 
705096 
-450161 
1146568 
-635161 
-149585 
-1076335 
1540973 
-867792 
-488305 
558425 
-1558212 
1628257 
-376969 
-721680 
1731257 
1740692 
-694093 
-121953 
1335741 
795560 
977081 
-203421 
598038 
-769617 
1045267 
1300328 
621062 
1197381 
-623551 
-1026863 
14560 
-282396 
-224225 
953724 
-764035 
368142 
-644673 
981381 
-1423215 
-974161 
270961 
537792 
1671199 
336579 
886136 
782009 
729645 
-851072 
532702 
116934 
-1690250 
1460150 
-1251792 
-370432 
654695 
-547709 
-350668 
317139 
-352196 
-860205 
1041361 
-1349464 
-439539 
1174108 
230538 
145363 
113150 
1210215 
1590834 
639980 
641417 
294571 
-1648996 
-1674037 
964346 
-745096 
173811 
-1259974 
-1385629 
734834 
-1151681 
-1302788 
48461 
-1022768 
-1168167 
1620285 
-1370559 
-1477623 
1587298 
712484 
1212746 
-1384331 
1552603 
-1405461 
-78169 
-1283198 
290530 
439019 
596544 
-1388294 
1434986 
-692019 
-266795 
-521723 
-1099357 
-393291 
1457825 
1658147 
1469103 
-1279465 
25728 
-1593449 
908594 
237937 
-1485823 
275688 
-503797 
-809396 
977779 
1023959 
173224 
-630403 
-687128 
1437009 
-1690460 
1443802 
477684 
-563667 
943672 
-1703642 
381710 
-93704 
124839 
1661135 
-803321 
1584630 
1381573 
1098926 
154138 
600046 
1464785 
-352304 
834260 
405174 
-1241689 
1433677 
-1694796 
-1434789 
499447 
1201833 
708685 
374433 
94205 
1303797 
-579812 
-900322 
-1219780 
-1340557 
-1236853 
-1290050 
632812 
-822982 
138012 
-929650 
-625318 
779563 
1621758 
-1110227 
-1088048 
678758 
1386751 
618350 
1107211 
-612812 
972484 
-463245 
1739847 
-885903 
-368171 
147832 
-394786 
830546 
987836 
-1433493 
1276182 
795430 
-1205400 
-1159867 
1108878 
-592031 
241524 
-705769 
-358227 
-714727 
-417524 
175443 
1666476 
1469549 
-798055 
-911448 
790763 
847978 
-39790 
-254071 
-170124 
232379 
-411591 
-1617709 
-827870 
-1510432 
-328369 
605770 
-329704 
-827696 
1412052 
-1145209 
-1032843 
1009309 
-1049738 
556615 
-479846 
-764594 
1476694 
298000 
-15120 
1384730 
1660125 
-278653 
-325550 
-1017425 
1131985 
-721671 
-1623427 
1068573 
1007727 
364371 
-1008579 
-679748 
-522008 
1117209 
-565946 
1140728 
-779909 
-436183 
1570126 
-884957 
1525357 
-818523 
1580749 
-846323 
-154129 
-453031 
-1593204 
1520478 
1179143 
860997 
-1719475 
275917 
-170930 
678125 
1239257 
-307058 
-1731844 
-1105889 
-1674395 
-1553714 
233094 
1105928 
-1173641 
611848 
334864 
55337 
-950797 
954730 
-1353677 
-1248395 
718941 
1234927 
418989 
-49854 
-1397231 
1742882 
1122326 
1429910 
1489947 
-957027 
1243337 
-1737576 
552926 
527671 
-427569 
-645885 
1610637 
983752 
-75154 
384161 
-908214 
-853068 
-1513543 
-119762 
-338828 
-186814 
-289184 
1179618 
-1654232 
1327731 
-827970 
310338 
858038 
1050037 
968666 
-1632539 
-1580446 
-1061587 
914073 
1332824 
775163 
1159117 
283655 
395262 
167373 
-957146 
-753452 
-262692 
-1566558 
1367613 
970547 
-1516848 
335435 
-844651 
-42954 
-922538 
-94256 
1331428 
-1688089 
-709753 
-826547 
-275341 
-658440 
595181 
210297 
-533381 
-1029549 
367598 
713286 
704518 
332889 
-1633137 
-1134815 
-1329952 
-1497836 
1369320 
1659755 
500064 
1076664 
489093 
-1320332 
-824664 
-127108 
-1308436 
-380953 
-1179481 
457430 
-1466672 
151423 
461035 
-386042 
792030 
1150306 
-806528 
181831 
529854 
1261805 
653063 
23649 
-1536426 
280537 
485534 
-1628581 
-1566728 
-1504935 
1064245 
-1738477 
-586410 
198749 
1381572 
1080272 
1633820 
-1385240 
272196 
296986 
445039 
274331 
1184258 
-669307 
-35313 
1488009 
1470524 
1595931 
-1193940 
-1051374 
1053794 
1119240 
-1428439 
-1271526 
461747 
1081623 
-159613 
-1615878 
-1562573 
-1661766 
703271 
372033 
-1741165 
-254904 
-166024 
-859927 
-1287076 
1622048 
255082 
-332822 
-739067 
-6838 
568091 
-100854 
-1044874 
-1703087 
-776778 
-313234 
-518419 
-1563977 
-758966 
1565156 
-423259 
-1708776 
1608015 
-1100170 
-64784 
-327393 
-498930 
486153 
-1728139 
1671091 
-1481283 
-422068 
811402 
1228903 
671625 
506656 
-124253 
1186504 
-1433219 
-1109504 
568021 
-1263711 
-1192512 
-1553069 
569320 
-434903 
-1412242 
1452857 
-1336327 
-153416 
1036877 
285547 
684620 
-1593227 
1141889 
1235949 
86944 
-1731632 
-1040042 
-993130 
-34618 
-823124 
1248254 
401354 
1056366 
-1162269 
-755884 
859105 
1479525 
-1125944 
767118 
-1053347 
-601645 
-343774 
696945 
-953478 
1389971 
-1250837 
1680849 
1529767 
-213497 
-746154 
-102006 
579105 
-474784 
303074 
1273084 
1218683 
405380 
-1285412 
1585908 
-1650211 
-1092854 
400449 
-151780 
528576 
771264 
-1366698 
413156 
-84102 
498202 
1280888 
-622392 
963684 
-1355519 
-711766 
346163 
965991 
-1094138 
-178021 
501410 
-807712 
1289356 
1711055 
1702051 
875825 
-1016479 
-464817 
-173088 
-597516 
-946058 
99683 
-1131091 
1745659 
-1217342 
1133245 
-548853 
1422517 
-252397 
-34678 
1661553 
-780540 
-532700 
-83899 
411254 
-550085 
1713999 
-1319059 
-427969 
-376966 
-661362 
492990 
1190910 
-877526 
415146 
-1645810 
-631583 
487454 
-866022 
1276187 
880894 
187246 
550251 
1068318 
226202 
775839 
-1478560 
-155518 
702025 
428900 
-1481871 
193259 
111128 
-1270608 
-1610393 
-383126 
799252 
24403 
644835 
1747110 
-1320780 
-1353572 
507231 
-961348 
-1367988 
-266118 
362377 
465365 
-1114719 
413343 
-441740 
-830250 
495999 
-737248 
-929206 
-162096 
-1351432 
1479201 
426250 
-516835 
549361 
109250 
-1327077 
1320168 
1565411 
361827 
1729451 
-621583 
561410 
-379723 
-1512654 
822295 
-1182932 
-1539312 
790783 
1192682 
910551 
1626740 
-1383713 
1432583 
926811 
-1584632 
-1410280 
-579533 
285540 
571271 
844988 
-1289992 
1606088 
1519045 
1582472 
112781 
-1490824 
215536 
19664 
1487666 
-805963 
-814742 
-1370146 
-1540744 
1211205 
722995 
-618774 
-1241752 
370527 
948987 
127033 
48226 
-1465231 
-145104 
739677 
-246664 
-1678564 
-1632182 
910467 
221406 
664897 
-581491 
-1125478 
1599149 
402386 
901001 
-1378480 
-1608547 
-850179 
1542966 
1124654 
-1442365 
-823982 
827746 
-576340 
1447534 
202555 
-1160247 
1734500 
233740 
1474532 
-1042642 
812466 
1611468 
942207 
1674604 
1565981 
-559526 
539132 
-301380 
-794030 
245542 
321738 
-54187 
-729145 
-1243987 
1317968 
-415690 
-508173 
-871945 
-285071 
306944 
-184767 
-880356 
-1646366 
534932 
-901014 
1150494 
-1152990 
1189341 
749366 
1599337 
51787 
-1109210 
-1496381 
1332390 
481061 
190177 
801620 
1329486 
663394 
-1338692 
-1388840 
-729599 
1636519 
-1531821 
677596 
-641160 
527029 
-723227 
221070 
-1470574 
1055703 
1695012 
1567856 
-540120 
1211375 
81080 
1205695 
-878758 
706929 
-1148268 
65931 
-1393035 
-1235305 
231806 
466921 
534757 
-331606 
-1305814 
1678508 
688792 
-1475450 
-386943 
-351799 
-1181306 
1285158 
1142812 
-755357 
-789760 
-1503197 
-1231874 
-1599310 
394214 
53143 
676876 
1262678 
1325498 
136974 
-870076 
-365865 
400886 
182753 
-1478270 
1210394 
1085660 
1192684 
940600 
-833923 
-1737079 
-1580235 
-1013381 
-890836 
717524 
-1578453 
944090 
-1675355 
-198786 
1509169 
97534 
1258663 
348420 
396673 
-612764 
-1727278 
-1355945 
-871564 
-868564 
549087 
-994326 
870177 
-1431019 
866037 
-1019576 
-19896 
1600058 
1670275 
-1196138 
507599 
1723038 
94897 
-1073927 
8647 
-1662783 
1105878 
1498509 
-560768 
670698 
-1079667 
1529131 
-391122 
-592046 
-21552 
-1716980 
224473 
-280262 
644558 
581354 
-1191253 
-1389044 
-667441 
-178452 
251930 
-813953 
1391066 
-360994 
-1729524 
-609920 
573012 
-1384540 
1538446 
-1345404 
1298086 
1427816 
1309423 
-520030 
-641806 
170861 
1659319 
177310 
1547881 
-264027 
495758 
-1289500 
-618235 
825836 
-1171588 
119453 
-1352696 
1239272 
-56227 
-11503 
-833115 
1333008 
369862 
265536 
362355 
101102 
1722007 
274832 
-894830 
84220 
1478590 
665179 
670277 
-1154713 
237112 
-1357992 
-269955 
-1136939 
1459621 
344371 
-1163175 
1514385 
268730 
1547194 
-1308810 
328708 
1599059 
-1119612 
-1318428 
-323290 
-1529027 
-1361222 
1440521 
1334616 
-603286 
64326 
-367074 
1082899 
285950 
456214 
-915867 
23602 
1172292 
1218236 
-112764 
-1720844 
-1731883 
1736011 
1141845 
483756 
-9874 
-1459148 
595778 
-252318 
1297984 
-281189 
-939684 
-1276211 
-1277863 
-1046937 
-1363403 
-220310 
253982 
-1323688 
-1218464 
-220651 
1525678 
1078032 
-1010503 
-1530483 
-1335414 
1204018 
-1070659 
-1070080 
1661689 
1508196 
1246527 
-619082 
597184 
-1131944 
1419490 
1361462 
-909033 
-615339 
494434 
957030 
-1204659 
797325 
-851424 
1621281 
1363256 
1242184 
-116144 
965678 
657992 
-1131869 
-824519 
-1191221 
-855716 
-524868 
-1453771 
-34830 
-890560 
-1635182 
-505622 
6607 
-956344 
-1279594 
1364531 
1667120 
-1711893 
1714558 
1070936 
-1270902 
454748 
-1048906 
530382 
-376405 
-1740961 
-325635 
1049300 
-909308 
-1746746 
443314 
-726683 
1636098 
-1604374 
-719638 
1052266 
-70813 
-152250 
-363829 
-366967 
-608799 
-1579255 
1454920 
-1656261 
-1274276 
-260309 
-5576 
777230 
911965 
898456 
1349771 
-1406848 
1104389 
962693 
-514717 
1149699 
-509253 
-1516846 
363457 
1126400 
-98098 
-225741 
-21163 
1314795 
-1244841 
965365 
-1105766 
392573 
470748 
-1634499 
481719 
752061 
1389835 
-40860 
-736344 
267874 
1152627 
-304506 
-826283 
659745 
333034 
797189 
360306 
668552 
1356955 
345937 
665365 
288259 
776625 
1241645 
1331991 
767210 
498618 
1275975 
813815 
-211220 
-976683 
-112859 
173036 
-285228 
1167396 
-579579 
-475938 
-1595133 
591757 
-1342553 
218573 
-1443428 
-1194029 
951856 
-653575 
-1631814 
109781 
592621 
-825761 
-1060094 
1499880 
1484395 
225157 
716421 
880362 
1742485 
1446413 
-1132221 
261102 
-666183 
-42094 
-470912 
-1122316 
-1272979 
540012 
477145 
879783 
-980163 
907199 
1287451 
1183439 
-442233 
1383966 
-691846 
-847461 
1717477 
1130888 
-1660957 
296970 
171637 
699009 
-1254265 
76310 
1540398 
-22726 
-462577 
-1024656 
-1394933 
-1645655 
-1516030 
87407 
-956357 
-1496349 
-1640281 
1299919 
743378 
-1040466 
-1113208 
1304930 
956982 
1497486 
-256718 
841808 
1262907 
1673622 
-942587 
-1056022 
-58450 
1125547 
-431799 
1747942 
-1333564 
797557 
-461390 
1426575 
1443810 
621055 
1077074 
377569 
308124 
-1355267 
19631 
935163 
-1216117 
727538 
-1276209 
-1243869 
-212554 
1108314 
426538 
828478 
1225538 
119827 
1428247 
1549617 
916626 
-1269230 
554529 
-537433 
867980 
139953 
182710 
1299039 
-54732 
612406 
-789823 
947514 
-134668 
1139538 
212377 
-583144 
-900194 
943937 
-745958 
-311452 
1418672 
1627103 
1228466 
327834 
904299 
1555522 
-1348960 
1023611 
1337077 
-1253635 
157295 
1157683 
682300 
1421679 
-333761 
980370 
-924050 
-1000224 
-267980 
559396 
773346 
-1365402 
1195041 
-1438640 
-1227581 
538374 
953123 
-356999 
-1078826 
1675771 
184752 
619746 
69558 
63444 
-1189728 
-266732 
531045 
271984 
234427 
-990355 
1109471 
-1126468 
-1049393 
-647450 
-197769 
1090838 
711642 
1067174 
-1505297 
-1519063 
1609173 
864135 
-1481067 
-301409 
-1282434 
-870127 
-1228394 
884330 
-1568596 
-1392009 
-1501307 
-968347 
-380 
617883 
267783 
-371754 
-577191 
1147086 
1080300 
-1405633 
521672 
245183 
1293324 
-1600492 
1537130 
1048222 
-1535610 
1336 
1458817 
842025 
1412053 
-1122665 
-138244 
530439 
591967 
-1307358 
232091 
1747423 
446511 
511297 
867767 
62464 
-161015 
-682974 
1259414 
-1021186 
933392 
524130 
-448801 
-502645 
1046792 
-1067279 
-259781 
-1632528 
-1399685 
-999063 
-1747602 
45596 
-166338 
849964 
-1650366 
-205805 
-963189 
-822675 
-1697719 
-1562455 
324559 
-1637636 
247201 
203667 
37184 
-1543493 
516624 
-600799 
-129447 
1377379 
610943 
-883253 
-1332960 
435170 
-1091341 
1334494 
839443 
15184 
-304488 
-525379 
458855 
1468659 
1748136 
-1571333 
1601869 
604837 
1497139 
913928 
-1106624 
-27250 
502610 
-1627865 
-21570 
1464832 
424158 
-670241 
-1735206 
-1603451 
804068 
465039 
408630 
846872 
-1122447 
25585 
-500957 
1411894 
-293250 
-646154 
581952 
-1633899 
60987 
-492101 
-239923 
-381961 
-621970 
1045578 
-467935 
-90240 
-1157062 
-747289 
-1681450 
-1133879 
390951 
1206816 
458264 
-1463074 
1111143 
-1025647 
-543393 
-1314344 
-1680944 
372551 
-42112 
-779925 
-694575 
-1215718 
427528 
-38073 
604750 
33733 
-47850 
787811 
236482 
-1446510 
-492361 
-1112089 
-875387 
1365009 
-786695 
1012337 
845635 
-920210 
533524 
-61737 
-1614079 
681120 
-912066 
907002 
1482954 
509302 
-1155002 
-1126636 
-371429 
1391132 
757351 
-703056 
-265208 
1654288 
-376533 
-398104 
1071508 
1332370 
148080 
283442 
317582 
100973 
-451489 
-176233 
-949081 
-1707842 
-208364 
1524228 
1198207 
-730126 
-224587 
-1628242 
642346 
-1595000 
-665992 
-332018 
-1234421 
1090043 
1353106 
-1350740 
-894552 
1270137 
690405 
1139961 
327689 
-1529205 
-843941 
1376775 
956867 
-443039 
-1656675 
-1231015 
-1161353 
635407 
784041 
-127478 
-528404 
-1380391 
1268731 
1558335 
435231 
-67116 
-1012478 
274550 
1369974 
-1355278 
-165103 
617212 
-524142 
249824 
-1214081 
-56503 
-1153675 
185537 
-185825 
-1162638 
42501 
315780 
1322218 
1009520 
-991808 
1187407 
-255533 
-245420 
1724960 
895778 
-1656232 
-784064 
-259410 
1089385 
786894 
-1179352 
-873949 
1036352 
-1536442 
14065 
-1613077 
21409 
-686420 
-663834 
941869 
-513570 
-572290 
-485277 
-1042149 
-1398462 
-1454816 
-93344 
-839023 
35236 
712857 
480102 
1576414 
-205383 
-879816 
425551 
1733213 
-380805 
1304287 
658338 
1182775 
-1101360 
938733 
-717628 
-175613 
-1022013 
1021532 
1384594 
-634336 
-277772 
484340 
-705926 
494610 
404194 
-217085 
-1539904 
1340779 
1480722 
1495613 
-237255 
-1048010 
1594280 
-940223 
170198 
1019586 
182716 
1412087 
-557152 
-1546517 
-1317992 
3875 
-1378701 
1675497 
-926220 
1013790 
771342 
-60304 
1463829 
1067489 
295523 
353691 
1482909 
-254888 
100750 
-697111 
1653740 
899769 
-1074480 
1219483 
-152757 
1615333 
-594972 
-191456 
-1301310 
383080 
-1576508 
-1370988 
-1698396 
1061663 
374515 
1469380 
-125679 
1709154 
1243683 
577889 
87553 
1496184 
-1131217 
-356070 
533110 
-20201 
-19206 
-788870 
-537610 
1392383 
775594 
1405803 
-1169094 
42453 
-498675 
1276525 
-436137 
-1147111 
-1501538 
-1352738 
533071 
-671234 
-924343 
1060206 
380491 
416122 
765159 
1022926 
308866 
610581 
40123 
-1152039 
-327339 
416055 
-365266 
-32118 
-812661 
-1397173 
-794114 
-1178994 
1642384 
-945920 
-1079533 
295378 
1414270 
1140878 
1733224 
-205495 
750742 
217555 
-1054270 
1384758 
-1375493 
-418225 
-1105955 
717477 
1142401 
-668871 
292399 
345981 
1399615 
-165301 
778940 
1650397 
722287 
1470673 
606900 
1166550 
-795630 
1339545 
1729472 
-267373 
264395 
-1316249 
1304342 
1568310 
81402 
-370549 
-1310428 
1129066 
-791018 
-1644486 
622162 
-1322300 
1108675 
-491222 
525920 
1634866 
-1306099 
388500 
-1475605 
498983 
408890 
1718435 
-257431 
-643005 
1015256 
908545 
-588981 
-1005442 
-471444 
440565 
-1430167 
1188069 
383899 
1684969 
769949 
1030873 
874506 
1314500 
807262 
1657630 
-213103 
-1119355 
-505265 
-993248 
1475469 
707707 
1428046 
1665436 
1490499 
1322413 
797609 
413356 
-226382 
-304933 
-1012350 
-1061568 
1226866 
1437834 
1675272 
-1200385 
-874551 
1427582 
876027 
-1110439 
-1153648 
640933 
-830778 
-1377953 
247052 
1209407 
-1490128 
1418126 
-551095 
-1252979 
687349 
-1218286 
-734891 
191855 
1008450 
-1485175 
670589 
594171 
725104 
-181174 
8746 
1490 
550758 
-907529 
160460 
-1642650 
-18174 
-956753 
-1148513 
-550993 
455424 
-191952 
856285 
-414893 
-1113425 
1171315 
-1209990 
-1308095 
-1651992 
467973 
720317 
-130228 
-1235037 
1227621 
125862 
1356263 
-785899 
403497 
-1421181 
1709831 
-1372601 
-802740 
841464 
-1022154 
-1336698 
615577 
3389 
952452 
-1140487 
1340488 
81419 
-93996 
-1291147 
-301269 
1070043 
1218615 
-736030 
-1453741 
472311 
126574 
-665909 
1064276 
-1209176 
-1620029 
-1335508 
-380681 
-105078 
1453071 
-1234323 
-767570 
452561 
692938 
1711583 
73210 
-1567466 
93808 
1625118 
-640551 
264350 
1438242 
1540794 
-372261 
1404436 
353484 
1513319 
-152896 
-728488 
-702920 
-1484334 
803807 
-417262 
1073768 
824959 
1593358 
1072284 
382771 
225969 
357755 
-215287 
674452 
-978920 
797903 
-1643486 
-64778 
-216619 
-713076 
-676117 
1005828 
-41431 
167040 
447430 
-1537396 
1490231 
314874 
95061 
1695078 
-829987 
1400434 
-413521 
944558 
-815329 
-732385 
312052 
1654350 
661580 
-331271 
828260 
1061819 
-507248 
686795 
-43389 
-1246388 
-538330 
-206437 
-1083017 
1237998 
-471960 
-1227315 
1509864 
1292619 
543165 
982272 
-455491 
-940089 
-1073882 
760867 
-1105582 
-21987 
1467964 
563105 
104453 
-1456947 
-906904 
163980 
1513608 
1205373 
708497 
712267 
1066284 
1029418 
920886 
325074 
10576 
-747292 
-1737057 
-1209864 
815136 
997629 
-1352958 
331907 
-640856 
-1359460 
-444357 
692630 
36795 
-1080773 
449104 
-1414770 
960508 
1264408 
-1088846 
1266314 
-563449 
1119636 
1714302 
267690 
1557435 
-697805 
491882 
58947 
214064 
-229218 
1037874 
-446837 
1016134 
1662718 
1305004 
-1297107 
1024131 
-423056 
1690909 
-889501 
-1337670 
-1721953 
633715 
353580 
-373577 
297925 
-1282123 
863745 
-1029880 
-1689860 
1019153 
-101141 
1126111 
-1451820 
1260729 
70342 
-760096 
67314 
842505 
-1024149 
127357 
-1517390 
1731415 
889061 
943806 
540827 
183207 
-832588 
-314378 
1247782 
-530988 
680802 
741671 
-1739919 
-313085 
-1523666 
1250216 
-1617449 
27833 
-1206743 
768856 
167491 
1014140 
-344219 
216849 
1082046 
-52546 
-1136999 
463473 
-1416842 
1135810 
566944 
1621985 
-797001 
-694606 
1748681 
573227 
-1266100 
653647 
-658543 
-1129246 
1265978 
790151 
1064308 
-668041 
231487 
-1394518 
-1663934 
-746365 
-161388 
48054 
-863884 
-1295698 
196496 
-1496024 
319715 
953977 
-4040 
-1403781 
155067 
-1289361 
1710083 
-642574 
1267146 
-571575 
1035749 
-1169153 
-947560 
-634261 
970084 
1198126 
1395658 
-181731 
1144445 
-1317018 
-1128683 
228399 
-802090 
1267674 
1292735 
-1003107 
286477 
-1176490 
1726944 
-757338 
918387 
330142 
1192744 
-1553062 
689490 
-237935 
1529678 
-1703693 
-461780 
-1644590 
-1116564 
913842 
941283 
148844 
-875462 
114633 
1644351 
605839 
836633 
-1711511 
1128600 
-1621324 
1403863 
1230490 
-655240 
-1610657 
-1314021 
246263 
-1550955 
1101972 
-1157967 
1545360 
-639520 
87209 
-781864 
1716322 
-775537 
-456961 
-1149854 
1402192 
1135394 
558653 
-1218470 
-328275 
-1316215 
-1628556 
-1137793 
1120851 
1147336 
-1730022 
1521187 
-914605 
232331 
-1220623 
-1507713 
-139039 
1178806 
-1309618 
747281 
1550707 
1729359 
1344339 
-1686595 
-101348 
1140387 
485021 
251119 
-442714 
302171 
86989 
-982754 
-649477 
735532 
91230 
309138 
1686436 
936023 
-754904 
-166732 
1235904 
-669357 
-885789 
1539647 
1351372 
1003395 
1055905 
1591766 
-1190561 
-251812 
-710268 
1020858 
557990 
1643303 
498156 
502015 
-1131530 
1377625 
1242002 
325534 
746899 
-1367170 
-531896 
-577033 
299099 
949039 
991424 
-629225 
1620184 
427367 
749980 
1419629 
211118 
-739663 
481306 
812991 
-64653 
-1620862 
-1326861 
1450469 
526130 
1668554 
1386394 
1625327 
-625216 
-999269 
-1719411 
1356625 
-1709685 
316843 
1672049 
623303 
356879 
-926537 
-800534 
-569866 
-1731024 
-1317951 
695804 
877149 
242032 
831943 
-34750 
453005 
1154215 
-1606553 
1162729 
1494453 
1272362 
-415637 
391362 
1121042 
846043 
-1052168 
1716816 
522163 
1497166 
1369462 
550335 
-1019472 
1733539 
1589189 
997870 
-803282 
-1254996 
-1722939 
1564802 
634970 
434004 
303009 
178323 
1081340 
-1422694 
775485 
-428029 
-1380154 
-1740815 
-1375011 
687675 
751599 
617163 
-1348239 
-850423 
934505 
1731230 
1288144 
-1169386 
-1366301 
79838 
1329208 
-509430 
-987787 
-1235917 
434660 
830598 
-1632049 
-351528 
-127310 
-1203984 
1634283 
-604569 
-488806 
-860295 
-481158 
1683844 
-632102 
-1246606 
-709527 
-517868 
694645 
-1095210 
-694069 
288082 
1297768 
-408202 
-654533 
-228702 
-801751 
-31607 
786081 
-842025 
-1416080 
-53527 
-120694 
1494068 
-1700711 
652857 
63454 
-1023320 
55488 
1589208 
1320414 
-1302188 
-370655 
395623 
-765426 
1490436 
260250 
-984847 
-818551 
1112314 
1156674 
1222719 
1731298 
-1077048 
46819 
-605793 
-68334 
-486902 
-365331 
-1112525 
-1209701 
54913 
-1068876 
902183 
983589 
685945 
-317102 
964441 
864064 
829587 
-1138691 
21371 
-1325400 
1499222 
923141 
-274266 
-87005 
701435 
1023682 
-968839 
-1270222 
1372513 
-674389 
-1454753 
962656 
-1142576 
1227952 
-1312818 
-535705 
-1589013 
-1545885 
-1181866 
-1129354 
-556377 
979257 
1376246 
-933959 
445790 
-1103136 
-908731 
962041 
-970894 
-823380 
444377 
-359102 
-1422416 
-1542816 
1384918 
1323360 
-795824 
1588956 
587620 
-870683 
-64098 
704899 
-266190 
-848500 
-1732372 
518844 
1711557 
-356795 
-1148160 
-1629410 
-1489080 
1529124 
-510224 
-334106 
-1323345 
1045313 
-1427346 
-401159 
-1280412 
1618092 
276043 
-1545535 
1197944 
-1656802 
121293 
1567669 
-188097 
-838536 
1219149 
1239082 
253639 
-89710 
736886 
-1652541 
-1748465 
-454760 
841684 
-822167 
-163513 
-667907 
-1018893 
958844 
1285483 
-393795 
-13899 
895531 
1187645 
257383 
-165314 
564678 
-1459629 
-484619 
-493988 
-461759 
-1279094 
-736089 
1060191 
131769 
-854785 
1128019 
-878267 
-1533939 
87640 
-537780 
-1472742 
-367116 
375822 
-1061289 
-1084423 
-1391361 
-1098846 
1195124 
-51139 
1514958 
-594278 
971086 
549069 
-1289998 
1504079 
-1444486 
-1477297 
66961 
-1578997 
-1198498 
-659864 
1164946 
244684 
-101948 
1563776 
886262 
-591116 
1610107 
-937726 
145928 
-890545 
-1389172 
687441 
326502 
-477423 
1459363 
-481886 
-55936 
1382185 
878131 
-759919 
-458349 
29279 
-1399699 
-1247182 
109900 
-909933 
1748529 
1530237 
686550 
-661273 
-1511308 
-1056629 
233401 
-728817 
767315 
-1232004 
-292419 
-690548 
-48045 
1007584 
1461027 
-527175 
-1728903 
-680469 
1355643 
-709761 
-961153 
-1593759 
-814377 
1271562 
146581 
-412426 
-1649903 
573332 
494402 
421401 
-1519342 
424680 
1092198 
-935681 
-484497 
1555695 
1561498 
1098959 
710887 
-1130550 
338393 
-128544 
-936389 
1614291 
-605303 
1172473 
753274 
781096 
-621516 
1684001 
-1494006 
-752054 
-1278732 
-1648699 
-190502 
729399 
-1488924 
649115 
171655 
1003776 
458744 
-396839 
1335186 
-1533734 
27098 
439744 
-1223994 
1335685 
-139969 
-458194 
-863413 
-374806 
632275 
649450 
-1201393 
-312301 
1161861 
893786 
-139447 
1318817 
-140526 
681257 
1390448 
-241495 
1190941 
-351211 
1699861 
-943498 
1131139 
-948598 
-579700 
979583 
-145761 
191243 
1212810 
-300473 
457807 
1364399 
-538699 
585977 
-489674 
-1446170 
1713453 
12357 
1184759 
743688 
667740 
1707129 
-1276914 
901623 
-1421801 
-1705951 
75515 
-1312824 
-626483 
-1295818 
1687983 
-1064747 
303459 
736021 
1308754 
-1275605 
-1592971 
-1557110 
-843733 
1380770 
1594992 
527196 
-1424885 
-1048166 
-1020808 
286322 
-280949 
-418195 
-596458 
-672514 
-1451124 
-1045282 
-1560446 
-910989 
1504131 
-572233 
474960 
-842077 
1207531 
-1523505 
450932 
1310945 
556811 
-677869 
-445625 
384549 
-1376741 
-386586 
-1358721 
1471884 
-39148 
45258 
1154144 
692487 
1123370 
1479960 
-819707 
-814601 
994740 
-898839 
-784193 
1074708 
-875413 
936621 
-1204836 
1321619 
1442689 
-734100 
-525978 
880628 
-792653 
-1126598 
270235 
-1154463 
948704 
-1125365 
-11330 
-1429423 
-306062 
1022871 
-614419 
-1533824 
-1475342 
1433247 
1588896 
-418115 
734314 
618368 
1411046 
-552800 
1582302 
752176 
-170462 
1547629 
-1002080 
33870 
-1249719 
-521848 
305489 
-151097 
1512849 
-1046095 
-1217804 
361038 
-1029734 
766954 
-296082 
743576 
-1217726 
1675512 
-666295 
1581041 
557500 
398552 
-537066 
30506 
1717794 
-530765 
935491 
798226 
279996 
-1600270 
-1740668 
1091418 
-33387 
-1142546 
1725012 
-1716355 
213913 
739515 
534131 
-364984 
1221266 
-1679344 
-726712 
1156760 
-833516 
1598997 
1336961 
300581 
1363945 
-1181916 
1545152 
-636119 
1252293 
-1705069 
908907 
-1493347 
-181076 
1656393 
-5661 
-638787 
-1588506 
-16883 
-259948 
-950346 
1537766 
1227326 
-1329075 
-769713 
-560223 
-664225 
1378675 
1397293 
-695483 
1014092 
-1147443 
-72117 
-1069974 
-44910 
1195042 
-1427300 
370674 
-89514 
537164 
1622728 
1193035 
-156580 
359726 
1420238 
-60436 
-742045 
-1055405 
-197946 
1626033 
737893 
1270007 
-1494897 
-1735858 
1442810 
1305009 
-1210273 
935891 
517993 
1414123 
-1337002 
-985498 
-1261936 
637749 
1647203 
-455896 
-746526 
642525 
1424261 
1047686 
-33019 
1542798 
-1698724 
-962513 
44825 
875354 
1577229 
-516852 
263166 
-964586 
197501 
1402144 
333073 
1462302 
-98075 
153451 
-449558 
770458 
-916624 
1304402 
-923709 
1227751 
-1194287 
116012 
319874 
119466 
-1127230 
145642 
1299697 
510822 
-108156 
-1281272 
1154688 
-660268 
1372863 
1701395 
341607 
1381387 
1470343 
-1445134 
1628103 
533199 
1477308 
118484 
-133113 
-733392 
874740 
-1745255 
993236 
-1675871 
1635690 
-1457926 
139286 
-528381 
-991338 
-1422052 
1076704 
1162614 
-441360 
-1441846 
885945 
1074481 
-1191296 
1386101 
197235 
423422 
952662 
-1117180 
1048105 
7786 
1356994 
994861 
1121069 
1303549 
-1247686 
-1362865 
-1667075 
-1028437 
1566617 
-362535 
375282 
363535 
-1068193 
-1621186 
219580 
1486241 
-241074 
1271602 
819171 
-1186451 
-1184119 
-492980 
-1021982 
1554914 
-1052069 
-120417 
-853981 
637104 
1300540 
679294 
-107622 
691566 
-349659 
-225635 
1745311 
-54119 
421221 
-1030659 
-778144 
1232601 
-183015 
563016 
-1385112 
-1083782 
-1123259 
389647 
289996 
-1530203 
-128651 
766732 
-541102 
-1298042 
-687266 
-875065 
-215371 
-736086 
1097061 
306289 
-698112 
-1171209 
-511812 
982788 
1214827 
-1406099 
-307374 
-28884 
1054109 
-590760 
593323 
477852 
-1241083 
1112735 
1233610 
-718886 
-323147 
864867 
325495 
96250 
673043 
-158159 
-1685076 
928433 
1167604 
-586267 
-886894 
473836 
1266116 
-386983 
-1020171 
491586 
-1409358 
921546 
922568 
595727 
-1113422 
1221306 
-1012369 
-1379099 
-1524274 
1518702 
-677880 
-632742 
-1486658 
233413 
-523266 
975783 
-1013822 
-1305354 
-1091825 
196025 
1087384 
-1336050 
1013628 
1545316 
-1381906 
307239 
1264089 
540758 
-977377 
-1268499 
-1161014 
-668256 
116225 
394623 
-75035 
-1107080 
-696051 
-1535244 
-848108 
1349612 
-569790 
-456871 
362803 
631271 
1265251 
-919799 
434875 
946381 
-1673927 
-692674 
-766362 
-240300 
278367 
-991878 
10387 
-420799 
1136767 
-856356 
-768207 
243298 
1105537 
-742477 
-1316034 
1420234 
-132039 
-181269 
-1588498 
111997 
-661422 
-519703 
1358813 
71808 
-618675 
437505 
-355498 
-350661 
433939 
-782246 
-1206376 
-64070 
1168787 
-1692642 
-232040 
-892428 
-1535076 
-1530071 
-1404780 
860770 
1466805 
-1404406 
156012 
596689 
1059371 
352077 
-1149924 
227364 
-699291 
10330 
-1377748 
182566 
-1108114 
-566463 
-538739 
-81573 
994687 
1697873 
650451 
1630842 
1060961 
-926852 
901715 
120194 
592526 
1091924 
1458744 
-395148 
1747348 
-822985 
95527 
-982533 
-428810 
-502678 
494810 
269830 
-969747 
961643 
-673788 
1637964 
-1733817 
735412 
1577103 
862053 
-1476639 
636598 
-202603 
358228 
733354 
-1522540 
-834776 
1420838 
-483523 
420919 
877635 
1407263 
-1122532 
-1391117 
-510985 
881089 
-34855 
-1306785 
-643600 
1514330 
-654034 
1150052 
-1576521 
-1585771 
444315 
-1392996 
-590381 
-28300 
367891 
-1359772 
1319825 
-693024 
343063 
1356921 
-234423 
1046454 
253395 
-694582 
-1346461 
1023008 
1697217 
124971 
390649 
-370537 
-1116025 
-538046 
1067382 
-1504534 
793956 
-1485591 
673420 
-831088 
408993 
-60945 
1193754 
1431474 
-211891 
-1747077 
-1630826 
-793612 
257695 
1576091 
1368313 
-1263696 
-946119 
-914654 
-586124 
1517875 
-567690 
-164560 
-754197 
1205033 
-1514027 
-1245357 
-711226 
-1067293 
-491602 
1152418 
-307131 
554705 
-1079558 
-134983 
-651393 
37618 
-1249555 
-1276729 
513524 
-195324 
193247 
-105655 
-1235802 
-1122213 
466870 
-320457 
573901 
-443989 
-126682 
-1151926 
1587903 
383187 
224563 
1222891 
1120993 
28548 
299710 
718491 
681283 
-1671851 
-793387 
551993 
-1154608 
-1493236 
1677436 
171868 
1078990 
1090741 
-918172 
-216824 
-669025 
1196239 
1196667 
1379939 
1642262 
497330 
618588 
1605718 
-1193774 
1742804 
-193545 
-1413024 
-1199689 
320342 
989409 
497549 
800468 
-533770 
-570171 
133442 
-744157 
-1549133 
228308 
1171502 
-1573299 
64326 
-372936 
561096 
1337563 
-72735 
-958528 
523171 
935875 
248563 
-1405772 
1694177 
1525061 
1193149 
1748800 
-910755 
-1552639 
795407 
-1595110 
981741 
1119662 
-1346025 
1363321 
-1168973 
-1421369 
-1443871 
-1642404 
610036 
1372279 
-1108990 
-1301982 
-412406 
-1304624 
691701 
-1587796 
1418596 
339255 
356583 
1083053 
-621534 
1374687 
869531 
1714402 
-1549246 
-1675456 
1604536 
-67923 
-580264 
-1503437 
1739022 
-765331 
-415113 
-1309248 
-23767 
-444475 
-1283943 
-1726214 
-971709 
-517664 
621120 
-1338876 
-994550 
590315 
-1078869 
941603 
-1480541 
1551287 
976633 
-732796 
405880 
118955 
768550 
-1485958 
1497937 
330262 
-282144 
507309 
344635 
-223049 
-283806 
580566 
-432112 
-4776 
224929 
374131 
-1478656 
1732199 
62672 
-178907 
-390273 
-320635 
1095510 
-1267338 
845311 
641845 
487184 
1603677 
-504017 
-1015464 
-900268 
-297892 
-1675647 
-1596938 
-1744385 
1617625 
-573027 
1140968 
-257488 
-1603434 
1092508 
790221 
-1257220 
-602516 
-985913 
-1233603 
828373 
-528966 
-324212 
460525 
1551018 
-43506 
288818 
-336967 
-411363 
-1281336 
88580 
1262231 
815873 
-619576 
-711474 
-1738975 
1552722 
603134 
871700 
-333086 
-1675687 
1220281 
-732561 
853712 
-1669186 
-1505591 
524137 
-322797 
-244256 
292479 
1699845 
-1207258 
-889628 
18636 
1722879 
924532 
-1398779 
217109 
-1546445 
-108294 
-94825 
-1230865 
1350438 
-692635 
-121657 
-683464 
22388 
-1728610 
744336 
1061134 
-1515928 
-1696439 
-1047480 
5294 
1472672 
-799412 
785318 
332411 
823609 
-98143 
-986835 
757785 
-413775 
176455 
1183445 
-339238 
-78743 
-425805 
988275 
-1065679 
-1366220 
1446192 
-1343356 
712338 
-1242480 
-1366925 
95766 
-455647 
-53752 
-407459 
1329888 
430961 
1662476 
733934 
1231252 
1659067 
-567454 
292339 
-655810 
-700343 
-157753 
1644754 
378474 
1508518 
-334291 
-934589 
368010 
644303 
-193378 
1395014 
-493606 
-1034897 
1487542 
620194 
604849 
1698171 
-1340677 
249485 
89363 
428254 
1667275 
889964 
-1376619 
1671287 
-1681169 
90908 
-1614810 
-1104569 
-498444 
1650919 
-1009112 
856207 
-1734955 
-894844 
-144972 
-539767 
141122 
-1169511 
23123 
126820 
-36055 
-483756 
7464 
-554491 
1177782 
-1011923 
-890293 
-658241 
449943 
-1314122 
-1445430 
161525 
-1255237 
1240067 
-691309 
1175478 
-1247720 
1572991 
-1739689 
50926 
-1581517 
-1556926 
-1250267 
769987 
1665853 
1495640 
218909 
697741 
-1571713 
-1287959 
775014 
-1334759 
1701695 
-1618458 
573511 
-3731 
292345 
-553171 
-1148020 
728245 
111909 
1354409 
-451233 
632328 
1536741 
1500724 
1674287 
-255383 
-1218974 
1701426 
861047 
-889845 
-126620 
-106553 
1156034 
963875 
-1647991 
1209175 
1608990 
1301458 
-1400626 
679067 
-421259 
392391 
911139 
1008756 
159481 
-595913 
1497110 
430674 
329572 
-1389080 
-1267086 
1593527 
405551 
1600914 
-1435514 
-1185412 
-1217451 
-706229 
-1098658 
847812 
684521 
251293 
-1020285 
-1435434 
159139 
645707 
-1100890 
-1652619 
427282 
-674665 
898747 
-759089 
-511152 
1561929 
1343865 
833291 
1616429 
329440 
-99419 
-1432288 
527222 
-982007 
1412190 
1173165 
-1620012 
-1048519 
44241 
1564284 
-1075916 
1573889 
-643687 
55115 
-1177327 
1671137 
-705643 
-1738036 
-167537 
1708877 
101456 
675777 
279482 
253134 
-1583622 
1564641 
1424913 
1515259 
959080 
-1749483 
-61877 
-467542 
-481383 
1389299 
1455156 
-1186625 
-598139 
-918022 
-1196213 
-753980 
1357740 
-460620 
359407 
-438954 
492218 
-1298077 
-1278391 
575797 
-85356 
419449 
687619 
-181054 
-1477975 
-823274 
-1269344 
-1371643 
1302914 
-1424681 
-1119966 
-260392 
-1403186 
-346363 
-819656 
33847 
-1625185 
-481465 
17959 
838149 
-728982 
1496421 
-659745 
-334321 
-1435155 
1342618 
883501 
-1497166 
-1364723 
-1404204 
38495 
-520884 
-998627 
-1418082 
1288797 
-692418 
36913 
891746 
575538 
-927391 
-1153492 
-244910 
-210320 
156161 
-394533 
1589281 
-961670 
213790 
-1337231 
-1346798 
-1126241 
-737865 
-797709 
1405798 
-1249764 
-1283299 
-1400533 
-1259709 
-434436 
-568924 
86080 
1249193 
-1314632 
481741 
1127993 
-1324049 
-294814 
1064093 
-790644 
1138183 
-1563410 
-1738473 
-516697 
-628403 
1435979 
-1493678 
1257987 
-506288 
-677885 
-715548 
-222226 
-448698 
1229014 
-967972 
-711493 
1439084 
1680038 
-1599597 
-930801 
1020219 
328703 
1516471 
327879 
1656409 
271193 
944700 
1571964 
-1497792 
-1385308 
-878609 
-282458 
-1272747 
941633 
-975865 
-365983 
-1569771 
-137689 
-631583 
483126 
-106418 
-73556 
-752629 
-433036 
-1534179 
-447354 
-685986 
-375074 
-363731 
1267833 
464771 
-594937 
399752 
-1371025 
1186921 
-1416217 
1132510 
1088019 
-1164506 
154659 
-1140475 
1543027 
-1352162 
-283863 
-384383 
682068 
1014826 
686238 
1103978 
1057945 
889765 
-1223162 
1310384 
1616468 
982472 
-586376 
775795 
1294230 
-383717 
1366697 
-424058 
-1148037 
443584 
319479 
477630 
-1473831 
-1177631 
53216 
-1606057 
-993195 
-1124256 
1131015 
463863 
1648762 
1238586 
-1083424 
1386857 
-1099398 
-1081522 
-1646420 
-384874 
-576873 
-498405 
-1197720 
-1579387 
-757446 
-889751 
1457640 
-1438251 
-1681015 
-824520 
-1207191 
241427 
1162472 
670634 
1353622 
323221 
370279 
270923 
-97709 
-697199 
184417 
-1504577 
82331 
1243715 
1126091 
1717692 
1248780 
-1253401 
591458 
638796 
1743464 
399320 
-1632475 
-506367 
1487151 
1055084 
-1711046 
-1548326 
-210590 
-883782 
270708 
-212834 
-106146 
996410 
-838914 
-1628905 
-7796 
-1534852 
-1256865 
-1629818 
-1357122 
345832 
-1094124 
54649 
1488313 
-417088 
499128 
-651744 
1139702 
-534780 
-47311 
-661968 
812015 
1035746 
-1216733 
868457 
1163182 
-1393393 
-260294 
233284 
810525 
486399 
-1099518 
405856 
-272481 
-1593924 
-86148 
1111589 
-523117 
-25848 
-429171 
425821 
-732787 
551004 
-275840 
1458039 
-1736562 
100821 
490454 
566175 
-804246 
37888 
-212680 
-1004783 
118353 
1158301 
565869 
1064027 
1604816 
1144373 
979666 
1239084 
276703 
-947849 
1505771 
-1010602 
316583 
817962 
-517832 
1292153 
-277005 
-627943 
-1338271 
-1321108 
140358 
-9785 
37539 
922001 
1564880 
-1556062 
-739391 
1548752 
371538 
434564 
-779822 
1034591 
374732 
1623019 
-919276 
-1269049 
95320 
-963299 
837220 
1163684 
36612 
-659858 
1260572 
939148 
-738319 
-1419587 
502753 
761702 
-1075250 
-1229183 
1629063 
-845396 
1430962 
1676383 
-23416 
-1558090 
180351 
159926 
-117187 
942473 
-857741 
451960 
1094030 
-1638335 
-988589 
-708871 
52 
869335 
-1578453 
939077 
1574691 
-1163995 
1743759 
-1639881 
1015304 
1716343 
-416178 
-1702112 
1601922 
1510974 
-1057750 
-1101868 
-594350 
-236503 
1097203 
-802199 
-564651 
-1597301 
-832350 
200291 
-707648 
-435678 
-436975 
-1246856 
-1402986 
-477440 
1173552 
1389629 
-6697 
-561983 
1251387 
569556 
19312 
-931316 
-625144 
202951 
-1502468 
523575 
725055 
-1008668 
1321099 
-282633 
-715665 
1313309 
-1722749 
1259511 
597014 
-484687 
-1630440 
-1300899 
283281 
1095555 
-504819 
-493759 
-109416 
-1459788 
349234 
80027 
1017972 
1049665 
1711280 
-1514142 
318720 
1733037 
155814 
770416 
-1618661 
667498 
1145482 
-1377058 
1285366 
1148560 
1347232 
1436066 
-33778 
-709164 
-1411907 
83123 
553850 
-1451445 
565832 
437839 
-1733613 
662544 
-1617390 
1032418 
-1147795 
1012408 
-1460226 
-16033 
37979 
1316742 
-21761 
-1745189 
-1391569 
-1093363 
-1150740 
516672 
208479 
403998 
-9885 
-1630816 
-619836 
-1577257 
36665 
235842 
-1699957 
-676345 
664005 
-1573950 
-384729 
-1646628 
-384431 
-133072 
-40422 
-374884 
-683212 
751867 
1633631 
-1061075 
-986472 
-142089 
-1086719 
-1478253 
1502395 
-1739464 
327255 
1677022 
211705 
-1369837 
154396 
1429206 
158066 
109471 
-1115942 
868932 
-1358292 
1686658 
1162772 
-1288252 
-657817 
567748 
1134603 
1271118 
-325571 
-1366047 
846981 
717055 
1035772 
-781634 
-1419749 
1285465 
-697959 
1401502 
50289 
1708918 
791468 
-1295132 
-777287 
1642015 
-160136 
101304 
1613502 
123022 
-873300 
1449688 
1398785 
-123099 
-421643 
939424 
400210 
-669079 
287308 
-1207435 
-355364 
-1608109 
-491322 
-1144435 
1485125 
-1505397 
296119 
-122401 
806202 
1341108 
-2059 
388209 
623640 
-990885 
-809788 
1385577 
-1609990 
-601096 
-1617748 
-1494187 
-308870 
-676487 
-1719837 
1199621 
-1465422 
151039 
1009958 
-630595 
-407120 
42140 
1245238 
-1292000 
-647654 
-113259 
447790 
1004194 
480402 
-389841 
-59650 
-1537700 
-129224 
1633054 
-258741 
-1657067 
-830229 
846840 
-1661281 
-1653822 
1206018 
1038287 
-518395 
-1157694 
-869308 
-1451358 
-1477610 
-1695947 
217295 
1579946 
-339602 
807627 
778684 
846000 
1714568 
1244138 
1226119 
-621669 
-892162 
-564271 
1299868 
-120082 
1289981 
1718410 
-688175 
1345980 
1387336 
-48091 
234190 
-1471660 
310491 
-76290 
-1206103 
1027809 
-1611691 
-1193609 
1014712 
-1231661 
-1520233 
-559890 
1423036 
1468706 
-951981 
-1449003 
-389584 
753595 
-826512 
309128 
1517809 
-1677160 
972824 
-1742474 
-1266994 
-363986 
490910 
1220458 
-1268989 
1110259 
1620143 
-253387 
830092 
357494 
-1094657 
1600492 
-1526639 
278183 
-575456 
-1180834 
-1284336 
-1327236 
-1348745 
1140818 
735076 
-574612 
-1007432 
1085005 
676956 
-903509 
1218811 
-948188 
-692018 
-243046 
-370305 
-715007 
-1619466 
1140007 
1089797 
725991 
735518 
-149329 
-267856 
-854352 
1406918 
78520 
184758 
725535 
65840 
580585 
-115895 
1648016 
-797633 
-825939 
-551195 
559163 
353345 
-828887 
-1098292 
11133 
1613449 
-768241 
-330845 
993399 
1051086 
1110288 
-1384303 
-1477948 
-374315 
-1604128 
-72335 
-1232268 
-1232107 
1473758 
-45983 
671297 
-1508042 
1338319 
-1369477 
-805001 
1345615 
-1252921 
1664843 
-1477392 
-1519162 
-53293 
304484 
469800 
-74457 
1600146 
-352048 
1624797 
959470 
1307821 
545074 
1562646 
-614977 
-412753 
-137977 
1527459 
-492272 
377367 
409919 
1502890 
-433464 
-1722793 
515783 
-741687 
1474953 
-964501 
1627680 
420243 
16243 
-566 
987739 
426722 
413042 
1490521 
1689634 
-1317834 
-829321 
-1403542 
666613 
271632 
1318869 
738246 
204492 
-99357 
-399407 
161043 
1152587 
-965975 
1362939 
-590876 
-1358816 
-124182 
-1132204 
551679 
568815 
1572309 
791186 
959674 
1243691 
712523 
-1633647 
796739 
-202322 
1572332 
1178513 
764809 
-1348914 
-1692449 
-483067 
1086871 
535734 
-1412831 
-1442362 
-783771 
1168901 
223805 
-1008088 
560621 
352053 
-1550262 
-1259344 
-1300535 
-590543 
746140 
-127212 
442155 
806108 
-248138 
1540067 
1404668 
751901 
-1304416 
680958 
-135326 
584009 
1432846 
-1661277 
-1576549 
1444369 
-492565 
-1036317 
-1380376 
1524219 
1043660 
-1206828 
-662884 
-592397 
1087709 
617948 
1343971 
-873582 
199453 
-790573 
-1162418 
234160 
1532759 
1074670 
-1516502 
-849757 
1640802 
454712 
-1652797 
943111 
-638671 
356210 
-1678441 
439524 
-1418940 
872836 
1253343 
-1565227 
-767703 
1708941 
1163291 
433645 
1275965 
651132 
-921453 
633287 
156173 
-193145 
-1680355 
-225519 
198984 
-1670678 
1410985 
-1574177 
-690971 
-142594 
923397 
525694 
1338787 
-500247 
-650161 
-259643 
676450 
1102031 
-161079 
1736893 
-1533803 
-1122912 
-788615 
252160 
-444025 
-724218 
1069488 
-1122841 
404265 
978753 
-92026 
311590 
886279 
-301580 
-649421 
1681169 
-92442 
333403 
5926 
1603018 
-1073297 
93111 
423049 
1677471 
752749 
-1054836 
-1126640 
-446731 
-699697 
200743 
-105300 
1214818 
-1561523 
-1516308 
-1094977 
-278861 
-315328 
-717158 
718819 
-815496 
-34589 
-332611 
-686643 
-912880 
1224059 
-242048 
-1098360 
-1143096 
-513778 
-563356 
-822976 
247609 
59766 
-6189 
986686 
227767 
-915261 
-298765 
1160821 
913970 
-409682 
-1021447 
34354 
-104292 
667305 
1389854 
270755 
572229 
-550618 
-233721 
-1144181 
-1247320 
1288184 
-489399 
-337116 
592651 
-312730 
939225 
562158 
1688518 
916720 
319523 
1225522 
-157027 
-155240 
-1610853 
-1102466 
-143870 
482792 
1282791 
-131947 
1369244 
388862 
1104799 
850814 
-1371230 
1239053 
-231095 
985843 
65651 
892889 
-1220082 
589075 
-913666 
-1487271 
434295 
1692890 
896435 
-1113577 
-1384194 
347967 
-213727 
-1115644 
-1120607 
-537478 
102941 
1123855 
-870943 
-939332 
1148660 
-476496 
-471625 
903143 
-377283 
1006920 
809049 
187362 
-1009224 
-1031725 
-1200976 
-299901 
-440345 
1617854 
-226519 
898853 
1024067 
-1507271 
300735 
460597 
-745721 
167963 
-1548724 
98240 
-878831 
-510713 
-1560423 
-521306 
-1097860 
272364 
-376321 
-328559 
904378 
-625019 
-1195951 
158288 
350793 
-1725929 
314957 
1480098 
1503214 
1521684 
443605 
670867 
-1738758 
1693925 
795992 
1236641 
1223491 
715984 
543802 
1181044 
1305505 
125037 
1494859 
1098685 
-394525 
1721092 
-1102242 
118626 
-1251709 
1019015 
1084375 
587561 
1641853 
615865 
1347989 
158690 
110005 
858650 
829049 
331933 
-203264 
-252880 
-1161780 
468131 
-115043 
-1525267 
-1168792 
1608712 
120800 
280953 
471062 
134217 
-1713534 
-1367235 
-1612029 
129749 
197372 
-772968 
719455 
-624448 
1398611 
450062 
694418 
-1416325 
-677601 
567995 
-1708041 
-53127 
-411829 
1396055 
-495656 
-491607 
1065338 
-862330 
312087 
-1250251 
1030350 
-900780 
1595696 
-1637828 
531811 
-846982 
-731189 
-593017 
1158422 
-902390 
-963095 
757669 
1135921 
-1079968 
-18227 
1653162 
1690380 
711319 
-865430 
722904 
1346983 
747949 
-1218809 
970376 
-898353 
384134 
-1356571 
-889875 
-631241 
-768520 
-1508325 
79319 
-381158 
-1122282 
-686729 
1141108 
-1394985 
985215 
15290 
1482969 
758517 
1402785 
613639 
-1075278 
-1701727 
1074721 
-661342 
823972 
-1010261 
-950648 
-41450 
-152956 
-1738113 
-1472204 
1662287 
1060838 
510810 
-318146 
928334 
-491712 
-701958 
695116 
-192534 
1587509 
762169 
-231522 
809775 
-1616138 
1072520 
846107 
14187 
437757 
380720 
765616 
1704710 
67911 
380054 
69509 
-756571 
-193019 
430029 
4823 
551917 
1066720 
1362937 
-620104 
913314 
-932258 
1038879 
-1067569 
-1634266 
884189 
-429099 
1627247 
133071 
24014 
1105912 
-1443346 
188131 
1419856 
513141 
357435 
1402210 
1441804 
-1605403 
-514501 
1283040 
553897 
-657452 
-294023 
353381 
-219079 
-68453 
1011023 
-244222 
856596 
1312076 
-1431240 
653231 
-651658 
-917930 
353424 
491148 
1722745 
-1317199 
-662050 
-582143 
-1579683 
1273592 
-731443 
-1361421 
1592991 
-1600048 
-1511920 
-834026 
32687 
-125593 
-348998 
384624 
-131405 
-27968 
-1062051 
110201 
650053 
-1559534 
416998 
1485667 
607115 
1280908 
-277386 
-21770 
1616096 
1732674 
1057906 
234322 
750156 
875860 
-414780 
791874 
-1480313 
-1616723 
1731921 
-1099113 
206048 
1543956 
269635 
-742222 
-525634 
-327382 
-305622 
1403751 
-654483 
600024 
1103098 
260355 
789900 
347977 
-46799 
953840 
1185310 
-488814 
-1004653 
-1195660 
1543676 
-933786 
-138300 
-411719 
-255814 
-1465057 
-717416 
-104534 
92263 
162786 
-1064011 
-1337111 
671439 
878183 
118004 
-1206964 
556297 
1178849 
-582325 
-1143374 
-1680110 
398144 
-395439 
362152 
184270 
-479771 
481071 
359899 
830094 
386503 
-49845 
-1248381 
960075 
979949 
-1003231 
1690036 
-1572262 
-15107 
1590474 
1591269 
951859 
-601557 
1134095 
-259445 
510722 
1711683 
-1747862 
-818078 
-1441264 
168719 
652753 
-1673080 
-456598 
1457586 
1151312 
-1406141 
-1013848 
-1747713 
1695082 
-750194 
-1506047 
-139459 
1111978 
-986960 
-1334000 
455436 
19571 
-71915 
-1169850 
1323691 
1271440 
1599939 
-333253 
-975289 
-1188067 
-334784 
1280421 
-1468749 
228030 
6293 
763873 
421227 
-942099 
137698 
784624 
-827447 
-1409309 
1747561 
-750427 
1570445 
968127 
-192540 
1487554 
827307 
-944894 
-1340385 
1647090 
1135272 
-1484209 
-606545 
1303710 
1450400 
-631167 
478515 
-606007 
-157655 
-215763 
-322590 
-277378 
112644 
-288161 
876280 
-355403 
1245241 
-1235298 
343622 
247300 
-1632004 
402829 
1339707 
948403 
815224 
-1035240 
-779193 
1105606 
412875 
-1313135 
1144712 
-323614 
16619 
-676535 
979377 
-115324 
753616 
-471809 
1298994 
-815581 
-1465206 
283175 
-683711 
-634420 
-1696720 
1222967 
-1095459 
-1379584 
839366 
-1283923 
-1393479 
-1708415 
664806 
1402153 
493839 
1445777 
-1331349 
-484864 
-1111351 
1020584 
-549640 
-1296017 
-1656588 
221873 
1513638 
1707419 
94531 
-217525 
1554946 
-517837 
1214770 
1143114 
824434 
-241450 
-1557168 
1681403 
336572 
762651 
878788 
-211128 
567147 
1531230 
-121108 
1539795 
332648 
1309517 
1045056 
1258916 
1100772 
-321899 
838379 
-369874 
-469855 
-853621 
-311446 
1528324 
37284 
136833 
245507 
-260321 
-216798 
-230365 
-742273 
-1380629 
761184 
713152 
-1559236 
-1577718 
-705766 
-309523 
-1155071 
1214396 
-1644786 
-923005 
-947435 
1460592 
-836315 
52296 
441869 
-506362 
1574012 
1427225 
-1625378 
-219837 
1206595 
234747 
895381 
-1332774 
65014 
685515 
-541107 
-1386300 
-38903 
663717 
587092 
747777 
-605683 
-1715848 
1744476 
-96778 
956401 
-1270140 
-743601 
797693 
-1677064 
-915742 
-1374971 
1357636 
1280877 
-800442 
979004 
623401 
-1502267 
391512 
144502 
-359157 
1149670 
-991823 
928906 
-1382907 
988590 
740427 
-1639690 
731324 
-644215 
1678424 
-731252 
-1652113 
-1561221 
62990 
1666452 
1064033 
1702990 
-845612 
1292827 
546338 
-1691071 
1676185 
133437 
-831593 
-1089302 
605648 
1132228 
-148875 
352296 
-955389 
784479 
238117 
1538231 
-1443738 
603462 
-608972 
-991056 
-179158 
-1116383 
444142 
-810988 
-1270850 
1327768 
-205946 
170664 
-1642164 
1145222 
1243161 
-1194328 
-568439 
1248381 
-966183 
1354808 
-746723 
833536 
-1252566 
617462 
191203 
554820 
857296 
-926248 
542533 
854966 
-1579175 
-695215 
-1478944 
387077 
-890830 
822847 
1091331 
-1497286 
108795 
1516312 
1152419 
-299543 
-1419410 
-20198 
26320 
1366444 
-1181451 
-1139800 
-1117386 
1091390 
-510561 
998511 
-531482 
-614899 
895448 
-202075 
-1276120 
253229 
19402 
594791 
651624 
340555 
1209332 
737418 
281072 
-1020207 
-114003 
-1540329 
1192925 
1492660 
-867569 
-237341 
1002992 
1293570 
-976390 
1308823 
-105050 
-1577918 
-569293 
892573 
479017 
835175 
-1721258 
-1684075 
258421 
-210480 
966293 
488447 
-1670721 
698539 
1343662 
923142 
-252078 
-1677376 
842524 
-703194 
926279 
-20929 
1744000 
-1092917 
-649443 
1317016 
1085814 
273367 
-1026062 
-523771 
-525278 
-1345836 
1026637 
-304996 
1426993 
1477001 
-1551016 
66680 
694573 
1184326 
474404 
305126 
749571 
1536878 
302553 
-483766 
-162861 
-211374 
-60845 
-614744 
-3681 
1132987 
-1382040 
1553045 
-973110 
440030 
89051 
-1318438 
-490136 
1282636 
766717 
-792317 
1036266 
515300 
1643676 
-244541 
-997529 
-464552 
767175 
-93795 
-1411129 
-853246 
-1003631 
-1526335 
-1618989 
-1345666 
389461 
665604 
809010 
-473943 
442291 
-414634 
-261173 
-533161 
-834712 
-1011082 
-758500 
-1109551 
-221561 
217688 
1175545 
-118253 
514656 
1320186 
-1625960 
488734 
-352471 
1517045 
-528966 
-333690 
-1331736 
12973 
1031184 
-892307 
503458 
-1382393 
-886508 
-39368 
-150866 
-1605143 
367198 
989492 
-1605801 
-189318 
-363800 
109796 
844411 
-492041 
774332 
1191924 
-1328043 
-919900 
-1264187 
1316033 
-1433546 
386261 
-603384 
-1575376 
150932 
-788154 
996810 
-1107696 
-554995 
-293941 
1725461 
-1171751 
878608 
258901 
844005 
-313653 
-561032 
-263402 
502620 
-1466606 
1248785 
-1165307 
680802 
732303 
-1690651 
1727344 
-1027874 
527833 
-1211595 
-284572 
1692191 
-348942 
1340094 
462154 
914384 
-448670 
1699230 
-1046123 
-1688130 
-1402340 
-131571 
687277 
1056785 
-1108726 
-363938 
1300352 
1016196 
-788540 
1500153 
-928327 
600459 
1419524 
-1559164 
-363883 
-1286745 
175725 
-583536 
-484534 
939697 
1485269 
915260 
276303 
-674273 
498756 
83803 
1479476 
1552781 
1586243 
490958 
-1470538 
1660634 
1276809 
825630 
-1136823 
-77776 
-1687572 
972261 
-709333 
-756679 
1504431 
975509 
1376028 
-1099842 
-1551483 
-769460 
181501 
-1511113 
-1282209 
-592182 
1192699 
1185460 
-1476914 
-491166 
1477117 
408793 
75747 
-921091 
-277488 
-1748909 
-906067 
238962 
1729493 
94835 
1398999 
-24135 
361772 
802441 
1122025 
-122188 
888101 
-1193624 
763552 
-1476589 
1471570 
1669401 
1623237 
-760022 
1315717 
263936 
1469808 
56525 
1516568 
-1541376 
1093405 
-1648045 
308763 
-1116229 
-457453 
1089671 
-1392446 
1652792 
-1020138 
1043760 
476209 
-856157 
-934675 
-1077372 
1614051 
-1139886 
930001 
-479778 
363613 
240775 
705418 
1465323 
1679456 
-887849 
-1585525 
1078278 
-383690 
-1680947 
328559 
-916019 
962559 
733034 
99641 
1657942 
1524139 
-293823 
208636 
-456618 
1122633 
-402945 
197280 
1177806 
-619939 
179826 
-1665678 
1441800 
-1667036 
-374583 
891128 
684108 
300553 
902385 
877029 
1721275 
-1527649 
804467 
176918 
-1547334 
-1040024 
-686610 
-357145 
-40681 
-1219329 
-769793 
1592898 
340125 
980752 
-1497160 
-1273206 
232921 
1709330 
704434 
-1084936 
481163 
-1594984 
-387851 
-1610566 
223125 
1557081 
367956 
-260218 
1524064 
-1556690 
-794628 
690790 
608021 
-990758 
1333494 
1535011 
429914 
1572132 
1321286 
-645175 
-452541 
-358314 
1318087 
1587946 
1112507 
902195 
1193853 
-419838 
-224516 
-441114 
-811335 
-112914 
-738032 
-99146 
-348161 
458564 
89955 
-134014 
1627983 
-1484243 
-1176030 
-1043444 
1329130 
1691984 
-329516 
-1171200 
-359154 
1193114 
1174439 
-1205951 
83976 
879525 
1682871 
504975 
-390633 
630134 
-341311 
88780 
1128168 
1627416 
-527225 
931988 
1429806 
-246779 
-112981 
1633105 
587599 
-1226426 
-1048489 
542781 
1521389 
-1016893 
-412707 
629336 
255284 
-435274 
-646399 
-24591 
-300564 
-1085201 
-468222 
-1405996 
1419217 
285634 
-1344551 
1632144 
-1560897 
-1498134 
-134211 
-1684347 
-827706 
1250273 
-662828 
349542 
-1747568 
618698 
-48726 
60893 
1422844 
1740689 
-738852 
113437 
-971097 
-724544 
-918750 
568992 
1049878 
-1696933 
1149122 
291657 
-1627319 
-1344851 
85634 
755237 
-1232530 
1362199 
972448 
-1072203 
981859 
-402615 
-1246961 
328239 
719365 
1359525 
1542514 
532113 
723988 
-1425966 
-1714186 
1673000 
-895184 
1138339 
1064031 
1667380 
-842548 
288611 
-311762 
-282001 
-588113 
-419567 
833945 
-1387948 
252972 
-802225 
-993368 
-540028 
-758491 
-965960 
1602238 
-191466 
-1470485 
-937749 
-241153 
-52240 
505000 
39892 
-1541909 
-870340 
-1296788 
-612485 
-537224 
873591 
-59369 
-314557 
1742080 
1644551 
468024 
1575806 
68088 
-150676 
1585566 
-386568 
-1043518 
90533 
-912599 
-1050004 
-411753 
-835764 
-1178234 
416999 
1503390 
974436 
849160 
-1164162 
-1070361 
449174 
-234792 
-1652942 
-1498967 
-137781 
1316315 
-196405 
-487100 
-191768 
447149 
738009 
-281333 
138590 
-1711303 
1133882 
-345233 
671173 
-89774 
-332180 
-451325 
-924266 
-1145481 
1402588 
790899 
-363999 
269498 
450662 
278644 
168702 
368613 
281753 
-85623 
-564778 
-229626 
1171120 
-992162 
-1270691 
499420 
756873 
-1740722 
189445 
-1000395 
355281 
214609 
-1574933 
605607 
441586 
1733241 
82837 
-765605 
-1526770 
1575240 
1062551 
1299890 
252481 
1449079 
1676365 
-336620 
-1568834 
1610962 
-559703 
1070739 
-1085205 
-536237 
-35144 
831165 
886663 
-858228 
-732665 
-902134 
-171956 
940374 
-1132960 
-1652510 
-1237709 
-1667168 
900615 
-855908 
-240833 
-1672448 
-340195 
1349131 
-1651776 
599287 
-784820 
1027388 
-1682902 
-1032112 
-705550 
-171005 
-579675 
1406711 
94796 
729504 
273085 
1237893 
1264881 
-152148 
1342656 
1526973 
-1657531 
-1628540 
-878333 
861604 
1474977 
-560848 
-679359 
-979660 
-1144553 
-497529 
-473267 
1299848 
-460321 
-1618051 
410435 
-314685 
-410516 
-1034851 
-1242214 
-391079 
136041 
938879 
1746144 
-53754 
-444165 
417662 
-1358000 
-406643 
1055591 
-187331 
1519817 
557023 
-607804 
1134508 
-325086 
-220538 
-82719 
-764725 
-726550 
371802 
1374800 
-736483 
1424901 
1316528 
-114206 
-1457627 
1664648 
-1259618 
1097478 
308882 
882833 
1279390 
-1287499 
1505475 
1023559 
458469 
-1514576 
14812 
447248 
-1099690 
1016024 
-179989 
-1069908 
1063190 
1538545 
330046 
-421073 
26179 
-1016960 
-1541763 
1593405 
-1635311 
820745 
753630 
-233688 
-598033 
854150 
-1305617 
1492757 
759012 
-778449 
-398277 
1655763 
-96754 
1362875 
-1657806 
752215 
480269 
888562 
-441961 
-1042261 
215003 
1558659 
-1122852 
234652 
-708191 
929431 
445931 
1254710 
414934 
-1700344 
-174975 
-804149 
1668962 
1248903 
811403 
1245722 
-153668 
302494 
-1485119 
1603297 
110073 
-1510624 
-51702 
-955735 
-1537479 
92896 
295104 
309626 
-616776 
841910 
-510612 
146610 
80279 
1745780 
828588 
-415867 
16448 
-53246 
1094971 
181016 
829901 
639420 
1737232 
659493 
-393159 
180819 
1019953 
-650786 
-254644 
699075 
-145123 
414339 
-1206748 
685995 
511159 
-1457208 
1697510 
1543723 
-148339 
-1137420 
382811 
912776 
522122 
807565 
-253896 
-723617 
670779 
280332 
547884 
-220876 
1229353 
1240444 
-1350733 
-762000 
-440114 
-1500055 
-932079 
540006 
373055 
1427201 
1469052 
1360444 
-516807 
1026261 
364371 
-1016769 
1665957 
-262977 
639846 
-1606860 
-500060 
-1012100 
-368109 
1186438 
958927 
-809567 
1612243 
-24485 
1473963 
-101730 
1715717 
-451034 
464326 
-1065335 
910596 
-1118548 
-931727 
-534987 
-23667 
1225606 
1261976 
26898 
567917 
482278 
-349671 
-417655 
1465679 
669301 
-59765 
25172 
-441781 
-1507058 
371156 
1025699 
1424686 
1192747 
-1503947 
154880 
-936735 
-711419 
-822894 
1616593 
-416100 
-401033 
838437 
606552 
-1183869 
221981 
-162337 
1601631 
104330 
-29804 
-413552 
438567 
3592 
872325 
-336277 
686917 
-1487735 
-359799 
866585 
1190589 
727644 
510481 
1149324 
182055 
805581 
1391934 
240084 
-411982 
-1175095 
684032 
-974476 
-1510602 
313766 
-1035642 
-535748 
1178106 
926789 
1546750 
1725667 
-1212406 
93652 
-999228 
-1023209 
-1567893 
-82644 
497978 
1014420 
856682 
-742241 
-836783 
-809456 
-28614 
-1420219 
384843 
49133 
-226187 
-524761 
342341 
-270140 
-747142 
776844 
1411528 
545073 
1547854 
-721396 
-506812 
1013274 
-902619 
-1325135 
-1036957 
-1644396 
-1367317 
496963 
1458280 
-1181161 
233809 
-866336 
-506991 
1494315 
-1052093 
-533329 
-156146 
655910 
-1121770 
912615 
1324666 
164659 
-1073257 
775289 
-217186 
259775 
1532848 
-931354 
-1268123 
1650197 
864485 
892662 
-1533719 
289900 
347132 
-252880 
-1151535 
1151096 
-1527676 
347755 
-276478 
1226287 
-1297798 
-85133 
670057 
-1352782 
-209315 
-451204 
1121609 
-115358 
178652 
-395415 
753998 
-1047522 
-710302 
446551 
1183559 
1569155 
292825 
509367 
-75582 
196642 
970213 
-124023 
1547502 
366881 
-824695 
-645097 
863056 
1380797 
-1438463 
-1742178 
219581 
1503499 
-700251 
1381338 
642712 
1065307 
-1379113 
1740398 
1374719 
1403489 
-1554233 
-1498336 
-40881 
-1084308 
532044 
-437801 
-1118696 
75958 
-875159 
1705874 
-1367555 
2455 
-744948 
-837161 
-165673 
1530594 
-305061 
345600 
-1493801 
-805200 
1502002 
-1352922 
936674 
-321352 
-469398 
-172713 
-1284633 
670000 
1197856 
362370 
356398 
1484656 
1120442 
1272473 
1451504 
427248 
-1239440 
737341 
-1005955 
1419378 
-520224 
-407898 
952651 
-1298134 
1262906 
1657131 
-1592706 
-616436 
-434278 
-1415022 
221195 
624936 
-201522 
1020030 
640679 
-1612302 
-966486 
-222929 
1733637 
-266096 
729817 
-1467020 
1299552 
1578387 
1447289 
-415411 
693686 
282344 
-642248 
-265325 
-312396 
-441547 
-1081715 
-1390818 
1019665 
1503627 
1465356 
-1257687 
-1453202 
-961964 
-1221534 
670490 
-1074184 
-816733 
176688 
1601474 
976724 
802049 
1544588 
389901 
1063221 
-1437495 
521886 
344037 
235211 
1684051 
-662156 
1136372 
-500247 
-643478 
73628 
-1536604 
789244 
-177859 
-271962 
142299 
1127556 
-1669484 
479893 
1566749 
-1642636 
213893 
401741 
560501 
-1657282 
-930452 
-114159 
-676755 
781691 
-1116399 
185065 
-1106389 
426170 
1632451 
100194 
464719 
-1460095 
-1313501 
-1505761 
1166738 
-1137710 
-991784 
1587964 
1414233 
512773 
1168036 
-310627 
1284404 
-1017084 
-123769 
-1180916 
836654 
-1351275 
615681 
-1741752 
381461 
-792723 
1207668 
782460 
1310599 
1740879 
-1038994 
-872654 
-1701485 
1633793 
1662869 
346077 
-476515 
-784253 
60427 
590319 
-1001924 
-844633 
253184 
-729941 
-622273 
-535555 
925024 
-122582 
1271164 
447248 
-1101388 
472324 
353656 
903014 
952700 
-475598 
621364 
-734717 
-381142 
-845318 
-761714 
880053 
45208 
318597 
-347544 
321370 
762550 
-816357 
-506813 
987991 
1164556 
691872 
1293791 
-748957 
-1714969 
-980670 
-614187 
-1148200 
1208409 
-769797 
1518419 
1560764 
-737296 
-1741141 
147380 
-992175 
-1490760 
1288355 
-1109182 
-1023781 
-692504 
-1413756 
507718 
217635 
289432 
-523934 
246669 
-1735725 
168269 
101219 
185514 
-564496 
1013020 
-1665408 
-1012203 
1412203 
1388249 
1301481 
-1003054 
1167167 
-926497 
-139558 
-545968 
916462 
-521060 
-447160 
-924770 
895094 
851606 
1443205 
941532 
822170 
203150 
-1658965 
-1217952 
1374749 
-1585809 
-187406 
271358 
214828 
-1390998 
1494789 
-88414 
1519539 
-616376 
575073 
-1749561 
-1371612 
-1684850 
1223553 
1748372 
-1109257 
1212503 
1532382 
-1749525 
-770433 
1324577 
-1331426 
1728931 
1139701 
-547079 
-258945 
-1595731 
1043333 
292032 
1188906 
437843 
-1672720 
-1407695 
869820 
-440230 
47696 
124357 
570411 
390897 
303665 
694819 
-1683848 
573894 
-565693 
-1605057 
-1692488 
-1150974 
86262 
799736 
1155586 
435213 
-370211 
857831 
1069435 
1496989 
-1598465 
593009 
-1303163 
742536 
-1201733 
966792 
-1633209 
1148776 
1475095 
1422764 
401891 
-421736 
-621991 
690711 
-720094 
375439 
-500669 
-745751 
-338356 
745610 
1467526 
209534 
645629 
1093977 
974292 
-1571853 
-129315 
101469 
888040 
1281603 
902880 
-1304069 
-488729 
426485 
-64182 
-711502 
1287988 
-288500 
-1315948 
-630248 
-1584066 
1102652 
-226890 
1665655 
1659998 
1090144 
-446408 
1219485 
-114764 
-334474 
-508935 
325609 
-1482756 
-679550 
-698419 
677780 
-1053994 
-971673 
85350 
-523842 
-1704407 
1539464 
-1726810 
-492522 
-317762 
367029 
1660060 
-1370428 
718773 
-1582069 
-332093 
1015094 
1679560 
868133 
-780844 
1355405 
-1200216 
-1527807 
1653797 
-1633091 
-358079 
-1730630 
-1692029 
-439687 
-1323001 
-176530 
1066645 
96783 
-869239 
-293513 
-1579926 
688826 
-894213 
-35800 
310862 
-841284 
543195 
1475224 
83633 
-1383265 
-1536673 
-361917 
257728 
-1369790 
941020 
-773477 
-828803 
304906 
552707 
347270 
-1427439 
1539918 
-1095125 
727372 
-555760 
847596 
546058 
596661 
576637 
35535 
-1264000 
957902 
-548879 
998238 
-1613199 
1467398 
1549926 
-891631 
1361371 
1056889 
636656 
772810 
110071 
-1541933 
-1268623 
245174 
1132668 
257562 
-651121 
1107639 
-415076 
-683361 
-1749542 
-1053451 
1155082 
-1031087 
-977140 
-789138 
-1549175 
-486357 
-1701623 
-673295 
-572471 
-13221 
-1697004 
-41566 
1395644 
-409827 
41378 
-1056331 
1742547 
-1006352 
1741904 
-1324144 
1619994 
742793 
-370628 
847212 
1096488 
1173132 
1331512 
-282481 
-1654541 
-366286 
329702 
804632 
-553913 
376325 
390904 
425643 
-222984 
802902 
-1634475 
878086 
-1516658 
21378 
-1204929 
-239605 
1455865 
227215 
299080 
640190 
681460 
1295748 
639353 
600260 
1573090 
-78538 
-487771 
-974078 
1662900 
862258 
-1533236 
1409167 
-628772 
-1279304 
-767749 
935985 
-1403279 
1585209 
612986 
-1539536 
512427 
-1134144 
-559859 
-1544074 
1245163 
958802 
579830 
1198844 
-534367 
-105639 
-971165 
1630786 
127432 
-254222 
798883 
832458 
1616448 
640178 
476922 
621424 
272060 
1508387 
967724 
32607 
-1475294 
-1264021 
590982 
-369231 
-168280 
-278009 
7390 
1695873 
-1460850 
-13718 
443143 
-103038 
736662 
1572007 
-774772 
-1595595 
-169931 
-36646 
96563 
-1061336 
1623392 
-1646277 
-1469559 
628771 
1249091 
466118 
1049669 
-1715555 
-333129 
1095075 
-1576205 
230333 
210369 
677934 
1534304 
-952068 
599480 
-1045462 
-1087486 
-373229 
-866558 
-747683 
-1306906 
828110 
-1450383 
915061 
423213 
933464 
1732541 
-1185467 
1348115 
-1226214 
-973905 
1085986 
-326173 
-990238 
-435761 
1672263 
725116 
20050 
976817 
-1130071 
1404300 
1570912 
-1679900 
421478 
-227439 
-566863 
-259465 
170921 
-830234 
758062 
739819 
-1362795 
-491754 
-1406871 
718075 
691702 
-1571223 
-50138 
833525 
-1451763 
-1282321 
1024543 
-508338 
-134431 
1624541 
162961 
-1609807 
-1031296 
-998803 
-873820 
-298425 
-120819 
-606510 
-1614204 
-1426607 
1514671 
1582076 
457276 
-568172 
-1272432 
-759273 
-107194 
896780 
1178852 
-531047 
-307786 
45961 
-1026192 
795501 
-17259 
420595 
-1058147 
-768878 
-532246 
535706 
1602572 
-1564897 
1268087 
1240708 
-424385 
367533 
-371448 
1067081 
435233 
-41422 
326080 
-573177 
-1381643 
1219562 
1177906 
1064687 
-1311276 
879924 
1382697 
-1019183 
-409725 
1744768 
1314414 
-648090 
-451764 
-1300792 
-1404637 
-236898 
1451258 
-206139 
419282 
1364898 
847972 
-138320 
-749055 
136673 
1056543 
-1684727 
-204385 
-1596066 
-1077785 
1669530 
289556 
1570892 
1479888 
1473827 
1109205 
1411903 
-151275 
-1484909 
1640299 
-991181 
1225057 
-962981 
-827062 
1563435 
-1345520 
-657943 
-1548499 
382458 
-1530201 
-91918 
-1360660 
392478 
-1123648 
855763 
1309876 
88535 
515462 
874742 
-1712604 
268889 
709533 
624040 
-1253011 
137011 
-258242 
-267739 
1102553 
1615466 
1633282 
63744 
345577 
1620790 
116423 
217910 
1421331 
814068 
533517 
-181524 
1134305 
-236139 
218340 
1638050 
-296872 
1467929 
-18927 
402224 
1686452 
1200085 
-669932 
-43161 
-908645 
-1102767 
-1702843 
-175002 
-1253081 
-1035872 
-905786 
1451860 
-582167 
1518965 
252741 
-1183576 
1642513 
1223522 
1234958 
946072 
125564 
-145597 
-546683 
-602536 
-1325769 
-1196285 
1545060 
1318381 
-475114 
-1732661 
-837919 
1095596 
182043 
591373 
-797327 
822415 
833908 
1485617 
-228898 
-585621 
-537903 
-28862 
1419796 
-487609 
-1747998 
405266 
308085 
1480716 
1393302 
-1264991 
-1698584 
1390430 
-539934 
826235 
-1471159 
1723705 
809822 
-830034 
622575 
-1388516 
1209388 
1677384 
-701727 
1068002 
-1586533 
1636802 
-261399 
-831321 
-17912 
-40759 
956527 
851831 
1728436 
-175695 
1091854 
298105 
1748177 
-888526 
1050426 
513369 
698574 
-1574827 
-1121892 
-1143231 
715401 
1247414 
292789 
-88169 
-1354169 
985898 
991291 
630168 
232585 
-442522 
33037 
-1246386 
-504856 
-1119317 
140946 
-615388 
-326485 
761125 
-280312 
-202987 
893893 
1663788 
-1717106 
1603734 
464903 
1625784 
49831 
1005740 
-1526121 
-1511753 
-1526809 
927303 
-319391 
990871 
566709 
1182261 
764288 
386648 
-1099879 
1340819 
-1349865 
-182754 
1452768 
673724 
774397 
-1204139 
-962643 
1355414 
-1057803 
1499555 
-473958 
194035 
-859043 
-439796 
355329 
1022133 
994048 
1462751 
462198 
1656797 
-208318 
-1202104 
1734716 
378394 
175554 
44245 
1633751 
953491 
-1173271 
-165116 
397115 
-195589 
-760850 
1397584 
696862 
1166608 
173317 
941175 
-1675811 
-858465 
-1221394 
-464706 
1686574 
-245986 
-787425 
-749220 
856026 
-1267282 
-1710860 
1572944 
966620 
-1025014 
-406254 
586571 
-1007731 
-428497 
1253711 
1127540 
1572152 
1654431 
-1476147 
-1600791 
1852 
-378918 
1523631 
1660685 
-1363402 
-196040 
-1347337 
308416 
55595 
-109447 
1518115 
-36613 
648984 
1467671 
-852743 
443960 
-360489 
-246542 
369804 
-707274 
-1153173 
1615159 
-30741 
1339989 
-1302732 
985469 
773148 
-1198770 
-1721996 
-79443 
-1698520 
-1019548 
451278 
135286 
-1244711 
-352921 
959977 
-667588 
845449 
-541945 
-1470184 
620978 
-226799 
-317935 
961447 
-467246 
997878 
-665279 
1150822 
865707 
442579 
919667 
841336 
340727 
599876 
-1385136 
-1482860 
1067617 
-1059140 
31794 
-1130790 
-186000 
-608816 
1628688 
-140720 
919931 
-1721249 
-1535307 
1594467 
-1286713 
717326 
-1405521 
-1085027 
-1053874 
1043632 
-1671128 
857834 
1121864 
668632 
-798412 
90242 
1204561 
1050125 
-1049849 
-1318470 
-1026587 
1156486 
1555512 
-1506959 
-1461256 
176832 
517502 
152306 
1309630 
-554412 
-999225 
-969602 
-99813 
-1063990 
-977943 
-296387 
-882371 
-510142 
1047095 
531276 
650376 
377261 
-1372717 
746271 
-1424516 
1660708 
-976184 
1267566 
-518416 
-1517656 
747434 
615255 
1597547 
1474119 
-982041 
833391 
-203957 
-1411615 
1480975 
-1256801 
-562341 
-1260508 
133753 
990620 
-158004 
926533 
733340 
-1747815 
-18470 
1077243 
-268921 
-1251243 
-1643585 
-1724970 
-1064542 
241137 
-211301 
1157291 
1084291 
-813308 
1732771 
-825373 
-1544399 
-713819 
838887 
1178138 
1457351 
690715 
-656133 
868012 
683827 
-927548 
-298109 
1689560 
939652 
731433 
1195506 
-628331 
-854980 
1358448 
934976 
-857958 
303252 
756433 
1371221 
-1390642 
475676 
694671 
-660056 
1438490 
-1300398 
1703753 
1482965 
695186 
999004 
755371 
1027854 
-854212 
256985 
153624 
-1049317 
623223 
-985562 
1159739 
229761 
1090306 
-1229723 
-449264 
-1273126 
1569994 
388132 
-671112 
1120902 
-1498463 
1330327 
808472 
995394 
-420309 
-1139190 
-1370121 
-1128381 
-1694275 
311816 
1198026 
-268780 
1111096 
1682771 
-1169900 
496553 
1568763 
695857 
-1731095 
986458 
-108633 
1207906 
1283954 
-1588697 
274630 
-794269 
-274825 
1017658 
-730172 
-1008664 
1389991 
-921253 
500183 
-418905 
1460858 
147748 
1707248 
721983 
-123827 
1333317 
-1439682 
-1241830 
-932360 
-672756 
1486626 
-773836 
141688 
1343311 
-1465763 
1428460 
1631570 
-697341 
1285619 
-1599718 
539868 
1560981 
-597710 
-710836 
-1520179 
353150 
-615523 
896804 
1589709 
-757552 
827011 
1072612 
-1110913 
1386426 
-1339564 
1442204 
1625622 
836734 
-15435 
-422718 
374865 
349903 
816811 
1146907 
1569257 
-1504634 
-891739 
-449397 
-12309 
-377727 
538412 
1586269 
918524 
-863865 
-987206 
1521491 
698961 
1431965 
1040174 
-289793 
1453856 
1465612 
-462932 
-38 
-641185 
102284 
589473 
-1235370 
-871884 
744961 
1061011 
-90510 
1292831 
616134 
-1137076 
-835552 
-1124687 
886630 
-1411278 
149536 
247773 
-683528 
-1056458 
-383862 
-1060315 
1287074 
-1647687 
-672876 
-530214 
-298765 
1161369 
-378385 
-17309 
-415938 
-1171939 
1222851 
460428 
-89616 
-1178497 
-499268 
-1705472 
1125425 
1023393 
1172727 
1530499 
1589614 
1143341 
1131524 
-1473635 
-1381818 
-1713824 
762608 
145085 
-1049922 
957204 
1727987 
-717697 
-1336525 
17489 
-60528 
1205250 
-1363346 
739763 
1191760 
-585406 
-418806 
-364486 
-922496 
611670 
842612 
778565 
-1155829 
-1020883 
-985173 
695375 
674346 
727159 
-636206 
-217413 
-54766 
41058 
557029 
-507822 
1529751 
-467095 
34897 
-1481261 
-61119 
-1731578 
-131440 
-613615 
1465262 
663941 
860681 
-31909 
-798915 
-1362964 
160352 
30859 
653211 
-982228 
1188975 
1595825 
526876 
200172 
784689 
267450 
1029946 
-701272 
1715054 
-1092192 
1029855 
1278702 
1143147 
1375539 
1189208 
-1474997 
218417 
-559255 
1602195 
-903994 
66207 
-257492 
-1666463 
-1247068 
-1477241 
1003942 
-243462 
-373720 
1392580 
591376 
-742570 
626550 
-1073456 
931265 
-222921 
-1637674 
-390245 
148130 
1117099 
1091237 
424288 
1501913 
657129 
-1635513 
937632 
-1717588 
498081 
-749210 
1027666 
-512050 
469461 
1228987 
-1415097 
-1031098 
-1170776 
-231324 
641746 
-1178596 
1337773 
-52004 
973157 
355387 
-1509029 
-1245851 
1478994 
450004 
-287733 
1077796 
-1478496 
916315 
499418 
711182 
341671 
-1034426 
-1099866 
1560149 
-569121 
278598 
-606610 
209169 
1496115 
1197708 
1381615 
-1702461 
-756741 
453526 
-589839 
-1417623 
-1492932 
-204204 
1438398 
648047 
-268133 
1494656 
1182483 
992488 
-246441 
-1426176 
-1747737 
1282418 
591082 
1314327 
1385710 
627467 
342543 
-379002 
116078 
1418332 
-591585 
724359 
1296933 
-453847 
-1301019 
-1731614 
-742233 
-717215 
-240898 
731696 
-1392828 
-1263688 
-801898 
997937 
330951 
793181 
-499423 
-794154 
1660468 
-1515397 
220492 
-692017 
-226693 
1477903 
-377686 
1229985 
1357149 
105017 
1025717 
1723344 
1740511 
-227050 
-1026761 
1727428 
380611 
-1076817 
433621 
874394 
-552777 
-1530535 
1295018 
-1130778 
11005 
-539613 
-774142 
-1499599 
-263169 
919389 
-328228 
-522880 
462415 
-1693098 
-891226 
1163890 
5819 
-207201 
65150 
-528899 
794160 
-1552624 
1040349 
-856955 
-338490 
-1507160 
-1329795 
1128975 
1186381 
7675 
-504258 
-1558840 
1574555 
46475 
613447 
-798639 
-223614 
722327 
-1346026 
1342338 
-321783 
-699238 
915125 
1508632 
1580457 
1245663 
-1145296 
1004354 
-324060 
-473693 
1136407 
94111 
-269233 
508611 
1230364 
731555 
-260371 
-1062672 
165493 
-1065496 
1713112 
1278164 
-895707 
-641356 
723683 
438691 
-1417716 
440393 
-807097 
1120606 
523289 
-580951 
963696 
-1161746 
1032330 
878335 
-815393 
1689893 
-467527 
-220937 
203813 
-1010932 
-1727534 
1329988 
-1394219 
-145475 
1506068 
483534 
-250429 
1541542 
1699075 
-142994 
1192617 
-182100 
-1561170 
923847 
1099690 
-1006355 
1694926 
120283 
-1400952 
-1304623 
694029 
-955304 
-1288821 
287669 
1354836 
-276589 
-625761 
336941 
-39788 
-214462 
542622 
-1149086 
316726 
-282720 
1324572 
-1417629 
-1594037 
1524880 
1651043 
1076318 
1678311 
870407 
-1063392 
-1421356 
-1237059 
-1256353 
-19325 
702015 
265258 
-805483 
241578 
195520 
-400775 
1671980 
-539007 
-1083113 
-384146 
1151074 
1602172 
-1297704 
1492006 
-1361028 
1209325 
630670 
1671411 
401001 
-1372477 
1280936 
199103 
327617 
757125 
-1000669 
-740762 
-483016 
-1555997 
356985 
848648 
732111 
-1415080 
-749451 
479606 
237406 
84043 
-1484023 
-977989 
-1057400 
1277723 
-1304856 
284217 
-656589 
215975 
399914 
1358809 
1657 
-157639 
69199 
1034045 
1690206 
1293273 
1033337 
289734 
1062596 
-1450986 
1286487 
-1020691 
-1250308 
77811 
-1233437 
127537 
1513266 
-1035887 
-1150591 
-484384 
-38843 
1672164 
-940062 
-617444 
110441 
1174611 
1683032 
-280367 
-1127669 
-230007 
-1727227 
-500867 
-578982 
-953482 
1327900 
-1477035 
975039 
475570 
-1090457 
-1311460 
1287142 
-496964 
-1474579 
253717 
1218107 
1227436 
519220 
1023180 
1081680 
797556 
-478619 
-1153866 
478694 
-1097210 
690001 
1338921 
1739402 
-1375942 
-951407 
1208753 
1504060 
1732394 
-146418 
-354371 
1091657 
473338 
-108831 
1380921 
635983 
-33359 
-667126 
1619491 
-715453 
1374827 
-281881 
1428863 
1407273 
-962643 
1360125 
1127945 
1373959 
-866578 
-1080088 
1454387 
-118937 
-468111 
458570 
179171 
1331002 
1650854 
1397936 
-395908 
-518200 
-1385767 
-1589676 
1309863 
-139533 
-127222 
280048 
-736098 
898823 
519884 
1696879 
1450274 
760448 
-1143922 
-401780 
-1209945 
-545685 
-1332591 
-361763 
-647756 
1656589 
-216422 
-897568 
-428312 
855286 
289906 
450127 
-1715588 
-885495 
-513168 
-810832 
1350647 
-669329 
-414039 
-757097 
1473378 
557397 
-1333326 
1294640 
-482229 
1176726 
-1260814 
-1495454 
-587285 
-496038 
96323 
-1594879 
1375446 
-383821 
-386574 
-1150896 
1392080 
-817619 
-729814 
1521750 
1544200 
869631 
-106916 
-1443298 
987904 
-299343 
-1556787 
1085091 
-1380183 
1271575 
360405 
-1168517 
-756896 
1353586 
-271904 
1105330 
-713382 
1187609 
-350699 
-191071 
1675762 
30396 
-134281 
643591 
-1663782 
-1691568 
310715 
193602 
-1137394 
811063 
-970995 
989747 
-815866 
736568 
4100 
-1094866 
1578775 
967915 
-260303 
79531 
-315092 
-257959 
989316 
-1072906 
-335176 
1691068 
-1722943 
1494048 
1467596 
1384089 
1376492 
-303886 
-919184 
270453 
-1000988 
892814 
1028721 
-291346 
-158723 
-654537 
-297567 
297251 
1397163 
623570 
1339053 
462040 
-999105 
1048662 
-1135007 
-1063502 
218077 
718796 
-1187401 
355488 
180281 
-1011587 
1254382 
-1606996 
721312 
-910274 
-468653 
-1652846 
109673 
-1229268 
189844 
-1289640 
523645 
-1601651 
-455389 
770779 
981219 
-648885 
189207 
-1505587 
602972 
1657343 
-1531845 
275258 
-735773 
-631374 
490791 
-777071 
-1724425 
1086072 
1117647 
-201775 
267486 
1636575 
-575776 
439182 
-161816 
-148806 
1524193 
618395 
-1641392 
132921 
1006060 
347946 
-576840 
57138 
1314865 
-68999 
-1165806 
-706554 
447043 
-1046736 
-1487385 
-1488096 
565988 
-438856 
-1345481 
-720 
-1596970 
1217192 
-156048 
-1196772 
346492 
-512353 
-1119616 
-1388909 
1613159 
1367244 
-1734985 
-1394836 
-2336 
-763578 
1048119 
229143 
1206025 
1157991 
-1147925 
-1174291 
184460 
-776462 
1503145 
351458 
-1046860 
-81526 
-1711759 
471902 
252095 
-1539032 
-1505001 
-60154 
490576 
-891840 
1351596 
1278107 
1651891 
1327898 
-1521383 
1116162 
-661988 
468570 
262989 
-445087 
-1075282 
1738503 
1020633 
280812 
1612914 
746347 
-141954 
1178816 
-1142799 
975235 
278149 
-1143079 
-221995 
-71538 
1654646 
-1358173 
187912 
1230196 
1404067 
1162142 
-1386659 
921782 
1385274 
295153 
1140352 
-104023 
1691032 
1178316 
958642 
1393632 
773046 
584528 
-338518 
1526542 
1583018 
-1213924 
-917804 
-1030714 
-1702059 
-1000596 
475292 
1226968 
-356640 
1455833 
-310770 
-1108477 
330343 
1071391 
-624152 
-615116 
753342 
-1587548 
-1413475 
1722562 
-906885 
481484 
304366 
-1520113 
1456374 
-1720062 
912034 
-1441070 
-55848 
-638686 
99325 
-143261 
206034 
1307780 
-146198 
-144030 
1289335 
1355695 
163012 
-761632 
-1255044 
972385 
1375577 
-1681837 
-637960 
-1693272 
-329378 
1142079 
922576 
736222 
1187182 
-529753 
445475 
591963 
-1378441 
-959870 
-1037915 
-243312 
-1347137 
170957 
-220262 
1050194 
107420 
-588813 
-1678804 
1334193 
-718626 
550005 
432055 
-955214 
218440 
-178557 
-1505176 
505693 
1184574 
1139238 
-1334763 
1644198 
1539181 
519011 
1023075 
-682164 
863166 
-261293 
948602 
660864 
1633049 
-349245 
-260049 
849825 
-483286 
918385 
302147 
-317924 
1146701 
1597968 
1553657 
-1187332 
1517715 
239127 
1012167 
1486948 
1126911 
1488920 
-714199 
1460099 
1382365 
406759 
904492 
1300221 
-1189294 
33916 
-468655 
-1682129 
1461038 
-326581 
-849624 
361741 
287849 
880917 
572272 
183276 
327749 
-521908 
-707150 
937571 
751421 
1130636 
1094881 
-1330162 
-1538536 
-181032 
-1099441 
1699156 
1215472 
-1070037 
-1110498 
1364804 
-736535 
549937 
-713573 
1477589 
1333574 
-614193 
-1239772 
-1349481 
-729870 
582550 
1417703 
-669256 
813327 
-1409240 
-599772 
-364989 
1122298 
959557 
-733813 
796517 
-441617 
1250606 
1434266 
1216804 
321245 
-1340931 
-530369 
584148 
280009 
-1386692 
359801 
-817142 
299388 
-1191021 
-988272 
1107699 
592604 
-1101218 
-164086 
214960 
834352 
-1550531 
1228899 
598050 
-580090 
1430113 
1416613 
-1478018 
-1544815 
-698416 
729086 
241976 
-100984 
266290 
-968217 
-1317461 
-1559554 
70842 
635066 
-1438483 
1414898 
1194087 
22899 
-143756 
-1114320 
117525 
1234881 
-354980 
1349432 
-96556 
1184711 
-61700 
-991424 
630238 
1413960 
-576477 
-854788 
1073728 
144097 
-168059 
-68325 
-344106 
-1392617 
-1215619 
-1408719 
1159544 
450958 
-1745272 
709781 
1288518 
1622131 
1651596 
-124519 
207809 
-353248 
-1044367 
-180523 
455309 
1380397 
-1164010 
1483039 
-1558218 
1535206 
204499 
8842 
1610514 
-1095377 
-9339 
541083 
973690 
-1199057 
445894 
648628 
-1002917 
-32100 
-499841 
-831781 
-749386 
1566779 
-1151136 
852757 
-206223 
-981889 
-108388 
-1684071 
311261 
-1133103 
-564374 
-435187 
807283 
-1498515 
465388 
-721722 
1017606 
-1598289 
56800 
-863558 
688814 
-1107325 
-1309771 
1677939 
1615624 
791320 
-283420 
58733 
130495 
-1277804 
-49474 
1496158 
-1577601 
1254646 
-672047 
-589125 
68641 
-1345021 
725660 
-1335609 
1425791 
-1238210 
406415 
-1389745 
1561845 
-78371 
-1173953 
-1127338 
-1677808 
573513 
38015 
-1585093 
1345617 
-1208216 
508689 
-959791 
290392 
1613167 
1499357 
-311352 
-399194 
241216 
1113773 
1188663 
-134213 
-1718122 
-1479030 
-1064495 
1032528 
692529 
-1665937 
597656 
-189412 
1557253 
-244348 
-1262526 
1219794 
1582485 
332960 
-438230 
-1339934 
-1276175 
-671644 
-827174 
-308554 
1130934 
-894959 
1426447 
-713059 
-377979 
-193670 
-12287 
-14834 
-817428 
-1006152 
1607841 
-512601 
1712345 
-1113744 
-701848 
-952289 
380373 
-1565464 
-1247803 
166780 
-423311 
909056 
997379 
1456925 
538971 
481524 
968985 
234625 
-1161862 
-921534 
-727781 
682513 
1496483 
392503 
-710243 
1444808 
-105795 
-94196 
-1153523 
-763118 
-1721886 
-1739037 
504282 
-1527810 
1593726 
248616 
-506729 
-1099717 
553040 
-1060922 
1586047 
697336 
-1372918 
861460 
-939434 
-573877 
845560 
1330592 
-1738993 
1250366 
903765 
-428712 
1136367 
-572370 
1670036 
-1707219 
-226895 
1572768 
1503760 
188378 
-1435499 
-928472 
1668133 
1316498 
-614827 
-1403783 
114609 
1226043 
1608369 
1365570 
1626913 
1518911 
-661395 
-60306 
1429670 
970813 
-543906 
575190 
220301 
-402257 
1274522 
897832 
1364576 
-1067375 
1630703 
-1273273 
-901010 
1225357 
571722 
1432050 
-1032797 
-1715654 
1505884 
896066 
-315931 
-357840 
-1214043 
579299 
-721073 
1428504 
-1137083 
-951422 
958360 
149835 
-1726481 
1530586 
-442981 
-679071 
351409 
1632850 
-188639 
538817 
1392925 
-614825 
-1370310 
-798272 
-1049994 
-245016 
1511044 
115352 
-271265 
1342999 
290421 
-1388814 
-290801 
-1500082 
-1386025 
1085218 
753157 
-1197751 
1403748 
-710281 
801363 
514953 
-685760 
-74119 
278458 
548610 
1487841 
-1358415 
-381816 
-1682714 
-1374685 
-823759 
1084352 
206973 
-409247 
-715348 
-349276 
-779298 
-656267 
-1373992 
316733 
-172986 
1115900 
-1575407 
-360537 
-1045685 
-1322206 
-811118 
40506 
-1714686 
265702 
-338728 
1499893 
1708765 
1716237 
1287600 
191669 
1380031 
-322153 
66359 
-1205763 
-257173 
201193 
458396 
765946 
257046 
1170562 
142029 
89776 
365955 
1102650 
-260966 
-549875 
-1745575 
-872530 
385040 
-128812 
1552977 
1388548 
-665486 
1172740 
1749199 
-1218434 
278464 
650811 
674047 
-786315 
400932 
958256 
-1596150 
1008362 
539257 
-1700912 
777935 
-1253469 
-550581 
381675 
-696361 
254769 
1406707 
31245 
142664 
257869 
998822 
1194913 
-100741 
840373 
1645472 
-1544347 
165145 
84798 
700663 
-1463633 
-1286386 
-787835 
-645230 
-1377551 
-6801 
1191649 
1040879 
1053566 
787524 
-1079905 
1040978 
-785666 
803475 
1002873 
-713053 
-278737 
-1728747 
-1558999 
-1101836 
-62474 
5811 
-342903 
1331441 
-1469581 
259523 
796246 
-1492983 
-1063555 
-673816 
1172460 
530082 
1586454 
525906 
1399539 
-1450082 
-1030130 
1102903 
487305 
134596 
1157393 
-701170 
-66984 
1201914 
-1423672 
-1660165 
-386952 
-502949 
-570609 
-220430 
1732814 
-89013 
-1548526 
-75870 
-1146150 
649204 
1670315 
-522479 
188483 
328948 
-1365673 
132417 
-469910 
1726080 
-1274185 
1276289 
-902404 
-1196231 
-1055734 
1286781 
420577 
-1355079 
-312560 
301830 
1349700 
913585 
123573 
1395348 
1613350 
1069978 
119061 
-940268 
-590075 
1610001 
792705 
-1508354 
-398512 
1210725 
-349623 
388116 
-929805 
270853 
-1276783 
-391133 
-779793 
1518449 
-1433054 
1666458 
1166480 
1532637 
-971945 
-976946 
-1030524 
1484678 
1490211 
-27420 
1158359 
1540706 
1647843 
-207462 
-812495 
1401223 
-1142586 
1060010 
583555 
807489 
-1532869 
568351 
782434 
863749 
-974903 
-1702667 
-731262 
1686711 
-1450430 
126984 
-774365 
-1744454 
457507 
-182439 
-247152 
616157 
-756570 
-165599 
-727330 
1268069 
932654 
-1383264 
-1513554 
-299291 
-684150 
-1017300 
-264560 
-1468041 
1640993 
171279 
1694290 
-69915 
937698 
-604119 
76507 
1353387 
-130090 
1081967 
-1378661 
-1162897 
-813531 
1487505 
-10431 
-315506 
-211876 
-1492357 
-1036204 
515006 
214213 
-1215016 
1723471 
373905 
1724389 
-1694181 
-1603786 
-1331760 
-382736 
349078 
946998 
1694138 
873316 
-1181928 
1337792 
270184 
1489282 
-1640314 
740952 
183011 
-628183 
1635719 
-963933 
672935 
1523951 
46339 
-1686794 
61586 
-928255 
-1679296 
67994 
-1733156 
1342110 
-649308 
87782 
-1645721 
868364 
-400835 
660793 
449921 
-1679754 
-627816 
792082 
-1472100 
-79730 
473424 
1345097 
550438 
703503 
777599 
100870 
1324413 
-595965 
609874 
-1350679 
132221 
-261285 
1075045 
1285369 
1192634 
102286 
627438 
-145560 
69534 
-343249 
-985120 
1580503 
-1493735 
288875 
629789 
859686 
743891 
575451 
1101616 
-141156 
590164 
-107890 
-310795 
-1539960 
389007 
38768 
576775 
-1138449 
595481 
1748671 
416954 
753115 
1604376 
744948 
840941 
698425 
-573223 
1333074 
1480975 
-1248912 
-972250 
889656 
453086 
-980005 
52856 
-652494 
-971025 
482963 
651969 
-852662 
-1697218 
-138174 
1705103 
-335642 
873253 
1259716 
548470 
-859733 
-1538733 
12554 
999665 
1363083 
-1664412 
1722406 
-16905 
-621253 
-892335 
18067 
-856014 
1471410 
-1020549 
1125070 
-1453879 
1660100 
-700248 
1431109 
657276 
837354 
-93599 
-1626355 
845665 
-416274 
185934 
-512844 
1138591 
-1702846 
-239538 
-913682 
1742641 
565226 
753221 
-119617 
-1410940 
-1165714 
838262 
1164894 
-634609 
-1372446 
-1694172 
-1456059 
9761 
-454477 
-1400357 
1694988 
1158259 
-136031 
-770965 
-602900 
-434058 
-1217255 
-896583 
-1372657 
1748884 
486910 
491719 
816266 
-1019951 
686067 
1726993 
69717 
-760082 
300367 
1274760 
1391135 
810985 
1225406 
1398065 
-1716358 
177345 
-1370800 
1468263 
-1407725 
366349 
733858 
-42681 
161371 
-345972 
-1253560 
1423504 
-1172418 
178365 
-1720102 
245662 
-1160272 
1306796 
825156 
1399279 
1186298 
-1384292 
-1289106 
-999024 
-1103308 
-303302 
-1591597 
534100 
-886697 
280771 
914274 
1196844 
859947 
1628164 
1557835 
-963930 
722871 
800808 
1686097 
-1269627 
882944 
-359166 
988878 
-1435681 
-482439 
1150133 
-214302 
-276056 
1328670 
955716 
1211127 
-587123 
-1281434 
-1561477 
-744257 
278979 
-1202840 
-126439 
-561106 
-1504848 
-981718 
-727431 
-440416 
430809 
-891691 
350622 
-1088067 
353913 
1713547 
1586044 
645510 
-916151 
-1256983 
-120608 
-558523 
-102172 
1301144 
318852 
449567 
-632592 
1020531 
-1438848 
-1224892 
233520 
1269834 
-901575 
-1278454 
-473629 
-1290062 
435204 
-520595 
359232 
113169 
1534705 
-1220932 
292243 
1234537 
857001 
1117828 
-657204 
374372 
-936813 
1475970 
-1380339 
-1363427 
-610951 
742594 
-229937 
-551824 
501845 
-493668 
1416581 
1475451 
408364 
-129275 
773073 
1040254 
1041117 
1546650 
50875 
1055927 
-1533864 
1353766 
-749028 
589467 
-1324724 
-1138811 
1498998 
652455 
305940 
435801 
-992249 
764452 
-362618 
-1013480 
943411 
912002 
1518179 
1037987 
1444985 
-643565 
-1396380 
-1450507 
-1169411 
1714487 
-110247 
-1414271 
-1145096 
867908 
-1065774 
536837 
-379096 
-1464731 
1258194 
-532589 
-1722538 
1306484 
-925097 
-1107825 
778549 
-1426766 
-1161802 
91980 
-1084217 
-1428263 
1688567 
1749747 
1004386 
222608 
-124960 
-209640 
1076501 
1255917 
-301703 
773285 
1092596 
-1246072 
1268763 
-1406146 
-1091615 
227056 
1122798 
-1127230 
152298 
1172586 
-846851 
1473781 
337263 
-1620524 
851178 
1247304 
-1557012 
797915 
-1450096 
-1266033 
-1709107 
-468317 
502320 
487323 
431036 
-585806 
-138381 
1724063 
-173434 
593428 
-1251236 
-1528071 
707014 
292211 
687759 
-1333261 
-1114599 
-1060696 
-1609519 
308072 
1274425 
-745486 
612124 
1471913 
445203 
-475647 
-199282 
173201 
-1010608 
207124 
-1369543 
1586131 
-1388592 
-59588 
-491123 
-1304273 
-423038 
-1499174 
-124628 
-1622517 
-1135379 
-316450 
1418400 
546181 
-838152 
676252 
1267732 
-1231113 
679057 
-584107 
419864 
653397 
-1353864 
-894811 
410818 
-883742 
953077 
-1130393 
-511512 
-986563 
-1662635 
94112 
-258276 
-838485 
-1422185 
-1158261 
113761 
980188 
-472045 
845108 
728080 
848218 
507202 
-1458435 
-1424833 
-160354 
-71427 
20664 
802041 
1398067 
-1694800 
-1501818 
944060 
1320051 
-400370 
1489428 
818254 
890182 
-1216680 
-1734390 
1602913 
655901 
-1278372 
907243 
-1460028 
-195156 
-479294 
1511450 
-56434 
16222 
-348585 
331145 
547057 
-111700 
-1336608 
-1377984 
-274305 
-746119 
483531 
-289737 
-1106999 
671344 
-713282 
-630833 
-904614 
157246 
325807 
-1666508 
1498575 
555742 
-1148446 
575597 
56951 
1682967 
-1374525 
-1636602 
123529 
649730 
8273 
-949068 
-1479007 
-674977 
-831756 
-330585 
-1648871 
423062 
-1590708 
1467802 
1352610 
819592 
-1114775 
-519118 
685798 
707046 
814007 
-490599 
506978 
-1722328 
1330174 
1727872 
843202 
203395 
-1035165 
489536 
-869327 
1713853 
-269574 
-1724815 
1540602 
-104168 
-756716 
880079 
482691 
-416353 
-1143442 
675769 
151971 
-826280 
716666 
1507367 
1314698 
622716 
984670 
1347117 
-498569 
-451549 
-1188981 
-1701943 
952255 
-952735 
-121828 
-58422 
1602447 
-176679 
-1441750 
-987775 
-1030831 
-183371 
1590264 
1565333 
-952455 
1088688 
-423339 
444756 
-981902 
-328814 
119894 
-934836 
-284744 
-1187232 
-311191 
-1180811 
-883833 
-578234 
1120210 
873344 
-700700 
833309 
-1569764 
-31406 
651580 
-396599 
-1637627 
405528 
1213121 
1432852 
-1551324 
-1602163 
1443540 
-416861 
810601 
-1722767 
954032 
914067 
1228377 
-1162389 
728290 
868320 
-1149905 
547552 
1208928 
957469 
-812876 
-1510600 
340638 
-900646 
335125 
953334 
-316901 
843116 
-1246643 
-1330401 
1457861 
-1231170 
-268826 
348220 
536872 
201319 
-925056 
-417704 
649170 
1094940 
-351819 
-1525792 
517875 
-581050 
-699564 
-1072482 
-210742 
52299 
491312 
983615 
1110635 
949434 
631645 
554823 
910957 
1462596 
1350425 
-910404 
839388 
-901554 
-917533 
23009 
1704977 
1044688 
-1426675 
381069 
-377309 
559988 
212119 
-1410167 
1316342 
262415 
415730 
1170245 
-1688867 
217302 
1700966 
129216 
1732724 
-1614326 
25792 
-519534 
695038 
-1488764 
-161346 
764088 
528353 
535229 
597065 
378527 
-1104328 
65915 
-1671094 
1424389 
-291883 
1315709 
113963 
876942 
269538 
1133415 
-1193563 
-1712003 
-140503 
1063626 
-1633606 
1489929 
-1268888 
-708676 
-220653 
1491794 
-1414821 
96254 
743770 
-1451168 
1720221 
1749675 
-214872 
647900 
755303 
-125717 
1067736 
932718 
-311896 
957341 
524475 
-1650291 
1055364 
-503626 
-1436438 
789815 
-1085133 
674201 
-1703523 
-1116297 
-1595959 
721861 
1323531 
-1411224 
1063452 
-1058555 
-627634 
354048 
477520 
179709 
-124912 
600761 
-514381 
-201983 
272832 
488800 
