1000 345
-133 
-127 
109 
-177 
-101 
54 
75 
-144 
50 
106 
91 
55 
-34 
-113 
-160 
-7 
-111 
97 
33 
5 
46 
-37 
88 
-133 
88 
41 
25 
-108 
-148 
38 
61 
57 
-161 
55 
41 
-161 
47 
96 
22 
-78 
177 
18 
11 
-119 
136 
-104 
-88 
76 
160 
-151 
40 
27 
158 
-139 
-86 
-129 
-63 
-12 
125 
-85 
-53 
53 
-83 
-83 
116 
138 
33 
-97 
77 
-28 
2 
-97 
74 
147 
148 
-59 
103 
-74 
-154 
-69 
-23 
46 
-14 
-106 
133 
-13 
18 
-91 
-45 
-148 
-82 
70 
-160 
57 
7 
117 
-81 
97 
-78 
77 
157 
31 
-99 
-110 
86 
-9 
146 
97 
-46 
149 
83 
39 
12 
38 
-26 
-1 
81 
-164 
6 
-177 
-79 
-30 
-93 
152 
154 
133 
55 
-67 
130 
134 
42 
-155 
110 
15 
1 
54 
-176 
-19 
-158 
170 
-161 
139 
-49 
-142 
-102 
-118 
-116 
-178 
-101 
41 
-14 
-9 
103 
-23 
168 
56 
-44 
38 
-115 
-2 
-16 
55 
52 
136 
18 
-158 
104 
-58 
85 
166 
-93 
-130 
129 
-20 
-118 
-83 
-11 
-95 
-118 
-19 
-127 
89 
136 
-57 
157 
161 
107 
-88 
-165 
85 
-11 
-155 
100 
102 
-83 
-122 
-119 
117 
-102 
-130 
-109 
35 
-141 
106 
86 
-175 
19 
116 
-1 
-130 
52 
113 
165 
163 
-47 
-111 
-61 
72 
-32 
-63 
111 
110 
-161 
138 
149 
92 
-76 
17 
-152 
-106 
156 
-30 
-168 
124 
10 
-44 
-171 
47 
148 
162 
-171 
20 
-18 
-160 
29 
123 
-172 
43 
17 
-132 
-36 
-47 
-156 
125 
112 
-35 
-30 
-78 
-69 
-166 
8 
49 
11 
141 
-134 
23 
-142 
161 
74 
-56 
-106 
-161 
-8 
-58 
-158 
74 
-70 
26 
83 
-155 
21 
138 
20 
-134 
-177 
-151 
143 
-106 
20 
69 
-13 
89 
144 
111 
-58 
-65 
123 
164 
-65 
-88 
-117 
38 
50 
-130 
94 
-120 
-150 
-21 
12 
-74 
117 
-80 
-50 
-164 
-91 
127 
115 
116 
-102 
-141 
112 
66 
7 
-9 
33 
45 
-150 
67 
145 
159 
-115 
92 
150 
155 
102 
172 
59 
-77 
112 
-43 
-58 
63 
-50 
55 
156 
116 
-78 
-111 
130 
76 
10 
175 
-23 
-6 
-54 
16 
-67 
-156 
148 
-12 
128 
-169 
-176 
-11 
-97 
26 
-122 
29 
-136 
61 
-121 
-123 
-46 
-37 
84 
-22 
-162 
155 
127 
100 
78 
126 
-73 
-140 
55 
-115 
67 
-61 
-134 
15 
51 
-40 
-156 
167 
-84 
-135 
-64 
-140 
24 
8 
-133 
25 
-97 
-138 
-59 
-156 
154 
137 
-50 
143 
-109 
-173 
65 
75 
-178 
52 
158 
-171 
135 
25 
153 
136 
112 
145 
-48 
-110 
-167 
-75 
2 
11 
-36 
-63 
-130 
158 
137 
88 
-106 
172 
45 
-78 
-172 
-110 
-154 
-173 
-138 
148 
166 
7 
-175 
-170 
32 
7 
-26 
139 
96 
-53 
-87 
177 
135 
174 
-100 
10 
160 
-92 
52 
-84 
35 
-173 
-67 
89 
166 
-102 
1 
-39 
-104 
113 
139 
-151 
51 
-41 
3 
108 
-36 
95 
41 
-145 
-141 
-115 
-105 
16 
179 
-138 
42 
99 
-62 
149 
171 
-46 
171 
-105 
136 
-130 
138 
96 
-2 
-10 
-159 
71 
160 
-150 
-48 
-167 
-164 
101 
16 
-101 
-31 
-2 
-128 
-120 
27 
155 
-134 
-8 
99 
-125 
-3 
106 
-123 
-93 
21 
-122 
-114 
-83 
-128 
132 
-3 
17 
-152 
48 
173 
-159 
99 
-53 
-161 
-14 
-70 
138 
-138 
-12 
-150 
63 
-113 
-69 
157 
9 
-19 
30 
65 
127 
-56 
-178 
167 
86 
-149 
-124 
-58 
7 
73 
-163 
-129 
141 
168 
-57 
99 
-109 
-87 
46 
-75 
124 
13 
-78 
116 
121 
-158 
5 
114 
-43 
30 
32 
-131 
118 
63 
124 
-16 
95 
-106 
-151 
-170 
16 
-129 
120 
-122 
22 
-9 
75 
143 
-113 
-157 
9 
19 
-166 
86 
163 
-88 
130 
162 
-127 
128 
-96 
-158 
-178 
-56 
-121 
21 
-106 
-117 
-88 
51 
-95 
45 
75 
-112 
100 
-154 
-48 
-121 
171 
-125 
112 
-106 
-24 
-72 
62 
-43 
-121 
-36 
118 
3 
-20 
36 
84 
8 
-23 
29 
-48 
-148 
-134 
98 
-84 
-142 
151 
-49 
77 
-61 
-104 
-114 
-79 
103 
85 
122 
74 
71 
-12 
-114 
97 
86 
-105 
130 
57 
-76 
-122 
46 
-102 
-154 
45 
-89 
-34 
178 
115 
6 
-46 
150 
-18 
-130 
81 
-159 
42 
95 
35 
16 
-118 
-50 
-152 
-160 
137 
54 
175 
-133 
172 
-164 
-162 
-102 
24 
92 
49 
126 
-93 
120 
-6 
-121 
96 
28 
-172 
-109 
113 
-19 
73 
62 
145 
25 
25 
61 
116 
-49 
132 
169 
146 
-28 
42 
-162 
-63 
146 
123 
-59 
-166 
177 
-152 
-36 
29 
-35 
3 
20 
-129 
2 
-57 
132 
6 
157 
-91 
158 
40 
145 
9 
-77 
160 
-134 
-176 
0 
-79 
-15 
114 
-137 
-11 
97 
-172 
-47 
70 
1 
-121 
-116 
-97 
27 
-32 
27 
176 
-56 
-127 
-10 
108 
-65 
24 
-154 
-178 
118 
111 
83 
-45 
106 
120 
-26 
11 
-85 
85 
61 
-51 
107 
154 
118 
-72 
-125 
81 
169 
97 
-51 
-7 
-23 
-80 
-6 
-99 
-14 
24 
-2 
6 
-21 
-180 
-86 
132 
-139 
116 
15 
64 
-94 
-155 
126 
44 
-73 
153 
0 
138 
3 
-98 
50 
125 
0 
148 
-120 
148 
173 
-124 
144 
-160 
-99 
-58 
-23 
-66 
-19 
75 
-55 
174 
-64 
108 
-43 
8 
-162 
-59 
-11 
160 
128 
136 
-127 
-6 
-109 
-148 
76 
-58 
93 
-53 
4 
-176 
105 
-141 
-18 
-44 
-11 
22 
96 
-16 
97 
-19 
-70 
-66 
-119 
-96 
138 
138 
173 
-111 
100 
99 
-15 
-137 
117 
-50 
-154 
-116 
-134 
-135 
-121 
-166 
115 
76 
111 
-113 
-106 
-15 
-136 
133 
18 
175 
-16 
-33 
79 
-126 
71 
8 
38 
-56 
87 
-125 
90 
-56 
143 
154 
76 
145 
2 
37 
-90 
142 
-156 
-99 
-85 
-127 
80 
134 
47 
-104 
-148 
-17 
-13 
152 
-143 
-21 
-87 
-79 
115 
-7 
131 
40 
-157 
82 
-16 
-18 
177 
68 
-100 
-148 
22 
146 
20 
-77 
-116 
109 
129 
-108 
135 
-95 
150 
-116 
-90 
43 
167 
61 
-152 
65 
55 
77 
-127 
-158 
13 
-167 
93 
161 
-153 
-82 
-168 
-113 
-67 
72 
