1253
19833 9863
19421 1147
19720 17419
19589 17747
1308 343
441 15899
5332 19866
388 19638
10090 19720
629 9169
12633 231
19833 9863
19833 9863
19421 1147
19720 17419
19589 17747
1308 343
441 15899
5332 19866
388 19638
10090 19720
629 9169
12633 231
19833 9863
19833 9863
19421 1147
19720 17419
19589 17747
1308 343
441 15899
5332 19866
388 19638
10090 19720
629 9169
12633 231
19833 9863
19833 9863
19421 1147
19720 17419
19589 17747
1308 343
441 15899
5332 19866
388 19638
10090 19720
629 9169
12633 231
19833 9863
19833 9863
19421 1147
19720 17419
19589 17747
1308 343
441 15899
5332 19866
388 19638
10090 19720
629 9169
12633 231
19833 9863
19833 9863
19421 1147
19720 17419
19589 17747
1308 343
441 15899
5332 19866
388 19638
10090 19720
629 9169
12633 231
19833 9863
19833 9863
19421 1147
19720 17419
19589 17747
1308 343
441 15899
5332 19866
388 19638
10090 19720
629 9169
12633 231
19833 9863
19833 9863
19421 1147
19720 17419
19589 17747
1308 343
441 15899
5332 19866
388 19638
10090 19720
629 9169
12633 231
19833 9863
19833 12494
19785 2034
9 9882
7656 17791
535 15908
1229 429
19935 6090
18416 19982
12422 524
19833 12494
19833 12494
19785 2034
9 9882
7656 17791
535 15908
1229 429
19935 6090
18416 19982
12422 524
19833 12494
19833 12494
19785 2034
9 9882
7656 17791
535 15908
1229 429
19935 6090
18416 19982
12422 524
19833 12494
19833 12494
19785 2034
9 9882
7656 17791
535 15908
1229 429
19935 6090
18416 19982
12422 524
19833 12494
19833 12494
19785 2034
9 9882
7656 17791
535 15908
1229 429
19935 6090
18416 19982
12422 524
19833 12494
19833 12494
19785 2034
9 9882
7656 17791
535 15908
1229 429
19935 6090
18416 19982
12422 524
19833 12494
19833 12494
19785 2034
9 9882
7656 17791
535 15908
1229 429
19935 6090
18416 19982
12422 524
19833 12494
19833 12494
19785 2034
9 9882
7656 17791
535 15908
1229 429
19935 6090
18416 19982
12422 524
19833 12494
19833 12494
19785 2034
9 9882
7656 17791
535 15908
1229 429
19935 6090
18416 19982
12422 524
19833 12494
19833 12494
19785 2034
9 9882
7656 17791
535 15908
1229 429
19935 6090
18416 19982
12422 524
19833 12494
19833 12494
19785 2034
9 9882
7656 17791
535 15908
1229 429
19935 6090
18416 19982
12422 524
19833 12494
19833 12494
19785 2034
9 9882
7656 17791
535 15908
1229 429
19935 6090
18416 19982
12422 524
19833 12494
19833 12494
19785 2034
9 9882
7656 17791
535 15908
1229 429
19935 6090
18416 19982
12422 524
19833 12494
19833 12494
19785 2034
9 9882
7656 17791
535 15908
1229 429
19935 6090
18416 19982
12422 524
19833 12494
19833 12494
19785 2034
9 9882
7656 17791
535 15908
1229 429
19935 6090
18416 19982
12422 524
19833 12494
19833 15124
15789 18908
2488 737
18118 17501
12979 19606
18187 1436
232 19653
19884 4153
85 2355
2942 19717
13662 555
6225 504
19833 15124
19833 15124
15789 18908
2488 737
18118 17501
12979 19606
18187 1436
232 19653
19884 4153
85 2355
2942 19717
13662 555
6225 504
19833 15124
19833 15124
15789 18908
2488 737
18118 17501
12979 19606
18187 1436
232 19653
19884 4153
85 2355
2942 19717
13662 555
6225 504
19833 15124
19833 15124
15789 18908
2488 737
18118 17501
12979 19606
18187 1436
232 19653
19884 4153
85 2355
2942 19717
13662 555
6225 504
19833 15124
19833 15124
15789 18908
2488 737
18118 17501
12979 19606
18187 1436
232 19653
19884 4153
85 2355
2942 19717
13662 555
6225 504
19833 15124
19833 15124
15789 18908
2488 737
18118 17501
12979 19606
18187 1436
232 19653
19884 4153
85 2355
2942 19717
13662 555
6225 504
19833 15124
19833 15124
15789 18908
2488 737
18118 17501
12979 19606
18187 1436
232 19653
19884 4153
85 2355
2942 19717
13662 555
6225 504
19833 15124
19833 15124
15789 18908
2488 737
18118 17501
12979 19606
18187 1436
232 19653
19884 4153
85 2355
2942 19717
13662 555
6225 504
19833 15124
19833 15124
15789 18908
2488 737
18118 17501
12979 19606
18187 1436
232 19653
19884 4153
85 2355
2942 19717
13662 555
6225 504
19833 15124
19833 15124
15789 18908
2488 737
18118 17501
12979 19606
18187 1436
232 19653
19884 4153
85 2355
2942 19717
13662 555
6225 504
19833 15124
19833 15124
15789 18908
2488 737
18118 17501
12979 19606
18187 1436
232 19653
19884 4153
85 2355
2942 19717
13662 555
6225 504
19833 15124
19833 15124
15789 18908
2488 737
18118 17501
12979 19606
18187 1436
232 19653
19884 4153
85 2355
2942 19717
13662 555
6225 504
19833 15124
19833 15124
15789 18908
2488 737
18118 17501
12979 19606
18187 1436
232 19653
19884 4153
85 2355
2942 19717
13662 555
6225 504
19833 15124
19833 15124
15789 18908
2488 737
18118 17501
12979 19606
18187 1436
232 19653
19884 4153
85 2355
2942 19717
13662 555
6225 504
19833 15124
19833 15124
15789 18908
2488 737
18118 17501
12979 19606
18187 1436
232 19653
19884 4153
85 2355
2942 19717
13662 555
6225 504
19833 15124
19833 15124
15789 18908
2488 737
18118 17501
12979 19606
18187 1436
232 19653
19884 4153
85 2355
2942 19717
13662 555
6225 504
19833 15124
19833 15124
15789 18908
2488 737
18118 17501
12979 19606
18187 1436
232 19653
19884 4153
85 2355
2942 19717
13662 555
6225 504
19833 15124
19833 17755
478 13500
9090 19985
4479 19525
35 526
19841 15049
10928 147
14408 19612
739 17191
18351 18704
18289 903
19833 17755
19833 17755
478 13500
9090 19985
4479 19525
35 526
19841 15049
10928 147
14408 19612
739 17191
18351 18704
18289 903
19833 17755
19833 17755
478 13500
9090 19985
4479 19525
35 526
19841 15049
10928 147
14408 19612
739 17191
18351 18704
18289 903
19833 17755
19833 17755
478 13500
9090 19985
4479 19525
35 526
19841 15049
10928 147
14408 19612
739 17191
18351 18704
18289 903
19833 17755
19833 17755
478 13500
9090 19985
4479 19525
35 526
19841 15049
10928 147
14408 19612
739 17191
18351 18704
18289 903
19833 17755
19833 17755
478 13500
9090 19985
4479 19525
35 526
19841 15049
10928 147
14408 19612
739 17191
18351 18704
18289 903
19833 17755
19833 17755
478 13500
9090 19985
4479 19525
35 526
19841 15049
10928 147
14408 19612
739 17191
18351 18704
18289 903
19833 17755
19833 17755
478 13500
9090 19985
4479 19525
35 526
19841 15049
10928 147
14408 19612
739 17191
18351 18704
18289 903
19833 17755
19833 17755
478 13500
9090 19985
4479 19525
35 526
19841 15049
10928 147
14408 19612
739 17191
18351 18704
18289 903
19833 17755
19833 17755
478 13500
9090 19985
4479 19525
35 526
19841 15049
10928 147
14408 19612
739 17191
18351 18704
18289 903
19833 17755
19833 17755
478 13500
9090 19985
4479 19525
35 526
19841 15049
10928 147
14408 19612
739 17191
18351 18704
18289 903
19833 17755
19833 17755
478 13500
9090 19985
4479 19525
35 526
19841 15049
10928 147
14408 19612
739 17191
18351 18704
18289 903
19833 17755
19833 17755
478 13500
9090 19985
4479 19525
35 526
19841 15049
10928 147
14408 19612
739 17191
18351 18704
18289 903
19833 17755
19833 17755
478 13500
9090 19985
4479 19525
35 526
19841 15049
10928 147
14408 19612
739 17191
18351 18704
18289 903
19833 17755
19833 386
17431 212
9635 19985
19818 16135
7223 466
4597 547
175 19554
83 776
19904 1980
7135 19948
16370 18949
17409 18421
19950 12505
19833 386
19833 386
17431 212
9635 19985
19818 16135
7223 466
4597 547
175 19554
83 776
19904 1980
7135 19948
16370 18949
17409 18421
19950 12505
19833 386
19833 386
17431 212
9635 19985
19818 16135
7223 466
4597 547
175 19554
83 776
19904 1980
7135 19948
16370 18949
17409 18421
19950 12505
19833 386
19833 386
17431 212
9635 19985
19818 16135
7223 466
4597 547
175 19554
83 776
19904 1980
7135 19948
16370 18949
17409 18421
19950 12505
19833 386
19833 386
17431 212
9635 19985
19818 16135
7223 466
4597 547
175 19554
83 776
19904 1980
7135 19948
16370 18949
17409 18421
19950 12505
19833 386
19833 386
17431 212
9635 19985
19818 16135
7223 466
4597 547
175 19554
83 776
19904 1980
7135 19948
16370 18949
17409 18421
19950 12505
19833 386
19833 386
17431 212
9635 19985
19818 16135
7223 466
4597 547
175 19554
83 776
19904 1980
7135 19948
16370 18949
17409 18421
19950 12505
19833 386
19833 386
17431 212
9635 19985
19818 16135
7223 466
4597 547
175 19554
83 776
19904 1980
7135 19948
16370 18949
17409 18421
19950 12505
19833 386
19833 386
17431 212
9635 19985
19818 16135
7223 466
4597 547
175 19554
83 776
19904 1980
7135 19948
16370 18949
17409 18421
19950 12505
19833 386
19833 386
17431 212
9635 19985
19818 16135
7223 466
4597 547
175 19554
83 776
19904 1980
7135 19948
16370 18949
17409 18421
19950 12505
19833 386
19833 386
17431 212
9635 19985
19818 16135
7223 466
4597 547
175 19554
83 776
19904 1980
7135 19948
16370 18949
17409 18421
19950 12505
19833 386
19833 386
17431 212
9635 19985
19818 16135
7223 466
4597 547
175 19554
83 776
19904 1980
7135 19948
16370 18949
17409 18421
19950 12505
19833 386
19833 386
17431 212
9635 19985
19818 16135
7223 466
4597 547
175 19554
83 776
19904 1980
7135 19948
16370 18949
17409 18421
19950 12505
19833 386
19833 386
17431 212
9635 19985
19818 16135
7223 466
4597 547
175 19554
83 776
19904 1980
7135 19948
16370 18949
17409 18421
19950 12505
19833 386
19833 386
17431 212
9635 19985
19818 16135
7223 466
4597 547
175 19554
83 776
19904 1980
7135 19948
16370 18949
17409 18421
19950 12505
19833 386
19833 386
17431 212
9635 19985
19818 16135
7223 466
4597 547
175 19554
83 776
19904 1980
7135 19948
16370 18949
17409 18421
19950 12505
19833 386
19834 3017
19856 18160
16800 18860
13948 19428
19885 4935
5032 674
1519 4290
16807 1113
2551 19945
9021 45
1088 19746
2470 1123
13012 247
19834 3017
19834 3017
19856 18160
16800 18860
13948 19428
19885 4935
5032 674
1519 4290
16807 1113
2551 19945
9021 45
1088 19746
2470 1123
13012 247
19834 3017
19834 3017
19856 18160
16800 18860
13948 19428
19885 4935
5032 674
1519 4290
16807 1113
2551 19945
9021 45
1088 19746
2470 1123
13012 247
19834 3017
19834 3017
19856 18160
16800 18860
13948 19428
19885 4935
5032 674
1519 4290
16807 1113
2551 19945
9021 45
1088 19746
2470 1123
13012 247
19834 3017
19834 3017
19856 18160
16800 18860
13948 19428
19885 4935
5032 674
1519 4290
16807 1113
2551 19945
9021 45
1088 19746
2470 1123
13012 247
19834 3017
19834 3017
19856 18160
16800 18860
13948 19428
19885 4935
5032 674
1519 4290
16807 1113
2551 19945
9021 45
1088 19746
2470 1123
13012 247
19834 3017
19834 3017
19856 18160
16800 18860
13948 19428
19885 4935
5032 674
1519 4290
16807 1113
2551 19945
9021 45
1088 19746
2470 1123
13012 247
19834 3017
19834 3017
19856 18160
16800 18860
13948 19428
19885 4935
5032 674
1519 4290
16807 1113
2551 19945
9021 45
1088 19746
2470 1123
13012 247
19834 3017
19834 3017
19856 18160
16800 18860
13948 19428
19885 4935
5032 674
1519 4290
16807 1113
2551 19945
9021 45
1088 19746
2470 1123
13012 247
19834 3017
19834 3017
19856 18160
16800 18860
13948 19428
19885 4935
5032 674
1519 4290
16807 1113
2551 19945
9021 45
1088 19746
2470 1123
13012 247
19834 3017
19834 3017
19856 18160
16800 18860
13948 19428
19885 4935
5032 674
1519 4290
16807 1113
2551 19945
9021 45
1088 19746
2470 1123
13012 247
19834 3017
19834 3017
19856 18160
16800 18860
13948 19428
19885 4935
5032 674
1519 4290
16807 1113
2551 19945
9021 45
1088 19746
2470 1123
13012 247
19834 3017
19834 3017
19856 18160
16800 18860
13948 19428
19885 4935
5032 674
1519 4290
16807 1113
2551 19945
9021 45
1088 19746
2470 1123
13012 247
19834 3017
19834 3017
19856 18160
16800 18860
13948 19428
19885 4935
5032 674
1519 4290
16807 1113
2551 19945
9021 45
1088 19746
2470 1123
13012 247
19834 3017
19834 3017
19856 18160
16800 18860
13948 19428
19885 4935
5032 674
1519 4290
16807 1113
2551 19945
9021 45
1088 19746
2470 1123
13012 247
19834 3017
19834 3017
19856 18160
16800 18860
13948 19428
19885 4935
5032 674
1519 4290
16807 1113
2551 19945
9021 45
1088 19746
2470 1123
13012 247
19834 3017
19834 3017
19856 18160
16800 18860
13948 19428
19885 4935
5032 674
1519 4290
16807 1113
2551 19945
9021 45
1088 19746
2470 1123
13012 247
19834 3017
19834 5647
19569 1400
3482 1062
15387 1057
735 13538
19801 19655
6952 19320
2563 17492
19878 11292
10 9933
6103 439
19834 5647
19834 5647
19569 1400
3482 1062
15387 1057
735 13538
19801 19655
6952 19320
2563 17492
19878 11292
10 9933
6103 439
19834 5647
19834 5647
19569 1400
3482 1062
15387 1057
735 13538
19801 19655
6952 19320
2563 17492
19878 11292
10 9933
6103 439
19834 5647
19834 5647
19569 1400
3482 1062
15387 1057
735 13538
19801 19655
6952 19320
2563 17492
19878 11292
10 9933
6103 439
19834 5647
19834 5647
19569 1400
3482 1062
15387 1057
735 13538
19801 19655
6952 19320
2563 17492
19878 11292
10 9933
6103 439
19834 5647
19834 5647
19569 1400
3482 1062
15387 1057
735 13538
19801 19655
6952 19320
2563 17492
19878 11292
10 9933
6103 439
19834 5647
19834 5647
19569 1400
3482 1062
15387 1057
735 13538
19801 19655
6952 19320
2563 17492
19878 11292
10 9933
6103 439
19834 5647
19834 5647
19569 1400
3482 1062
15387 1057
735 13538
19801 19655
6952 19320
2563 17492
19878 11292
10 9933
6103 439
19834 5647
19834 5647
19569 1400
3482 1062
15387 1057
735 13538
19801 19655
6952 19320
2563 17492
19878 11292
10 9933
6103 439
19834 5647
19834 5647
19569 1400
3482 1062
15387 1057
735 13538
19801 19655
6952 19320
2563 17492
19878 11292
10 9933
6103 439
19834 5647
19834 5647
19569 1400
3482 1062
15387 1057
735 13538
19801 19655
6952 19320
2563 17492
19878 11292
10 9933
6103 439
19834 5647
19834 5647
19569 1400
3482 1062
15387 1057
735 13538
19801 19655
6952 19320
2563 17492
19878 11292
10 9933
6103 439
19834 5647
19834 5647
19569 1400
3482 1062
15387 1057
735 13538
19801 19655
6952 19320
2563 17492
19878 11292
10 9933
6103 439
19834 5647
