128
9653 2279
344 8665
1179 9325
9207 7225
7759 9784
9750 303
6129 9958
2093 245
8682 9293
934 250
831 315
94 7240
248 872
3538 9731
9653 2279
484 1107
9943 2567
1108 261
4618 9800
6179 196
8570 173
2291 9467
9825 9234
56 6805
9649 1229
3013 9661
9923 9019
484 1107
979 8457
6049 9902
362 3101
2650 9575
9732 263
9934 8864
7724 9972
9928 3259
24 158
1112 9090
979 8457
7300 9970
316 1247
9280 226
874 1003
9413 6453
3723 9
3520 9946
9443 8557
9211 9437
229 9206
7300 9970
6563 150
124 5369
9969 4433
272 3477
9582 497
6577 9998
1158 140
2339 9812
35 9375
8619 9881
3738 9956
6563 150
7993 203
29 9520
1305 322
7910 9355
723 1526
9802 921
5764 9973
7559 9794
6 3992
2023 9737
8840 8127
9933 3610
7993 203
8156 13
9930 1352
23 4721
958 9579
632 88
9387 7337
8470 161
105 4073
9230 560
188 8943
6365 6
7074 9832
8156 13
7144 9832
2986 8927
9938 6419
6569 9855
588 7481
3908 9225
9300 196
9096 134
111 122
9657 9004
9964 1693
7144 9832
9910 8505
1859 835
7837 9890
7110 9948
111 3450
9827 1569
734 1287
9851 1754
939 9927
352 5945
9884 3347
5817 273
8722 183
526 7144
9132 9705
9910 8505
9560 809
408 9653
8817 9715
9330 9126
58 715
3688 110
128 7222
9718 8397
9714 6770
241 8428
6379 9828
9560 809
