137
484 9474
31 886
7626 379
9917 9545
226 8621
3321 156
9191 879
1026 295
980 9709
9759 3798
8163 443
484 9474
6126 9740
9738 1356
8853 9007
497 224
14 7584
9943 2194
233 9972
9049 975
1962 9907
9903 5626
8359 632
9729 8178
6922 4
6126 9740
6882 521
396 7270
1993 9645
9187 9696
9283 9195
609 9269
877 9452
8408 893
9803 2502
2925 128
934 214
9868 5941
121 2775
6882 521
8059 227
4539 164
5214 9769
2807 9730
265 9381
2641 347
597 1685
9961 3497
8503 276
6046 9684
148 3092
9973 8522
9488 1749
2979 9750
8059 227
9403 605
2218 219
8850 36
9971 2091
604 540
121 9981
98 2521
9708 9836
9917 6382
9403 605
566 229
9161 8368
236 8595
6105 9944
1541 9849
9774 2227
9959 7753
7338 9510
5999 308
8740 1388
2692 36
5 3632
7629 643
566 229
9598 1156
518 8568
261 8383
7036 87
9774 9400
5056 9845
27 1269
9861 3823
9745 2553
9222 310
46 7849
7602 9818
8525 80
2872 9257
1103 505
9598 1156
9684 8393
633 463
7047 9676
9806 7558
8189 314
179 7602
8916 806
9747 8263
9909 2378
521 1132
235 8818
7745 228
1478 85
853 9321
4155 122
9684 8393
9947 6378
484 8987
9878 8228
6982 9717
3146 213
486 2367
8712 226
9784 9013
6858 25
9682 4953
2247 9973
3563 9
76 8616
9947 6378
9921 9101
4 6895
1472 8981
131 5013
7890 9949
6719 44
1332 65
9734 3472
2957 9924
9276 398
705 1250
9921 9101
