1266
9420 8206
9664 6856
5473 9841
1305 117
493 9299
9590 1215
4281 323
9876 1816
6805 714
7494 9264
9957 4370
130 7437
1142 9833
5274 9867
173 85
9420 8206
497 9825
331 430
8186 167
7761 9995
105 3043
4372 9973
9966 9913
9921 1108
497 9825
9569 426
61 919
6842 224
9824 1683
4260 9793
3444 10
7059 9570
9704 7811
1466 14
105 9541
1531 9955
8915 9311
9569 426
364 577
8247 9764
9638 1205
3613 9952
9906 2862
5946 9923
116 2372
8635 240
78 3475
1571 9940
1547 340
9969 7057
446 8998
9343 601
554 384
9011 9692
364 577
290 9897
5435 9794
311 1098
9969 9247
9736 9599
9624 2681
9507 817
615 272
117 6030
8607 492
5178 192
49 2501
4546 154
9130 596
290 9897
8210 9880
9300 279
51 2875
9779 3197
674 229
872 9514
62 6927
184 559
6664 79
5759 9915
3373 116
9814 7148
9390 8763
8210 9880
9309 9718
307 9557
9879 4621
5321 9789
9891 2642
8986 286
164 2122
699 95
9309 9718
628 243
9611 8970
9906 6993
9989 2710
52 9113
5691 47
30 6303
3531 115
9571 1550
7960 9952
7539 537
2094 9887
628 243
9952 1789
9703 6822
3461 9990
6701 9572
298 7876
206 2328
4813 201
793 11
8455 435
1541 9498
9411 9064
9952 1789
7469 9968
9839 4532
1449 243
9517 564
9625 8870
8144 9687
7739 201
78 5912
195 9136
1082 9635
74 6825
494 1267
7469 9968
131 71
918 9949
5853 39
9849 82
9783 6548
266 9653
9632 9889
47 8363
131 71
9705 332
8442 254
291 25
1126 9902
4431 9999
9837 9364
2666 9949
545 6601
9899 8769
9996 2113
7637 9771
9705 332
5086 9940
7991 9430
120 860
1831 9616
296 154
9932 4672
1161 9402
426 8621
9244 8004
9977 3066
9838 2044
8716 160
5086 9940
3384 9888
313 2169
3082 332
6206 9949
9958 9360
139 4980
1394 1041
67 8797
9002 9782
9256 9739
668 9362
7385 53
9798 1412
3384 9888
7629 9913
32 2417
385 1047
157 9723
9362 1598
8719 40
9999 9540
1855 248
7629 9913
6459 166
130 1521
4363 9769
9843 2648
889 9966
368 9104
6326 9612
353 694
266 6078
9393 204
186 3698
9874 8694
6459 166
7100 138
8957 493
34 504
573 9717
9588 2445
6761 9894
8271 9813
9868 8734
156 36
7100 138
7887 332
2329 120
9765 8943
9701 2608
442 600
8530 454
42 6624
2027 9497
5718 9483
9606 995
5460 9512
7887 332
259 852
2373 101
8265 9304
6363 9738
197 9701
9367 8849
9123 43
3796 9745
9859 1883
9910 8439
259 852
7056 147
9363 8528
6466 9937
77 6841
1205 8605
8506 9831
8585 490
263 803
5644 82
2689 9430
9876 7521
9173 1730
2040 10
479 8090
7056 147
756 331
9316 9844
9295 661
2264 9656
9710 9720
5231 39
7 5150
50 8792
9898 8335
1421 180
9655 2757
756 331
8879 926
6381 31
9911 6302
7714 9992
5294 9910
111 9654
1519 230
9714 7873
248 1351
9982 4946
8470 9645
7932 163
9872 1736
8879 926
9513 182
9663 9009
9815 1353
8143 9971
2437 9530
9952 6758
1 4462
9863 2876
9791 1079
695 7887
5723 9870
6704 41
72 365
3987 16
1034 46
9507 9575
27 4685
9513 182
9868 8008
7739 58
846 9831
9995 3104
152 7196
9471 1993
567 41
8933 9992
9868 8008
5 8927
172 96
7460 9955
8825 9710
9789 2256
9638 8670
9486 1271
44 5056
8916 514
765 9795
9807 3187
7691 106
3035 9944
5 8927
9820 8780
9893 8316
6046 9970
489 2158
9677 755
1167 931
9731 9317
7085 53
4941 257
174 9801
1951 636
8783 9988
9820 8780
9802 7077
784 9943
9026 9776
172 3491
9461 329
9709 8728
7544 178
41 7491
9675 3745
610 2252
3460 282
2031 456
9802 7077
847 9727
10 3914
9439 62
9603 9781
3025 9930
84 197
9700 5979
847 9727
558 8074
279 6911
1938 405
9692 9261
9100 9661
4580 9994
9627 42
525 718
5594 14
441 1222
167 3574
1106 9723
3919 109
353 7367
9543 9505
9804 915
558 8074
8472 9342
4817 5
9608 305
9804 6833
839 873
9883 2505
9114 182
3443 9818
2105 187
315 1284
9757 9006
9694 433
156 9888
8472 9342
8997 9953
9684 8868
223 2458
138 6644
8503 567
9856 8529
1095 256
7272 9960
9727 3879
9584 2100
6638 107
454 7563
430 1049
1527 9980
8997 9953
5086 9600
8343 8848
522 9902
9927 1948
32 260
9342 223
132 4910
9974 8186
7815 9058
700 74
5086 9600
8821 1011
50 1517
4368 284
9748 2215
929 9273
1091 9387
8143 9991
9926 7393
15 6790
9564 9306
15 4205
1091 103
3940 9905
7946 640
9581 1402
8821 1011
128 3925
91 7383
6669 232
9887 1298
9989 1607
9987 3874
9567 8317
9800 6114
1224 186
647 374
266 8948
1390 9772
9521 846
8714 9944
128 3925
4303 9711
9562 466
2526 282
200 5528
8943 9808
723 9231
24 239
7988 410
9826 9704
339 8717
9856 7743
4303 9711
12 3042
9916 3313
2157 191
764 9536
9934 6264
1400 9881
9358 8800
631 350
202 6327
60 2321
8820 9828
9499 294
12 3042
870 24
9965 4582
8553 9795
7 8094
738 153
172 2260
1579 9537
3597 9972
4239 58
9159 267
6307 82
9930 8747
870 24
8587 9923
9937 1998
2035 124
691 9815
776 1652
9690 7861
9676 78
9419 9611
1627 9987
47 6781
8587 9923
1935 137
814 9801
9602 9712
9371 1154
154 1495
8453 9778
9983 6528
235 9237
9789 9517
9921 9182
4840 221
1935 137
41 4152
8004 9924
952 7839
9954 7226
8463 9689
21 3396
1904 9396
9533 8755
1428 159
452 145
9971 1692
9960 294
4979 9753
41 4152
28 9757
177 2525
9797 5255
180 2482
1901 9907
8374 99
8914 9875
9566 9003
577 224
9445 341
28 9757
690 347
466 3367
9817 9329
4248 9919
9269 442
9997 722
6939 348
613 9790
442 8580
690 347
9899 9962
621 7866
2966 9921
3294 9927
1097 9525
9965 1780
93 4771
7894 133
211 343
9187 1125
180 5842
9899 9962
4880 148
9676 1306
9154 9516
9896 3906
9848 9301
1137 762
8569 297
558 9214
363 4610
2108 9918
6640 9858
35 6613
4880 148
146 179
3340 53
9946 6057
6970 9843
8222 264
9633 9711
10 7382
119 9565
9765 2294
9041 630
9991 8331
7811 184
2976 9880
146 179
9351 634
3293 9654
9785 9475
1019 9446
237 7669
2668 71
478 229
9991 5060
6934 166
9538 1416
9351 634
5333 308
9427 8542
41 9850
5 6403
9343 780
300 55
9982 7383
3400 9880
7892 9559
5333 308
227 4047
7600 46
9762 1217
9422 9548
8090 9828
5488 9901
8550 489
9964 6883
9938 9157
6579 9918
397 1509
2674 578
396 9653
227 4047
967 102
20 8070
9786 8752
270 9604
9865 7348
12 7442
387 884
9932 4270
8834 330
7178 9823
967 102
41 5541
3417 33
9343 9148
8948 1605
214 532
8785 1051
7942 9710
9389 8571
443 9750
6016 124
7362 279
1558 115
59 6709
41 5541
1095 9776
23 8526
512 1805
9983 8577
9391 52
2758 42
32 3629
6759 9942
1308 9881
9031 9488
1718 667
1095 9776
8398 345
9896 5097
9160 835
9658 2051
27 9284
9880 4193
9562 9512
9849 3236
9396 1348
2262 9770
357 295
8398 345
9583 8470
435 4745
9980 3337
304 9126
983 9952
9899 4840
8534 9890
1070 285
676 2630
3713 9997
523 9697
9395 501
7690 55
9583 8470
39 2322
400 888
9259 9208
41 5827
6611 9876
9858 2236
8348 95
9257 212
9767 6464
1485 9857
3281 596
39 2322
7844 86
7214 9804
9850 214
604 2336
215 8023
876 9346
322 8298
5013 64
1722 9681
4955 9940
9775 9270
903 183
9977 3675
7844 86
9660 1089
8250 227
9383 9827
155 9061
2432 240
9776 9293
4900 9976
3224 9768
747 490
129 2005
8940 9974
4441 205
9660 1089
8 7952
8647 242
653 524
349 9831
5876 9843
8163 145
6 4746
103 9212
9649 9674
46 2666
914 208
9537 649
8 7952
9797 351
6065 9952
9154 9916
9641 8201
9993 3242
336 9505
52 11
9899 6299
9797 351
9674 9361
5530 9870
278 9063
74 7285
4648 11
42 4892
9644 345
9938 1773
2839 9664
25 2400
9770 7065
140 8887
7244 9908
65 393
259 315
1319 156
9674 9361
1331 95
9840 9843
347 2616
164 5872
1258 9866
9896 218
7430 9974
458 1605
377 9022
179 8330
742 658
9193 9902
1331 95
2116 89
9904 2059
8188 9797
251 2684
880 848
9042 9337
8599 545
9998 4786
9879 8742
5768 292
1442 371
2253 9946
103 9875
2116 89
1622 60
4960 5
9934 9348
612 424
8613 9766
1079 8570
9838 2525
9500 500
9933 8717
4162 9101
178 5858
1622 60
64 9643
9669 9773
4857 9849
4797 318
9932 881
443 158
1370 9882
9944 5345
514 9750
9905 7613
64 9643
2657 160
8023 9783
9728 5284
8782 662
62 8545
6366 43
8994 1541
43 8445
192 713
3535 9990
9941 8208
2657 160
258 254
302 8789
3635 9937
3287 73
9987 1822
9988 6282
1285 9668
5460 9855
6977 170
9795 9524
258 254
361 1951
9451 8236
9985 5130
218 6982
8675 9776
7153 46
272 8169
865 753
1035 9907
9743 142
9265 11
9931 5457
319 3313
3988 187
361 1951
9923 9108
4323 9771
255 2680
9757 2285
7187 142
2376 9395
6065 18
9543 821
7524 203
661 971
9765 9372
657 8026
9923 9108
9735 743
562 9968
8695 9952
1738 165
8075 38
213 6068
8951 9600
9712 7147
126 9266
9735 743
342 1514
1563 9460
1769 110
3898 9762
8666 701
7272 9586
9559 3743
116 8245
8788 9360
497 203
6874 53
342 1514
9645 353
9885 8208
782 296
5953 9949
559 471
469 713
9869 5113
6929 276
1459 9690
9602 9624
95 8085
9645 353
9578 2717
2717 200
179 4932
9963 6077
4006 115
43 3801
221 897
9944 8715
8881 615
6841 9958
9355 9940
1041 9949
1429 363
9578 2717
9603 2638
9951 9380
9120 9703
2761 126
7351 268
121 6905
2391 9476
9958 6592
2118 533
3911 9941
244 2705
817 1453
9603 2638
86 8228
9826 6211
8570 9979
34 2002
5105 142
9647 239
9771 259
9218 9332
705 9523
9840 943
23 6190
195 182
86 8228
9020 156
9345 9543
9576 599
1718 71
512 7823
27 2161
1214 346
9617 9280
24 2459
992 8881
25 3000
1646 9943
9736 8296
2510 69
9020 156
9707 9076
9467 9429
9338 676
169 5407
8775 9619
9941 5358
1535 9659
1262 9476
9806 3730
9904 7896
5222 138
291 546
215 2787
9707 9076
9483 397
9529 9850
206 9816
9996 7837
8377 202
3984 103
77 299
8289 9983
9483 397
45 8827
9833 1220
9749 556
122 3072
9947 8910
4652 371
9915 9799
459 9722
8469 9873
3776 9961
5336 70
8897 273
45 8827
401 1846
9688 761
4115 137
5096 9972
1375 9978
5319 3
6825 6
1386 683
9903 6251
9411 506
9023 216
9596 9605
9874 9195
949 7539
401 1846
9538 8419
160 2810
490 9488
2045 31
5780 9938
1924 9899
281 1646
4336 182
5400 305
90 3852
9821 7062
390 717
1235 301
9360 1571
9047 807
9631 3222
9538 8419
74 8686
157 9695
759 2715
1669 532
9426 9588
7782 129
9699 7877
6137 9858
9636 3675
449 3502
2062 80
74 8686
9981 9215
783 895
1113 74
365 6438
962 8952
9956 285
2154 9926
7797 189
9691 9673
1347 9921
535 3901
9981 9215
7985 37
8441 9723
20 5542
9772 690
534 171
6093 9805
1164 9665
9965 8997
404 8283
7985 37
8869 9990
2582 9979
9047 247
9867 4920
1742 2
457 9431
333 1045
9564 8280
939 9855
8342 184
8869 9990
9690 9364
8538 537
67 4615
146 9269
2310 9964
335 1005
9001 691
5147 9993
735 9665
9671 3307
646 321
9690 9364
2769 69
396 1223
9867 8860
1421 9801
162 4854
583 750
8810 9774
76 7002
3421 92
9788 470
55 8806
9761 9706
2769 69
1081 90
9448 698
1165 9763
5158 47
114 226
6994 9814
9079 8967
23 7911
96 1095
9999 1695
9852 3116
1081 90
2415 368
8855 45
571 8474
1064 441
2144 9707
7264 9760
9910 8835
9495 1194
513 1490
376 6175
776 645
9878 7356
2415 368
4887 143
4609 9955
9676 2390
7260 9951
528 1061
1354 9824
2924 130
9844 2579
1199 488
9863 9319
24 9588
9986 8929
4887 143
8909 496
2676 300
9443 1035
9684 9993
724 1718
234 3507
2619 9984
9871 1562
506 8941
9976 5674
1469 435
8909 496
135 8051
9781 651
5802 9550
9740 7639
8986 9247
9415 368
9922 4119
4643 178
2604 242
5305 176
8523 9934
1258 1326
153 2486
9947 2088
135 8051
9985 7447
1337 9765
9951 3623
226 1126
9331 27
5949 111
6799 9864
482 7856
3323 245
9705 8725
312 440
9985 7447
1652 9812
68 6823
365 1354
6364 9938
3462 9922
7882 459
1275 178
959 8978
1863 9836
9001 9600
9576 2403
9950 9089
9956 8353
216 3555
1652 9812
9749 347
3082 9859
3065 21
154 7875
72 1170
9608 8598
8691 274
9023 9896
215 8508
1355 9522
9749 347
4950 9876
9547 9617
9520 2857
1144 8020
83 5735
7053 1
8229 206
870 292
9974 6632
9914 5190
547 844
9964 9562
396 2343
2970 9069
340 6708
4950 9876
7634 51
8759 9893
9875 747
615 1961
83 5340
421 3090
1114 90
2522 9972
5594 20
9431 6044
8995 9795
85 9875
7634 51
9001 9142
6130 362
9889 3994
8087 559
8502 9573
3998 222
4999 9815
9530 1730
1292 9968
124 9199
269 582
9001 9142
2050 277
9565 910
8389 9539
3379 40
6457 9604
9527 8024
7905 31
9771 5852
96 7198
466 9752
84 6899
1274 1363
2050 277
9802 3914
7080 339
2438 397
15 8417
8530 805
8788 9342
9419 8895
5717 9752
254 438
8708 938
9726 2387
741 9943
9802 3914
7865 24
9026 8907
152 835
216 4296
1875 8832
9994 2855
616 664
777 7755
3392 9947
147 1273
9943 8176
7865 24
1171 9954
9997 9917
7491 9966
63 459
9758 296
214 9930
1171 9954
