84
19827 9894
9114 18654
14517 14738
8149 17579
3455 7052
6465 15610
13193 215
4350 2342
19827 9894
19827 9894
9114 18654
14517 14738
8149 17579
3455 7052
6465 15610
13193 215
4350 2342
19827 9894
19827 9894
9114 18654
14517 14738
8149 17579
3455 7052
6465 15610
13193 215
4350 2342
19827 9894
19827 9894
9114 18654
14517 14738
8149 17579
3455 7052
6465 15610
13193 215
4350 2342
19827 9894
19827 9894
9114 18654
14517 14738
8149 17579
3455 7052
6465 15610
13193 215
4350 2342
19827 9894
19827 9894
9114 18654
14517 14738
8149 17579
3455 7052
6465 15610
13193 215
4350 2342
19827 9894
19827 9894
9114 18654
14517 14738
8149 17579
3455 7052
6465 15610
13193 215
4350 2342
19827 9894
19827 12525
4226 7827
5173 19118
9813 906
17773 2496
4454 13299
19827 12525
19827 12525
4226 7827
5173 19118
9813 906
17773 2496
4454 13299
19827 12525
19827 12525
4226 7827
5173 19118
9813 906
17773 2496
4454 13299
19827 12525
