1398
18818 15427
17885 17576
470 579
19974 9114
259 10287
5717 12
11277 18293
19944 849
7584 18499
15990 430
507 18611
18818 15427
19830 10401
19590 15460
8092 19752
1049 2332
3021 322
19877 9318
3892 19544
19269 6667
15281 507
16882 19807
319 18573
17354 2152
19272 16556
7600 250
19830 10401
19830 10401
19590 15460
8092 19752
1049 2332
3021 322
19877 9318
3892 19544
19269 6667
15281 507
16882 19807
319 18573
17354 2152
19272 16556
7600 250
19830 10401
19830 10401
19590 15460
8092 19752
1049 2332
3021 322
19877 9318
3892 19544
19269 6667
15281 507
16882 19807
319 18573
17354 2152
19272 16556
7600 250
19830 10401
19830 10401
19590 15460
8092 19752
1049 2332
3021 322
19877 9318
3892 19544
19269 6667
15281 507
16882 19807
319 18573
17354 2152
19272 16556
7600 250
19830 10401
19830 10401
19590 15460
8092 19752
1049 2332
3021 322
19877 9318
3892 19544
19269 6667
15281 507
16882 19807
319 18573
17354 2152
19272 16556
7600 250
19830 10401
19830 10401
19590 15460
8092 19752
1049 2332
3021 322
19877 9318
3892 19544
19269 6667
15281 507
16882 19807
319 18573
17354 2152
19272 16556
7600 250
19830 10401
19830 10401
19590 15460
8092 19752
1049 2332
3021 322
19877 9318
3892 19544
19269 6667
15281 507
16882 19807
319 18573
17354 2152
19272 16556
7600 250
19830 10401
19830 10401
19590 15460
8092 19752
1049 2332
3021 322
19877 9318
3892 19544
19269 6667
15281 507
16882 19807
319 18573
17354 2152
19272 16556
7600 250
19830 10401
19830 10401
19590 15460
8092 19752
1049 2332
3021 322
19877 9318
3892 19544
19269 6667
15281 507
16882 19807
319 18573
17354 2152
19272 16556
7600 250
19830 10401
19830 10401
19590 15460
8092 19752
1049 2332
3021 322
19877 9318
3892 19544
19269 6667
15281 507
16882 19807
319 18573
17354 2152
19272 16556
7600 250
19830 10401
19830 10401
19590 15460
8092 19752
1049 2332
3021 322
19877 9318
3892 19544
19269 6667
15281 507
16882 19807
319 18573
17354 2152
19272 16556
7600 250
19830 10401
19830 10401
19590 15460
8092 19752
1049 2332
3021 322
19877 9318
3892 19544
19269 6667
15281 507
16882 19807
319 18573
17354 2152
19272 16556
7600 250
19830 10401
19830 10401
19590 15460
8092 19752
1049 2332
3021 322
19877 9318
3892 19544
19269 6667
15281 507
16882 19807
319 18573
17354 2152
19272 16556
7600 250
19830 10401
19830 10401
19590 15460
8092 19752
1049 2332
3021 322
19877 9318
3892 19544
19269 6667
15281 507
16882 19807
319 18573
17354 2152
19272 16556
7600 250
19830 10401
19830 10401
19590 15460
8092 19752
1049 2332
3021 322
19877 9318
3892 19544
19269 6667
15281 507
16882 19807
319 18573
17354 2152
19272 16556
7600 250
19830 10401
10246 19839
19943 15267
19835 1972
18196 18959
18998 1581
61 7045
18916 18070
720 16400
3614 98
2198 743
102 12352
4027 19724
10029 390
1082 2809
14840 668
10246 19839
10246 19839
19943 15267
19835 1972
18196 18959
18998 1581
61 7045
18916 18070
720 16400
3614 98
2198 743
102 12352
4027 19724
10029 390
1082 2809
14840 668
10246 19839
10246 19839
19943 15267
19835 1972
18196 18959
18998 1581
61 7045
18916 18070
720 16400
3614 98
2198 743
102 12352
4027 19724
10029 390
1082 2809
14840 668
10246 19839
10246 19839
19943 15267
19835 1972
18196 18959
18998 1581
61 7045
18916 18070
720 16400
3614 98
2198 743
102 12352
4027 19724
10029 390
1082 2809
14840 668
10246 19839
10246 19839
19943 15267
19835 1972
18196 18959
18998 1581
61 7045
18916 18070
720 16400
3614 98
2198 743
102 12352
4027 19724
10029 390
1082 2809
14840 668
10246 19839
10246 19839
19943 15267
19835 1972
18196 18959
18998 1581
61 7045
18916 18070
720 16400
3614 98
2198 743
102 12352
4027 19724
10029 390
1082 2809
14840 668
10246 19839
10246 19839
19943 15267
19835 1972
18196 18959
18998 1581
61 7045
18916 18070
720 16400
3614 98
2198 743
102 12352
4027 19724
10029 390
1082 2809
14840 668
10246 19839
10246 19839
19943 15267
19835 1972
18196 18959
18998 1581
61 7045
18916 18070
720 16400
3614 98
2198 743
102 12352
4027 19724
10029 390
1082 2809
14840 668
10246 19839
10246 19839
19943 15267
19835 1972
18196 18959
18998 1581
61 7045
18916 18070
720 16400
3614 98
2198 743
102 12352
4027 19724
10029 390
1082 2809
14840 668
10246 19839
10246 19839
19943 15267
19835 1972
18196 18959
18998 1581
61 7045
18916 18070
720 16400
3614 98
2198 743
102 12352
4027 19724
10029 390
1082 2809
14840 668
10246 19839
10246 19839
19943 15267
19835 1972
18196 18959
18998 1581
61 7045
18916 18070
720 16400
3614 98
2198 743
102 12352
4027 19724
10029 390
1082 2809
14840 668
10246 19839
10246 19839
19943 15267
19835 1972
18196 18959
18998 1581
61 7045
18916 18070
720 16400
3614 98
2198 743
102 12352
4027 19724
10029 390
1082 2809
14840 668
10246 19839
10246 19839
19943 15267
19835 1972
18196 18959
18998 1581
61 7045
18916 18070
720 16400
3614 98
2198 743
102 12352
4027 19724
10029 390
1082 2809
14840 668
10246 19839
19831 15663
19254 114
19924 6191
618 2246
1939 829
8783 19453
12467 19666
301 13536
19803 2155
17426 19636
439 15145
13230 19694
1979 17410
9961 254
19581 19178
19831 15663
19831 15663
19254 114
19924 6191
618 2246
1939 829
8783 19453
12467 19666
301 13536
19803 2155
17426 19636
439 15145
13230 19694
1979 17410
9961 254
19581 19178
19831 15663
19831 15663
19254 114
19924 6191
618 2246
1939 829
8783 19453
12467 19666
301 13536
19803 2155
17426 19636
439 15145
13230 19694
1979 17410
9961 254
19581 19178
19831 15663
19831 15663
19254 114
19924 6191
618 2246
1939 829
8783 19453
12467 19666
301 13536
19803 2155
17426 19636
439 15145
13230 19694
1979 17410
9961 254
19581 19178
19831 15663
19831 15663
19254 114
19924 6191
618 2246
1939 829
8783 19453
12467 19666
301 13536
19803 2155
17426 19636
439 15145
13230 19694
1979 17410
9961 254
19581 19178
19831 15663
19831 15663
19254 114
19924 6191
618 2246
1939 829
8783 19453
12467 19666
301 13536
19803 2155
17426 19636
439 15145
13230 19694
1979 17410
9961 254
19581 19178
19831 15663
19831 15663
19254 114
19924 6191
618 2246
1939 829
8783 19453
12467 19666
301 13536
19803 2155
17426 19636
439 15145
13230 19694
1979 17410
9961 254
19581 19178
19831 15663
19831 15663
19254 114
19924 6191
618 2246
1939 829
8783 19453
12467 19666
301 13536
19803 2155
17426 19636
439 15145
13230 19694
1979 17410
9961 254
19581 19178
19831 15663
19831 15663
19254 114
19924 6191
618 2246
1939 829
8783 19453
12467 19666
301 13536
19803 2155
17426 19636
439 15145
13230 19694
1979 17410
9961 254
19581 19178
19831 15663
19831 15663
19254 114
19924 6191
618 2246
1939 829
8783 19453
12467 19666
301 13536
19803 2155
17426 19636
439 15145
13230 19694
1979 17410
9961 254
19581 19178
19831 15663
19831 15663
19254 114
19924 6191
618 2246
1939 829
8783 19453
12467 19666
301 13536
19803 2155
17426 19636
439 15145
13230 19694
1979 17410
9961 254
19581 19178
19831 15663
19831 15663
19254 114
19924 6191
618 2246
1939 829
8783 19453
12467 19666
301 13536
19803 2155
17426 19636
439 15145
13230 19694
1979 17410
9961 254
19581 19178
19831 15663
19831 15663
19254 114
19924 6191
618 2246
1939 829
8783 19453
12467 19666
301 13536
19803 2155
17426 19636
439 15145
13230 19694
1979 17410
9961 254
19581 19178
19831 15663
19831 15663
19254 114
19924 6191
618 2246
1939 829
8783 19453
12467 19666
301 13536
19803 2155
17426 19636
439 15145
13230 19694
1979 17410
9961 254
19581 19178
19831 15663
19831 15663
19254 114
19924 6191
618 2246
1939 829
8783 19453
12467 19666
301 13536
19803 2155
17426 19636
439 15145
13230 19694
1979 17410
9961 254
19581 19178
19831 15663
19831 15663
19254 114
19924 6191
618 2246
1939 829
8783 19453
12467 19666
301 13536
19803 2155
17426 19636
439 15145
13230 19694
1979 17410
9961 254
19581 19178
19831 15663
19831 18294
12397 854
2174 19960
52 10681
6410 788
599 785
11012 19392
19765 7633
114 19930
18936 3114
13691 906
19831 18294
19831 18294
12397 854
2174 19960
52 10681
6410 788
599 785
11012 19392
19765 7633
114 19930
18936 3114
13691 906
19831 18294
19831 18294
12397 854
2174 19960
52 10681
6410 788
599 785
11012 19392
19765 7633
114 19930
18936 3114
13691 906
19831 18294
19831 18294
12397 854
2174 19960
52 10681
6410 788
599 785
11012 19392
19765 7633
114 19930
18936 3114
13691 906
19831 18294
19831 18294
12397 854
2174 19960
52 10681
6410 788
599 785
11012 19392
19765 7633
114 19930
18936 3114
13691 906
19831 18294
19831 18294
12397 854
2174 19960
52 10681
6410 788
599 785
11012 19392
19765 7633
114 19930
18936 3114
13691 906
19831 18294
19831 18294
12397 854
2174 19960
52 10681
6410 788
599 785
11012 19392
19765 7633
114 19930
18936 3114
13691 906
19831 18294
19831 18294
12397 854
2174 19960
52 10681
6410 788
599 785
11012 19392
19765 7633
114 19930
18936 3114
13691 906
19831 18294
19831 18294
12397 854
2174 19960
52 10681
6410 788
599 785
11012 19392
19765 7633
114 19930
18936 3114
13691 906
19831 18294
19831 18294
12397 854
2174 19960
52 10681
6410 788
599 785
11012 19392
19765 7633
114 19930
18936 3114
13691 906
19831 18294
19831 18294
12397 854
2174 19960
52 10681
6410 788
599 785
11012 19392
19765 7633
114 19930
18936 3114
13691 906
19831 18294
19831 18294
12397 854
2174 19960
52 10681
6410 788
599 785
11012 19392
19765 7633
114 19930
18936 3114
13691 906
19831 18294
19831 18294
12397 854
2174 19960
52 10681
6410 788
599 785
11012 19392
19765 7633
114 19930
18936 3114
13691 906
19831 18294
19831 18294
12397 854
2174 19960
52 10681
6410 788
599 785
11012 19392
19765 7633
114 19930
18936 3114
13691 906
19831 18294
19831 18294
12397 854
2174 19960
52 10681
6410 788
599 785
11012 19392
19765 7633
114 19930
18936 3114
13691 906
19831 18294
19831 924
1915 18884
4177 19463
7060 53
17771 723
559 11716
16965 19100
13052 19795
128 5032
1492 17888
19939 18356
5601 19780
546 367
19831 924
19831 924
1915 18884
4177 19463
7060 53
17771 723
559 11716
16965 19100
13052 19795
128 5032
1492 17888
19939 18356
5601 19780
546 367
19831 924
19831 924
1915 18884
4177 19463
7060 53
17771 723
559 11716
16965 19100
13052 19795
128 5032
1492 17888
19939 18356
5601 19780
546 367
19831 924
19831 924
1915 18884
4177 19463
7060 53
17771 723
559 11716
16965 19100
13052 19795
128 5032
1492 17888
19939 18356
5601 19780
546 367
19831 924
19831 924
1915 18884
4177 19463
7060 53
17771 723
559 11716
16965 19100
13052 19795
128 5032
1492 17888
19939 18356
5601 19780
546 367
19831 924
19831 924
1915 18884
4177 19463
7060 53
17771 723
559 11716
16965 19100
13052 19795
128 5032
1492 17888
19939 18356
5601 19780
546 367
19831 924
19831 924
1915 18884
4177 19463
7060 53
17771 723
559 11716
16965 19100
13052 19795
128 5032
1492 17888
19939 18356
5601 19780
546 367
19831 924
19831 924
1915 18884
4177 19463
7060 53
17771 723
559 11716
16965 19100
13052 19795
128 5032
1492 17888
19939 18356
5601 19780
546 367
19831 924
19831 924
1915 18884
4177 19463
7060 53
17771 723
559 11716
16965 19100
13052 19795
128 5032
1492 17888
19939 18356
5601 19780
546 367
19831 924
19831 924
1915 18884
4177 19463
7060 53
17771 723
559 11716
16965 19100
13052 19795
128 5032
1492 17888
19939 18356
5601 19780
546 367
19831 924
19831 924
1915 18884
4177 19463
7060 53
17771 723
559 11716
16965 19100
13052 19795
128 5032
1492 17888
19939 18356
5601 19780
546 367
19831 924
19831 924
1915 18884
4177 19463
7060 53
17771 723
559 11716
16965 19100
13052 19795
128 5032
1492 17888
19939 18356
5601 19780
546 367
19831 924
19831 924
1915 18884
4177 19463
7060 53
17771 723
559 11716
16965 19100
13052 19795
128 5032
1492 17888
19939 18356
5601 19780
546 367
19831 924
19831 924
1915 18884
4177 19463
7060 53
17771 723
559 11716
16965 19100
13052 19795
128 5032
1492 17888
19939 18356
5601 19780
546 367
19831 924
19831 924
1915 18884
4177 19463
7060 53
17771 723
559 11716
16965 19100
13052 19795
128 5032
1492 17888
19939 18356
5601 19780
546 367
19831 924
19831 3555
18534 19575
193 6653
13 13872
19581 12932
619 2
15935 925
1789 19981
5395 30
18998 1186
19831 3555
19831 3555
18534 19575
193 6653
13 13872
19581 12932
619 2
15935 925
1789 19981
5395 30
18998 1186
19831 3555
19831 3555
18534 19575
193 6653
13 13872
19581 12932
619 2
15935 925
1789 19981
5395 30
18998 1186
19831 3555
19831 3555
18534 19575
193 6653
13 13872
19581 12932
619 2
15935 925
1789 19981
5395 30
18998 1186
19831 3555
19831 3555
18534 19575
193 6653
13 13872
19581 12932
619 2
15935 925
1789 19981
5395 30
18998 1186
19831 3555
19831 3555
18534 19575
193 6653
13 13872
19581 12932
619 2
15935 925
1789 19981
5395 30
18998 1186
19831 3555
19831 3555
18534 19575
193 6653
13 13872
19581 12932
619 2
15935 925
1789 19981
5395 30
18998 1186
19831 3555
19831 3555
18534 19575
193 6653
13 13872
19581 12932
619 2
15935 925
1789 19981
5395 30
18998 1186
19831 3555
19831 3555
18534 19575
193 6653
13 13872
19581 12932
619 2
15935 925
1789 19981
5395 30
18998 1186
19831 3555
19831 3555
18534 19575
193 6653
13 13872
19581 12932
619 2
15935 925
1789 19981
5395 30
18998 1186
19831 3555
19831 3555
18534 19575
193 6653
13 13872
19581 12932
619 2
15935 925
1789 19981
5395 30
18998 1186
19831 3555
19831 3555
18534 19575
193 6653
13 13872
19581 12932
619 2
15935 925
1789 19981
5395 30
18998 1186
19831 3555
19831 3555
18534 19575
193 6653
13 13872
19581 12932
619 2
15935 925
1789 19981
5395 30
18998 1186
19831 3555
19831 3555
18534 19575
193 6653
13 13872
19581 12932
619 2
15935 925
1789 19981
5395 30
18998 1186
19831 3555
19831 3555
18534 19575
193 6653
13 13872
19581 12932
619 2
15935 925
1789 19981
5395 30
18998 1186
19831 3555
19831 3555
18534 19575
193 6653
13 13872
19581 12932
619 2
15935 925
1789 19981
5395 30
18998 1186
19831 3555
19831 3555
18534 19575
193 6653
13 13872
19581 12932
619 2
15935 925
1789 19981
5395 30
18998 1186
19831 3555
19831 6186
15153 267
6596 19721
14427 19644
19715 12246
1991 610
19156 1376
18124 15489
288 12497
2357 600
13 3134
1263 1099
19908 10252
2093 17474
19831 6186
19831 6186
15153 267
6596 19721
14427 19644
19715 12246
1991 610
19156 1376
18124 15489
288 12497
2357 600
13 3134
1263 1099
19908 10252
2093 17474
19831 6186
19831 6186
15153 267
6596 19721
14427 19644
19715 12246
1991 610
19156 1376
18124 15489
288 12497
2357 600
13 3134
1263 1099
19908 10252
2093 17474
19831 6186
19831 6186
15153 267
6596 19721
14427 19644
19715 12246
1991 610
19156 1376
18124 15489
288 12497
2357 600
13 3134
1263 1099
19908 10252
2093 17474
19831 6186
19831 6186
15153 267
6596 19721
14427 19644
19715 12246
1991 610
19156 1376
18124 15489
288 12497
2357 600
13 3134
1263 1099
19908 10252
2093 17474
19831 6186
19831 6186
15153 267
6596 19721
14427 19644
19715 12246
1991 610
19156 1376
18124 15489
288 12497
2357 600
13 3134
1263 1099
19908 10252
2093 17474
19831 6186
19831 6186
15153 267
6596 19721
14427 19644
19715 12246
1991 610
19156 1376
18124 15489
288 12497
2357 600
13 3134
1263 1099
19908 10252
2093 17474
19831 6186
19831 6186
15153 267
6596 19721
14427 19644
19715 12246
1991 610
19156 1376
18124 15489
288 12497
2357 600
13 3134
1263 1099
19908 10252
2093 17474
19831 6186
