135
3559 144
1539 9998
9742 498
9865 9634
9797 3192
325 8586
5021 93
15 1836
5 1437
954 985
9415 63
8377 9972
5755 81
3559 144
9780 93
400 597
8918 83
9986 6252
8257 9854
1244 483
1047 8080
207 4858
9676 7982
1973 9753
19 2102
9412 9390
6885 127
9981 458
3252 9871
9780 93
9849 6217
376 9486
155 2161
173 8064
2360 350
9087 9870
1912 588
558 9956
9884 133
3518 271
9870 4374
9849 6217
723 1517
630 9707
9906 2640
1735 450
219 7753
9834 7387
665 1828
3677 9868
3932 131
7611 252
8064 9579
8539 1021
723 1517
4760 13
256 1750
63 6323
9802 4823
174 9661
9710 5871
9265 264
2502 578
7516 9685
7154 66
6134 9781
8897 8082
4760 13
9506 9721
78 2531
9257 9978
8724 437
9733 7131
83 9321
471 122
9890 5109
9795 2612
338 9972
5090 78
2764 12
4019 9996
9506 9721
9915 9064
361 636
9901 5553
965 9883
7975 9787
110 5374
140 7621
9315 1478
7678 242
1977 56
124 7005
9915 9064
9410 933
2882 9937
9646 8061
9854 1706
8794 788
2868 362
46 1053
741 8956
8590 9723
9957 4675
9130 9348
8 7280
6523 467
241 444
9410 933
7711 129
182 9990
674 558
8718 566
4017 9806
9977 3268
9980 6924
36 2563
39 1880
9488 9309
7711 129
9028 9163
9950 5857
8997 429
258 4028
3090 9195
282 5650
9681 4107
276 2587
6092 277
917 99
358 7158
6448 9920
9561 8284
9849 7541
9028 9163
