1273
111 1160
322 8296
1434 9842
9809 1195
108 3056
7210 30
9235 9923
9768 1002
219 418
841 9031
2307 18
9985 5782
9879 7951
111 1160
639 660
7469 9864
53 9801
8896 9175
145 2624
9829 1581
1334 318
1808 223
5271 316
9477 8396
8063 9704
8474 552
38 8896
639 660
8870 9519
40 9322
9376 8739
1955 9943
9885 3021
6614 9868
199 1780
680 1305
7266 6
2312 64
560 1413
8093 9741
7453 9806
8870 9519
7300 9970
316 1247
9280 226
874 1003
9413 6453
3723 9
3520 9946
9443 8557
9211 9437
229 9206
7300 9970
1747 9803
563 136
2416 25
9917 293
9982 8218
227 2350
77 5860
63 9883
4812 42
6150 64
9411 9271
1747 9803
9750 1015
106 534
5398 204
4601 9606
12 8418
9721 8661
9743 889
8405 416
9226 8863
9750 1015
9996 2272
6059 9994
2846 9977
190 261
9849 1515
9980 8968
322 142
9665 772
689 8977
4482 55
55 3694
9996 2272
50 9191
5893 4
7919 203
6721 9937
109 2654
9978 7165
9648 2777
4160 18
735 9879
9894 4329
1603 167
9688 9263
50 9191
9789 5849
202 496
969 9859
123 4412
9649 7282
9839 860
9058 9980
9309 204
3290 125
296 9775
9789 5849
9097 1562
7265 363
102 4764
4519 9727
700 9883
8795 9259
9922 5538
2327 9903
1415 9897
9912 8752
5866 54
206 9246
310 296
9097 1562
9664 9909
247 1833
5146 115
141 4655
1086 258
2730 9962
201 7749
9715 211
1193 9442
9957 1105
9729 9784
9664 9909
8230 9707
9727 782
9639 59
654 216
9774 2124
4 1870
207 9887
9785 1436
9605 9575
8230 9707
20 7253
9896 5849
176 1503
9986 1429
663 338
278 9111
8913 297
9461 8554
8375 17
544 9850
3607 130
551 605
6745 9957
20 7253
9923 3845
24 9821
9173 9417
411 1662
9357 33
9926 4072
1935 24
576 591
6740 9692
9875 681
9703 35
1886 9822
9923 3845
4405 17
312 37
9960 6095
5096 146
9672 1822
8322 1080
9920 2036
79 6388
6962 9818
9791 9613
437 9905
4405 17
9958 3070
58 1150
1451 56
26 6189
2063 9889
9911 8077
9275 9911
9825 575
1459 9097
9958 3070
8859 583
5676 106
4494 52
529 1078
9837 6657
9930 1141
549 6102
854 294
918 9387
7496 320
652 7083
8768 9851
8859 583
896 681
5764 140
260 2203
8800 9740
9683 7780
8032 758
9632 5160
426 9923
6799 402
4122 9923
3458 31
4876 39
1511 175
9714 7100
896 681
73 8849
1213 678
8207 730
5283 9981
1274 9522
2656 236
9899 9215
8528 947
8483 9487
1402 9578
80 1520
9636 1809
6686 339
73 8849
8605 9708
2449 117
9274 59
2537 9830
887 9825
9330 8500
9674 6445
63 7061
1755 411
357 1293
8605 9708
620 9430
9476 8842
5745 9989
127 7479
7 1803
9857 103
271 8921
9945 4149
894 1319
3309 198
23 4620
9985 1478
620 9430
5230 9954
9197 19
9792 8840
114 7847
9838 466
730 9765
404 9013
330 233
3845 9979
9881 8070
58 2527
5230 9954
9806 4233
3169 111
1036 208
120 3522
6593 9880
395 8360
9630 286
5945 23
544 8818
9404 9797
3980 9916
9673 8620
9806 4233
9292 173
916 9833
9763 5594
228 4247
9647 1140
6686 9785
9737 8216
824 1354
6 8828
6717 9780
1286 636
511 2632
9292 173
9012 9976
147 9919
441 2749
6367 64
9817 7125
9819 671
1039 831
9880 4494
13 9608
9917 1628
9012 9976
141 2169
3280 42
369 9780
9946 1468
4047 9725
7289 179
9828 7315
9404 9564
8320 302
9897 6131
461 957
141 2169
9234 9506
3573 537
543 201
74 1548
7339 1353
6942 1128
3177 9675
247 9699
838 183
9126 3899
8598 3081
9983 5293
9445 9003
9234 9506
207 4949
8663 337
4741 61
669 9773
9196 830
374 675
9977 4558
9783 9837
9930 2488
207 4949
9419 245
688 9990
9060 9955
4963 168
8215 115
629 9429
62 2812
9947 3004
304 585
9419 245
9856 9584
1707 9054
8043 268
257 2076
1559 8917
580 952
7103 9765
417 6330
9979 1961
2567 661
7602 39
9906 7956
9856 9584
9942 6821
30 6017
1675 10
8767 9629
1485 9168
9641 8199
388 1062
9782 595
5774 9731
462 8523
4536 9592
6544 164
9942 6821
6142 9482
9627 143
487 7354
5822 77
7979 9780
112 5233
135 460
9868 2892
9896 6539
1116 7795
1428 248
2725 8833
9092 9239
104 1080
6142 9482
9932 2773
1560 1108
2918 570
7862 123
322 7951
9738 7423
102 2003
2181 9861
7296 9952
9278 9958
381 8562
9857 630
9932 2773
7580 9771
7637 57
366 8297
3453 9950
8483 53
9518 221
9759 7500
502 159
1275 9655
9408 9105
230 763
7580 9771
9952 9760
9961 1144
190 9438
8673 34
6660 9927
5 8321
460 29
223 1375
9679 443
9952 9760
15 1079
3674 9885
9978 4142
9430 8746
5622 9994
2719 56
8683 355
5052 83
14 7439
122 9549
15 1079
70 7657
227 469
9650 9813
545 9820
3 3600
9799 418
2769 83
9970 6590
70 7657
9878 4852
9898 3019
6523 118
234 3797
9717 1153
7755 347
3131 9334
303 25
4194 9427
361 8609
229 8475
9622 9831
9878 4852
9896 7579
8831 9810
3246 9671
181 688
1730 97
30 6874
6263 9785
9793 2300
4080 32
647 8363
7541 9824
0 1883
9215 333
9896 7579
290 193
9880 9708
8785 9959
2342 59
581 9683
9991 103
144 5963
49 1505
290 193
9716 9672
8348 9907
9995 3357
869 9170
418 8564
244 7998
7349 9945
587 423
1503 169
1290 9643
9971 6663
9694 5
203 1099
9716 9672
9908 2358
5481 9939
224 7454
33 2653
9236 8772
2114 373
9607 7473
945 9748
8134 1571
66 2445
519 9331
9366 8544
7279 9776
484 9233
6257 759
9908 2358
3561 38
167 3489
1357 9622
9467 1174
107 7216
8224 9873
9913 7788
9614 3346
6574 25
836 743
9737 9300
539 1054
3561 38
7645 9914
8264 9830
14 7907
9731 3506
9355 1369
732 171
9879 8684
90 1209
2332 13
9693 3205
7862 736
9810 5665
890 9994
7645 9914
2189 398
75 5659
729 9994
9223 9494
462 8928
7734 9628
8749 494
708 712
9697 7548
123 3016
4450 114
9749 5798
321 2078
2189 398
954 893
8912 9934
9823 7918
4896 9875
57 8436
9820 49
5722 81
9990 5098
3740 164
9869 7475
104 7179
62 9137
616 2289
448 9684
954 893
2836 70
1032 9991
130 95
9798 1320
307 9738
7652 454
9387 8637
9275 9996
672 9882
2836 70
5320 47
9703 199
195 771
26 8036
9823 7973
3569 9805
9973 935
1334 458
1498 9694
8972 9200
5 9604
9977 4819
9927 470
5320 47
220 471
9933 8732
9762 9760
9779 2501
7247 136
2607 39
229 935
716 8953
1877 9754
220 471
9546 7268
117 9183
4827 54
7453 366
3173 9924
9120 9851
9914 4240
9974 876
19 1636
9546 7268
281 8259
8436 818
9443 9853
9828 7424
9917 4839
168 7445
48 4002
5473 426
655 9871
7108 9969
1222 93
9922 1388
281 8259
5653 9701
9512 187
9810 9516
9957 2993
341 8776
185 5560
433 149
6331 9795
9037 9933
7714 139
5653 9701
2091 9889
2004 218
9806 8319
9404 9008
8507 136
9946 7436
3324 37
1705 552
92 8350
274 9120
5031 12
9894 1357
217 3720
639 2640
8152 9717
2091 9889
52 2341
273 9854
7817 169
9659 389
9957 9062
9120 9786
599 534
52 2341
113 7134
9399 9995
253 723
9842 1161
7967 9997
9742 7377
17 3948
2494 78
6284 228
9951 4992
478 9073
5070 9877
113 7134
9531 7756
9867 5104
9959 1052
5412 9958
6807 9878
672 535
187 9873
7896 9727
7518 471
390 2144
4729 9993
9531 7756
9053 35
67 9540
9679 8339
9219 9975
1577 9935
4375 23
9971 1100
78 6411
2693 83
443 235
9053 35
9968 2582
5618 82
520 9666
39 6115
1524 1265
7764 92
9473 9719
290 8807
4631 351
78 1951
8986 910
9968 2582
215 38
9989 6452
1365 35
5605 9302
8432 70
9962 7443
1310 9403
8841 255
128 3975
9187 8484
9779 1478
376 8396
9880 2436
659 9276
3936 9342
215 38
595 61
5330 9929
120 5968
9658 9992
388 9320
1305 9712
7186 46
492 9617
379 321
9831 1201
595 61
4265 9869
143 1345
3555 9763
2172 9426
9209 172
8757 9384
325 8345
7301 9853
692 611
8493 9735
9660 245
9972 1294
6639 81
241 5154
9152 8174
4265 9869
3673 9858
9868 418
9684 5309
5863 9683
2179 190
74 1028
21 1349
9066 8948
195 9282
9853 3655
8373 133
51 8329
3673 9858
2596 9766
225 4822
8885 9981
8935 107
6227 94
5172 123
168 7145
1157 842
360 1895
9908 6034
488 8177
9356 558
9691 8907
9176 9883
2596 9766
9192 9702
9834 8182
7449 368
297 2160
9906 2583
363 854
9657 880
8577 9965
1922 158
2428 9795
884 9018
408 7220
9192 9702
446 9705
7068 9510
5824 9674
9176 35
9069 8739
9917 5344
6294 7
9925 376
1197 515
235 3139
6 6682
171 8765
9887 7934
446 9705
9966 4841
4196 9893
58 7555
2370 9797
9708 9742
660 9353
1549 462
4776 177
98 4787
8414 9799
330 636
160 3050
9422 451
9966 4841
9839 8792
2124 234
70 192
9020 467
9952 1320
754 9970
215 5335
8557 9938
317 8251
9839 8792
2282 146
9180 837
5085 9947
9585 1189
2455 14
9955 8183
720 9552
401 7515
327 1660
9747 9523
2282 146
9727 1734
267 217
7038 769
6497 9829
38 4270
8041 9763
9996 9463
9100 1200
2207 16
55 7815
578 9267
9727 1734
66 8643
9901 7004
4869 215
9982 3703
9319 272
5690 9504
1218 9945
4822 9748
512 670
2687 356
90 7120
7543 8753
66 8643
9622 1880
1818 9940
683 9024
468 337
9831 3075
9343 341
9200 9884
8 1253
94 3253
3853 128
6191 101
9857 8035
9622 1880
126 5997
313 9776
6116 9872
8115 9664
9377 404
8799 9323
44 2096
9913 7266
1672 16
8902 197
9841 3351
126 5997
88 7415
9752 346
533 9348
9952 6889
927 266
2854 9832
5973 145
5596 9876
8492 7909
25 309
88 7415
248 200
925 9729
4653 34
2787 9977
391 7567
9249 220
9672 6129
9599 9678
199 2793
185 6604
9632 1401
6980 9931
248 200
7911 9904
9373 777
9707 883
312 9920
106 4808
198 2950
9590 9594
772 1294
5022 9944
1285 180
129 8880
2132 7
7911 9904
5355 9959
474 8450
3127 9859
9995 6201
9551 3160
8680 9893
6624 141
8774 9824
334 5096
2577 470
9151 635
9857 8327
718 9560
9195 9513
730 1265
5355 9959
195 2857
1536 756
1136 9542
6676 9999
643 8162
9602 9049
9811 4829
139 5921
3651 169
9818 8030
9369 260
195 2857
8258 130
881 9997
141 3950
514 3131
15 7000
9682 9473
8458 238
9872 7246
9953 3783
9497 966
315 8329
2503 3
4894 9884
8016 75
8258 130
51 2660
454 328
9933 6727
7974 9902
90 9893
9929 3964
9245 750
7325 9981
9703 8028
4754 336
51 2660
8983 30
9958 6365
24 2009
3100 9934
902 522
9752 9319
1244 462
799 9122
4058 5
9192 9885
9983 4469
124 1357
536 8955
254 6282
8983 30
8757 9419
5437 101
142 6809
9609 7765
1278 9251
3297 4
74 4248
4612 9901
408 3057
9416 337
1598 9362
9667 7214
9583 1908
109 6690
2294 324
9745 3659
7235 9676
8757 9419
9681 8179
8879 434
5847 9910
9318 8652
141 6147
9882 6634
9775 1405
9489 1083
7125 9918
183 9122
763 9822
4245 82
156 3678
1611 784
577 1428
9681 8179
7494 210
301 3429
1792 8865
8157 9812
9881 4518
5059 30
251 2943
9559 1198
270 2434
1581 70
796 7285
1276 82
4612 9782
9806 9259
7494 210
681 9934
9869 5717
3750 9899
9794 2542
6951 75
9914 4767
62 9695
9323 1234
184 3976
1584 423
22 9672
8985 9659
436 2934
681 9934
8407 9410
9695 476
8163 190
1183 9690
306 8874
92 5619
9666 469
161 554
4005 148
60 2424
9314 9099
6616 9970
9760 7659
8407 9410
171 3022
433 1929
2590 200
1267 496
9902 3336
9755 992
919 9930
9890 2964
8321 9798
9933 9753
186 7272
171 3022
6382 113
9047 9603
329 1195
8699 435
1964 80
9721 1525
507 9883
26 3565
3009 9943
5532 9992
6382 113
9001 9847
9551 9227
600 1543
9941 1196
7612 393
42 7416
5836 276
3258 9948
214 9370
2008 95
9915 4355
1675 158
9001 9847
305 8247
1598 147
9905 9587
1953 9981
9909 199
220 5528
9566 9897
794 9767
9997 3917
233 495
305 8247
3213 9983
501 9312
1489 9665
75 5057
9309 9925
9839 4590
1260 154
9919 811
95 7241
9104 319
3213 9983
9857 2434
3204 9691
9288 1656
106 1297
9945 6953
8023 513
700 8964
1628 277
153 6421
5236 157
2480 9628
9785 2300
8454 9258
956 622
6613 9702
9642 8262
9857 2434
5444 9843
8202 275
1611 9900
148 1245
8783 9531
411 8144
9566 9013
9975 706
7150 9775
10 5501
9911 8412
5606 36
5444 9843
300 338
9602 9911
6396 123
152 9107
9830 1752
228 770
592 9840
9746 259
1489 9851
300 338
835 9922
8916 150
599 9735
6962 9869
5569 40
9959 6245
9859 2709
267 200
107 8961
9980 9741
9948 5727
90 7985
234 1363
835 9922
2322 9762
9926 4945
228 6742
9824 2655
9964 8665
2010 9693
6322 9644
1264 17
8826 18
9686 28
47 5044
9159 9130
2322 9762
464 522
9632 3262
9435 8449
5475 25
1573 237
1050 9984
6769 9906
130 6816
9687 7152
8550 37
9091 9015
464 522
6845 9894
6273 149
3254 9704
8114 164
9519 9027
15 1693
730 9095
416 666
854 9299
9008 195
63 1048
9612 8723
9989 5889
6845 9894
337 5371
9337 1984
1510 9898
702 9371
9998 5793
5529 53
667 743
1848 531
8328 652
9979 3422
9647 9683
230 3498
337 5371
370 2640
8771 136
9877 1236
1643 835
292 9748
8727 9387
665 1397
9113 8271
40 4064
6391 9978
9621 4530
7374 49
3053 57
6866 9925
370 2640
4205 9976
289 9856
9562 9824
2103 852
9926 1506
283 1581
131 3068
9467 620
8075 9980
8606 140
9788 5164
5717 15
4205 9976
