1297
9930 1631
35 2914
3280 378
8021 287
4354 9933
146 915
9827 469
6626 9614
9988 8489
432 9836
7886 9430
9930 1631
301 9103
359 9138
2011 9888
8822 20
8922 233
2476 34
6907 9776
6 3383
9884 9417
9732 2047
9821 4905
495 231
301 9103
9898 1716
9130 8865
3781 9520
9680 171
7200 9585
282 8149
1611 9104
938 385
9654 8328
421 4413
7581 9444
6039 9695
9898 1716
1385 9090
675 313
4259 9923
94 2255
1788 185
7555 9875
267 4676
576 8038
8965 1210
731 8814
9940 2686
4817 9917
9728 7114
4603 108
3165 113
9004 9060
100 2030
7506 208
1385 9090
734 809
9272 9736
6907 9886
1555 9778
8 2282
866 9373
9799 9184
9967 452
3123 61
287 7219
7649 9878
9857 7974
9998 3426
734 809
9439 909
8148 96
2813 9928
7998 9686
5647 9898
2322 441
9737 8298
7688 15
58 9894
1811 684
71 1518
9901 6390
9547 1092
8450 9622
9439 909
7 1777
1186 373
9936 1710
8594 9762
9755 8869
538 9662
9884 4511
9904 245
6936 219
7 1777
4802 9824
1189 9921
9179 7199
9956 201
1175 1461
9956 3975
565 9013
537 3528
5099 23
8128 9463
88 7938
18 5644
4802 9824
20 4998
522 301
9020 9781
221 1308
8067 9918
9396 7943
588 7872
9490 6968
9986 208
1687 9890
357 7302
1437 230
4786 103
20 4998
8683 737
494 3276
8125 266
255 9351
83 6847
9979 6489
2230 429
4614 9834
9859 2117
9613 9608
8683 737
8512 9651
1498 687
9901 1837
6186 286
9958 9477
543 9452
8190 554
1466 9979
9059 758
12 5634
149 972
4597 9948
8512 9651
5109 9917
7454 9766
9728 653
101 9877
9903 4533
77 2972
2954 389
3966 363
9841 867
2119 627
8862 9588
9766 9456
5109 9917
9877 7565
268 9906
9911 3654
25 8038
4968 9785
4528 45
2530 9856
2317 113
9066 8967
8 2873
337 2000
8901 66
4 3496
9877 7565
8661 482
4158 9831
9788 2194
1422 37
240 3107
6408 82
9448 9421
185 7633
383 9068
6742 9991
476 183
9956 2686
8661 482
9832 8353
506 9094
9635 20
9690 8841
54 3940
9941 7860
8967 9615
837 77
3 441
1601 9856
9832 8353
6618 68
2 6529
9574 8437
9560 3940
8765 9619
409 645
9139 1984
2347 9765
5860 9998
7727 434
2028 53
260 7648
833 485
4 3547
6618 68
9940 3496
50 1018
8932 9735
516 9336
9485 13
9963 8826
6916 9948
9784 53
564 117
1 8497
9940 3496
466 332
566 9684
425 8833
9893 9571
9994 7163
9977 8261
7158 9993
7695 106
9087 720
1777 9965
40 5591
9941 8940
466 332
7917 71
9036 9675
572 1424
9527 9271
9846 2165
9550 545
16 9014
1620 484
1096 9759
4498 9948
7917 71
9716 374
2024 9875
2309 18
9928 9010
9733 9427
8416 10
8054 9967
139 4298
815 9499
9138 9939
9627 65
9716 374
3969 9846
9979 5228
172 8229
8736 9828
9433 698
94 449
5178 274
576 8989
9111 293
9960 9122
3969 9846
1414 9729
455 2412
9012 9629
9739 956
9561 171
9955 2827
9239 8978
92 2887
9308 133
5541 67
2652 55
2537 83
24 8690
1414 9729
9970 9653
450 9910
7685 45
4605 9984
1854 474
102 8091
394 2269
2529 202
207 4121
9974 9203
9367 457
9970 9653
9794 1150
9335 584
51 8044
2760 9946
314 1097
1377 59
1644 9774
7963 9589
9820 2592
6491 200
280 1804
9656 4073
6558 9861
9023 528
9794 1150
9986 2114
4970 38
842 8884
703 1400
9829 7287
2749 9748
6999 9907
275 3433
2121 587
9658 1637
1372 889
577 8726
8571 186
9312 8365
8353 9716
9986 2114
9230 9727
9848 394
2377 9471
8790 173
739 607
1202 8982
1043 394
8995 174
229 1027
4899 9938
9712 9306
95 5619
9944 1177
9230 9727
9216 1162
9842 8760
25 2282
8823 140
9938 4214
6544 29
135 16
610 9976
9647 9708
9216 1162
7736 193
2218 3
2917 9827
784 9524
9954 2890
7011 9948
332 3229
652 845
456 6702
9798 9586
729 346
9355 510
7736 193
1084 9977
123 1754
8158 9921
500 8801
243 481
9883 5168
8542 49
9920 9805
3318 55
1084 9977
9914 1560
1 7054
9954 5727
1356 4
571 231
23 2921
9643 308
9899 1081
9333 9908
2401 9826
9914 1560
9910 9380
9851 2284
9905 3639
66 6769
4696 9988
262 9147
890 93
4 5075
1203 39
8926 9924
9871 9826
9058 880
1551 9546
9910 9380
7580 9644
246 9194
1563 9733
4382 61
9883 2169
9794 1766
2746 9966
9812 7472
6968 42
140 430
7580 9644
233 606
4215 264
8111 477
832 8910
9951 6425
36 3117
9938 9718
64 1318
4657 9560
9897 3557
26 6884
7216 9879
9861 2606
9428 1767
6394 9843
233 606
8936 530
9763 3823
3629 65
181 282
1134 9987
160 7354
5469 70
7206 270
8978 9314
149 1651
3608 9977
9598 846
8936 530
9959 9880
932 456
3435 9939
344 8475
9999 5403
1650 402
466 2325
9294 689
7508 202
677 725
9959 9880
9833 519
5998 79
1142 119
8040 9943
9959 3994
9121 85
1487 8928
219 4045
3573 9523
6097 9871
2249 9326
9513 8921
344 1402
137 7581
9833 519
9193 9400
6695 9868
4447 9880
49 3875
6655 29
26 9616
72 1932
240 222
9636 375
8359 124
9787 8380
1211 127
9786 6268
9193 9400
3162 9970
9591 9969
8389 597
9943 9336
561 8656
9996 830
350 823
3256 71
1425 453
294 7963
74 5598
8538 9977
3162 9970
27 7297
6581 9879
9517 1080
156 1738
9967 5996
9885 8488
203 562
5674 9957
8074 116
1961 9931
929 9912
9365 9371
130 7838
27 7297
9205 595
1482 366
9852 7957
9896 1767
8896 442
51 6142
3896 127
8174 9911
9788 1172
9763 9582
60 3778
7786 67
766 933
244 9762
9067 9787
9205 595
6590 9957
8949 667
6285 13
9958 6938
1048 308
377 7099
6293 9947
9842 3400
8870 9893
785 1685
551 9716
9468 1695
6590 9957
27 3864
9826 9062
9977 8280
9853 686
3528 186
6489 30
602 1146
4112 9900
515 8594
9936 1894
4697 26
9615 9294
27 3864
2399 9996
1717 294
362 9867
9845 8761
9759 9117
9244 135
364 1256
9641 9386
9938 2988
156 7923
2399 9996
5952 9364
215 7518
8792 359
262 8786
9702 6573
8147 9060
48 1017
9819 2886
9618 8041
9798 1186
9816 1498
686 8854
4031 73
4044 9316
5952 9364
8113 9797
9980 4208
9875 759
9659 8242
670 600
7174 6
3 1771
9946 5924
1369 9538
6258 9944
3646 93
9523 234
109 8351
8113 9797
9556 7327
251 5902
7066 17
7673 637
321 9765
9598 4620
471 398
9425 9940
8879 2532
7808 9942
9556 7327
177 7261
6607 9940
9989 4188
656 9111
8362 9713
9659 1984
85 2941
143 7016
2146 9924
9852 8581
8984 162
864 9498
570 165
177 7261
9852 4691
4193 9926
8240 245
280 8974
9252 9709
72 7212
4783 223
607 9563
529 716
8208 9910
116 3909
566 617
721 482
9144 848
9481 1899
9508 8176
9852 4691
5418 89
9310 9237
7161 9985
9846 1518
5379 9971
44 5488
720 1871
8295 9766
231 7079
3204 36
9860 407
792 9797
5418 89
1009 593
6942 237
106 1424
1619 9462
8171 9838
9634 2909
7924 496
9701 8049
573 9374
2249 99
9217 9743
107 3587
1009 593
7382 9997
9758 928
356 635
137 9378
40 7052
9344 266
168 1300
5728 37
9919 7521
1505 9908
0 5499
9569 9551
9991 6428
7382 9997
585 9393
492 1269
3147 226
821 1058
6450 40
245 5796
32 3522
2422 9951
4794 9921
9868 1871
8736 199
9950 8842
7987 9833
113 2618
585 9393
9432 83
657 3032
6189 190
83 5670
9662 6056
9069 9824
8969 9909
209 5911
9575 6788
2040 358
9960 2312
2564 9435
369 4150
9432 83
57 5152
192 2435
1567 186
5048 259
719 628
745 9630
9872 2154
5837 9804
9682 6707
311 9558
8652 9441
9850 1353
9813 5088
8213 569
57 5152
9859 2855
337 9378
2689 414
9636 30
26 7348
200 1899
9869 9864
9893 7133
4163 37
9859 2855
9709 6443
1818 731
305 8717
353 7271
8943 168
4603 169
8956 9888
908 1225
5843 9885
2697 516
9523 474
9709 6443
8758 9158
203 7015
811 9354
1 5648
1099 289
202 2089
750 913
9949 5664
4893 22
2088 9871
8999 177
9504 8006
6289 9999
8758 9158
1186 263
9961 706
9913 9343
4730 7
294 3706
48 7778
6509 54
8976 270
5458 9605
9224 9812
2321 8721
1186 263
208 9795
9874 860
389 1430
41 5738
657 90
7651 54
5641 9990
9450 9821
8041 9936
9737 331
9813 4965
6254 9992
9625 7827
208 9795
9602 2440
229 1004
755 9949
14 4399
5942 9948
9671 2807
9939 9222
8776 24
3100 181
9602 2440
7569 9949
43 4900
9776 606
2717 153
5535 176
677 9525
847 405
9936 9426
9872 2118
44 8698
7569 9949
9094 9602
6394 11
177 135
9691 8114
2472 9962
6301 9994
396 8339
9875 572
1470 9378
9871 4367
28 4425
9094 9602
950 8933
6753 9904
8472 373
9904 3537
474 6579
9893 9131
4020 9946
344 1082
9658 2115
1607 12
1884 9621
950 8933
97 5977
9984 6482
9793 440
8209 9600
7286 9857
578 81
5287 9787
9620 8767
396 2020
1447 11
7663 15
2702 9434
41 8129
286 8575
97 5977
625 9812
9944 2777
323 9785
5315 9947
8017 332
9210 671
9771 1471
9934 9115
460 2010
1371 171
8973 509
4885 59
377 2755
625 9812
2224 9977
820 640
9716 8460
7833 9817
8494 9454
459 6422
3530 30
9747 123
738 1078
9349 8957
346 9652
2224 9977
9661 329
9990 1679
1022 9983
22 890
1158 78
5610 9860
6036 79
123 5079
9791 9683
213 7257
9661 329
8403 20
7010 9934
9436 435
130 9811
335 5077
9515 1145
9382 9808
9384 175
2492 83
575 3437
9917 7300
8403 20
174 9240
8810 9429
98 5224
9895 6157
9933 2830
3859 58
53 659
9336 521
9924 5431
2781 9843
174 9240
2250 144
9968 6376
1617 9871
9493 1478
240 8954
131 7253
9910 3619
688 9360
8839 11
288 1480
6016 9934
9672 9394
47 4030
2250 144
374 801
8335 9945
1306 9694
7807 95
9870 6926
9704 1236
900 8906
112 5319
9517 8321
85 5858
9960 5368
1218 8
9787 2211
374 801
9059 9643
9758 8618
1938 9653
9958 3204
9254 194
9827 8416
1203 93
23 189
205 8987
6522 9795
9878 736
9059 9643
225 4637
6857 110
4132 282
178 6785
711 9031
8224 263
1673 1234
9250 1388
8648 9918
1050 9812
9873 9782
9936 6411
225 4637
9824 5165
7454 140
3467 28
9405 3439
6502 9994
85 9885
319 1873
1501 336
18 5760
9987 9134
7979 298
9824 5165
9937 1539
131 7051
9578 7718
6860 138
9321 9200
2330 9863
9766 608
1412 86
416 2378
907 9068
4497 9825
9937 1539
9785 8927
9403 1835
1514 9824
1419 230
9900 2884
9942 5641
7210 186
883 1669
177 6652
8874 1328
7344 9514
154 7511
323 9403
9785 8927
6880 132
9971 8264
2394 9987
176 1289
960 583
9562 549
5320 9703
8620 9184
206 8112
138 1937
6880 132
1681 12
9694 414
9791 2310
54 7138
9220 9993
8116 151
4252 9895
376 1313
9815 9869
9823 6791
490 326
667 8782
1681 12
9910 7671
5216 9749
8777 9505
7163 9618
5890 22
9934 3074
9506 9284
1088 231
512 9297
9562 901
20 5612
218 7626
9910 7671
9566 1717
5901 159
8462 462
9704 7246
1318 190
8471 9398
5536 9817
117 7352
176 9988
9511 8624
4070 48
34 9656
455 765
9566 1717
89 7710
4951 9816
7598 85
9308 1103
599 9080
9961 9634
9861 3728
530 330
7992 9968
18 3072
9567 1645
89 7710
3038 9849
2097 48
5473 9985
2236 9752
7937 119
9622 981
15 4351
245 2079
9547 9904
66 8902
3038 9849
9575 8607
7432 9713
6295 9747
9628 1087
7618 86
9975 5303
4406 9797
4372 89
9980 3139
9019 9120
8275 9558
260 9614
9314 354
71 7457
705 221
9575 8607
183 272
9655 231
169 9571
9717 9993
4629 9998
183 272
3202 9818
6785 9877
2096 463
9158 73
9231 8956
9523 138
764 8831
9837 5089
1112 810
9780 1536
105 6538
9752 7828
411 7650
3202 9818
8030 9851
9102 8663
5101 203
268 4054
9845 1590
1070 1545
4027 9906
9864 7168
1506 9549
8595 9350
314 9363
8372 617
9247 987
2106 322
134 5171
8030 9851
5739 483
9874 2058
514 2480
1415 9765
159 7300
9366 8209
4946 9946
1275 285
8463 9868
9494 1200
9006 9472
136 6669
8754 724
9804 4541
8622 9809
5739 483
349 650
4855 275
8009 9743
316 9010
9644 9043
8840 9506
9843 4328
9769 7285
8646 646
89 6587
2706 9991
613 199
349 650
9992 9274
1963 558
8984 315
9944 1018
9019 9714
521 9927
119 2664
5 5495
9992 9274
9809 8738
1622 9642
9998 2962
4575 9924
7061 27
9457 9711
104 9144
55 8096
659 453
1062 419
7898 9859
64 5004
9932 435
334 1152
8885 282
9809 8738
98 2762
9874 1732
5607 228
2175 9861
4116 9768
8288 8454
8272 683
234 9621
166 1065
6540 9017
9424 7919
1842 41
98 2762
9882 2782
1193 9685
9675 1634
8768 687
96 4274
806 488
340 9514
4927 65
9541 1085
176 8242
9643 9844
9966 9381
9882 2782
623 7458
9919 357
1408 25
2522 9964
9248 9974
75 4435
9924 7898
11 1537
85 1074
1591 9432
623 7458
652 217
2985 9978
1164 9764
6796 74
3738 82
9876 9919
259 7573
9924 7273
9831 2253
85 3136
9476 129
6293 9987
652 217
44 8999
9762 3684
7240 9997
3248 19
7275 18
3682 9755
9528 8843
2286 381
9779 142
9315 9899
9825 510
304 2326
44 8999
9752 5576
8477 9851
9628 7700
70 607
252 7526
511 62
8901 9251
1208 9980
9852 3656
9496 156
61 4075
9752 5576
9629 4085
9696 7681
311 8923
5191 9994
2846 49
22 8744
2400 58
9585 8901
6240 11
8769 50
613 1322
8383 9604
9629 4085
6975 292
527 451
343 8963
2576 9916
9731 2590
4959 36
3 7978
2184 89
8151 1206
24 4557
9929 8398
1442 9648
7010 9994
287 846
6975 292
7377 9945
9899 433
1159 589
9233 8795
157 3382
194 1107
4294 201
73 8800
2064 9632
8440 138
9774 7164
1064 9430
7377 9945
2340 8873
511 1138
9254 482
2009 464
1514 555
9939 4271
175 6129
1112 7662
9966 9403
4435 9627
9971 8969
7021 9963
2340 8873
