70
19827 417
17799 1828
17145 17163
19671 2981
16800 17640
7459 17309
19827 417
19827 417
17799 1828
17145 17163
19671 2981
16800 17640
7459 17309
19827 417
19827 417
17799 1828
17145 17163
19671 2981
16800 17640
7459 17309
19827 417
19827 417
17799 1828
17145 17163
19671 2981
16800 17640
7459 17309
19827 417
19827 417
17799 1828
17145 17163
19671 2981
16800 17640
7459 17309
19827 417
19827 417
17799 1828
17145 17163
19671 2981
16800 17640
7459 17309
19827 417
19827 417
17799 1828
17145 17163
19671 2981
16800 17640
7459 17309
19827 417
19827 417
17799 1828
17145 17163
19671 2981
16800 17640
7459 17309
19827 417
19827 417
17799 1828
17145 17163
19671 2981
16800 17640
7459 17309
19827 417
19828 3048
4675 4519
7794 16634
11385 521
4815 7551
15127 18646
19828 3048
