1314
19832 8817
19515 15289
19288 499
13951 19592
2605 2044
19750 1459
18036 18944
284 19011
3282 19641
951 6713
5995 736
609 11432
792 8833
3514 1648
19832 8817
19832 8817
19515 15289
19288 499
13951 19592
2605 2044
19750 1459
18036 18944
284 19011
3282 19641
951 6713
5995 736
609 11432
792 8833
3514 1648
19832 8817
19832 8817
19515 15289
19288 499
13951 19592
2605 2044
19750 1459
18036 18944
284 19011
3282 19641
951 6713
5995 736
609 11432
792 8833
3514 1648
19832 8817
19832 8817
19515 15289
19288 499
13951 19592
2605 2044
19750 1459
18036 18944
284 19011
3282 19641
951 6713
5995 736
609 11432
792 8833
3514 1648
19832 8817
19832 11447
462 7115
17208 19160
16375 57
12287 68
1137 2922
789 3256
5333 19030
3948 716
19502 15428
1690 16951
7336 19299
18966 818
817 11502
19819 1488
19832 11447
19832 11447
462 7115
17208 19160
16375 57
12287 68
1137 2922
789 3256
5333 19030
3948 716
19502 15428
1690 16951
7336 19299
18966 818
817 11502
19819 1488
19832 11447
19832 11447
462 7115
17208 19160
16375 57
12287 68
1137 2922
789 3256
5333 19030
3948 716
19502 15428
1690 16951
7336 19299
18966 818
817 11502
19819 1488
19832 11447
19832 11447
462 7115
17208 19160
16375 57
12287 68
1137 2922
789 3256
5333 19030
3948 716
19502 15428
1690 16951
7336 19299
18966 818
817 11502
19819 1488
19832 11447
19832 11447
462 7115
17208 19160
16375 57
12287 68
1137 2922
789 3256
5333 19030
3948 716
19502 15428
1690 16951
7336 19299
18966 818
817 11502
19819 1488
19832 11447
19832 11447
462 7115
17208 19160
16375 57
12287 68
1137 2922
789 3256
5333 19030
3948 716
19502 15428
1690 16951
7336 19299
18966 818
817 11502
19819 1488
19832 11447
19832 11447
462 7115
17208 19160
16375 57
12287 68
1137 2922
789 3256
5333 19030
3948 716
19502 15428
1690 16951
7336 19299
18966 818
817 11502
19819 1488
19832 11447
19832 11447
462 7115
17208 19160
16375 57
12287 68
1137 2922
789 3256
5333 19030
3948 716
19502 15428
1690 16951
7336 19299
18966 818
817 11502
19819 1488
19832 11447
19832 11447
462 7115
17208 19160
16375 57
12287 68
1137 2922
789 3256
5333 19030
3948 716
19502 15428
1690 16951
7336 19299
18966 818
817 11502
19819 1488
19832 11447
19832 11447
462 7115
17208 19160
16375 57
12287 68
1137 2922
789 3256
5333 19030
3948 716
19502 15428
1690 16951
7336 19299
18966 818
817 11502
19819 1488
19832 11447
19832 11447
462 7115
17208 19160
16375 57
12287 68
1137 2922
789 3256
5333 19030
3948 716
19502 15428
1690 16951
7336 19299
18966 818
817 11502
19819 1488
19832 11447
19832 11447
462 7115
17208 19160
16375 57
12287 68
1137 2922
789 3256
5333 19030
3948 716
19502 15428
1690 16951
7336 19299
18966 818
817 11502
19819 1488
19832 11447
19832 11447
462 7115
17208 19160
16375 57
12287 68
1137 2922
789 3256
5333 19030
3948 716
19502 15428
1690 16951
7336 19299
18966 818
817 11502
19819 1488
19832 11447
19832 11447
462 7115
17208 19160
16375 57
12287 68
1137 2922
789 3256
5333 19030
3948 716
19502 15428
1690 16951
7336 19299
18966 818
817 11502
19819 1488
19832 11447
19832 11447
462 7115
17208 19160
16375 57
12287 68
1137 2922
789 3256
5333 19030
3948 716
19502 15428
1690 16951
7336 19299
18966 818
817 11502
19819 1488
19832 11447
19832 11447
462 7115
17208 19160
16375 57
12287 68
1137 2922
789 3256
5333 19030
3948 716
19502 15428
1690 16951
7336 19299
18966 818
817 11502
19819 1488
19832 11447
19832 14078
402 14599
18973 4467
13302 339
4153 31
13140 19854
256 4926
19673 5455
1843 18085
16681 2517
17321 18948
879 17390
3502 284
586 2123
8781 56
19832 14078
19832 14078
402 14599
18973 4467
13302 339
4153 31
13140 19854
256 4926
19673 5455
1843 18085
16681 2517
17321 18948
879 17390
3502 284
586 2123
8781 56
19832 14078
19832 14078
402 14599
18973 4467
13302 339
4153 31
13140 19854
256 4926
19673 5455
1843 18085
16681 2517
17321 18948
879 17390
3502 284
586 2123
8781 56
19832 14078
19832 14078
402 14599
18973 4467
13302 339
4153 31
13140 19854
256 4926
19673 5455
1843 18085
16681 2517
17321 18948
879 17390
3502 284
586 2123
8781 56
19832 14078
19832 14078
402 14599
18973 4467
13302 339
4153 31
13140 19854
256 4926
19673 5455
1843 18085
16681 2517
17321 18948
879 17390
3502 284
586 2123
8781 56
19832 14078
19832 14078
402 14599
18973 4467
13302 339
4153 31
13140 19854
256 4926
19673 5455
1843 18085
16681 2517
17321 18948
879 17390
3502 284
586 2123
8781 56
19832 14078
19832 14078
402 14599
18973 4467
13302 339
4153 31
13140 19854
256 4926
19673 5455
1843 18085
16681 2517
17321 18948
879 17390
3502 284
586 2123
8781 56
19832 14078
19832 14078
402 14599
18973 4467
13302 339
4153 31
13140 19854
256 4926
19673 5455
1843 18085
16681 2517
17321 18948
879 17390
3502 284
586 2123
8781 56
19832 14078
19832 14078
402 14599
18973 4467
13302 339
4153 31
13140 19854
256 4926
19673 5455
1843 18085
16681 2517
17321 18948
879 17390
3502 284
586 2123
8781 56
19832 14078
19832 14078
402 14599
18973 4467
13302 339
4153 31
13140 19854
256 4926
19673 5455
1843 18085
16681 2517
17321 18948
879 17390
3502 284
586 2123
8781 56
19832 14078
19832 14078
402 14599
18973 4467
13302 339
4153 31
13140 19854
256 4926
19673 5455
1843 18085
16681 2517
17321 18948
879 17390
3502 284
586 2123
8781 56
19832 14078
19832 14078
402 14599
18973 4467
13302 339
4153 31
13140 19854
256 4926
19673 5455
1843 18085
16681 2517
17321 18948
879 17390
3502 284
586 2123
8781 56
19832 14078
19832 14078
402 14599
18973 4467
13302 339
4153 31
13140 19854
256 4926
19673 5455
1843 18085
16681 2517
17321 18948
879 17390
3502 284
586 2123
8781 56
19832 14078
19832 14078
402 14599
18973 4467
13302 339
4153 31
13140 19854
256 4926
19673 5455
1843 18085
16681 2517
17321 18948
879 17390
3502 284
586 2123
8781 56
19832 14078
19832 14078
402 14599
18973 4467
13302 339
4153 31
13140 19854
256 4926
19673 5455
1843 18085
16681 2517
17321 18948
879 17390
3502 284
586 2123
8781 56
19832 14078
19832 14078
402 14599
18973 4467
13302 339
4153 31
13140 19854
256 4926
19673 5455
1843 18085
16681 2517
17321 18948
879 17390
3502 284
586 2123
8781 56
19832 14078
19832 16709
19576 18425
4409 19989
8373 211
16346 363
545 16733
19824 5893
19992 9523
919 1432
3821 385
14517 19698
16197 158
106 4469
18225 19331
19832 16709
19832 16709
19576 18425
4409 19989
8373 211
16346 363
545 16733
19824 5893
19992 9523
919 1432
3821 385
14517 19698
16197 158
106 4469
18225 19331
19832 16709
19832 16709
19576 18425
4409 19989
8373 211
16346 363
545 16733
19824 5893
19992 9523
919 1432
3821 385
14517 19698
16197 158
106 4469
18225 19331
19832 16709
19832 16709
19576 18425
4409 19989
8373 211
16346 363
545 16733
19824 5893
19992 9523
919 1432
3821 385
14517 19698
16197 158
106 4469
18225 19331
19832 16709
19832 16709
19576 18425
4409 19989
8373 211
16346 363
545 16733
19824 5893
19992 9523
919 1432
3821 385
14517 19698
16197 158
106 4469
18225 19331
19832 16709
19832 16709
19576 18425
4409 19989
8373 211
16346 363
545 16733
19824 5893
19992 9523
919 1432
3821 385
14517 19698
16197 158
106 4469
18225 19331
19832 16709
19832 16709
19576 18425
4409 19989
8373 211
16346 363
545 16733
19824 5893
19992 9523
919 1432
3821 385
14517 19698
16197 158
106 4469
18225 19331
19832 16709
19832 16709
19576 18425
4409 19989
8373 211
16346 363
545 16733
19824 5893
19992 9523
919 1432
3821 385
14517 19698
16197 158
106 4469
18225 19331
19832 16709
19832 16709
19576 18425
4409 19989
8373 211
16346 363
545 16733
19824 5893
19992 9523
919 1432
3821 385
14517 19698
16197 158
106 4469
18225 19331
19832 16709
19832 16709
19576 18425
4409 19989
8373 211
16346 363
545 16733
19824 5893
19992 9523
919 1432
3821 385
14517 19698
16197 158
106 4469
18225 19331
19832 16709
19832 16709
19576 18425
4409 19989
8373 211
16346 363
545 16733
19824 5893
19992 9523
919 1432
3821 385
14517 19698
16197 158
106 4469
18225 19331
19832 16709
19832 16709
19576 18425
4409 19989
8373 211
16346 363
545 16733
19824 5893
19992 9523
919 1432
3821 385
14517 19698
16197 158
106 4469
18225 19331
19832 16709
19832 16709
19576 18425
4409 19989
8373 211
16346 363
545 16733
19824 5893
19992 9523
919 1432
3821 385
14517 19698
16197 158
106 4469
18225 19331
19832 16709
19832 16709
19576 18425
4409 19989
8373 211
16346 363
545 16733
19824 5893
19992 9523
919 1432
3821 385
14517 19698
16197 158
106 4469
18225 19331
19832 16709
19832 16709
19576 18425
4409 19989
8373 211
16346 363
545 16733
19824 5893
19992 9523
919 1432
3821 385
14517 19698
16197 158
106 4469
18225 19331
19832 16709
19832 19340
139 19207
18270 19528
16875 791
19397 4681
18457 2404
18945 3460
619 300
19832 19340
19832 19340
139 19207
18270 19528
16875 791
19397 4681
18457 2404
18945 3460
619 300
19832 19340
19832 19340
139 19207
18270 19528
16875 791
19397 4681
18457 2404
18945 3460
619 300
19832 19340
19832 19340
139 19207
18270 19528
16875 791
19397 4681
18457 2404
18945 3460
619 300
19832 19340
19832 19340
139 19207
18270 19528
16875 791
19397 4681
18457 2404
18945 3460
619 300
19832 19340
19832 19340
139 19207
18270 19528
16875 791
19397 4681
18457 2404
18945 3460
619 300
19832 19340
19832 19340
139 19207
18270 19528
16875 791
19397 4681
18457 2404
18945 3460
619 300
19832 19340
19832 19340
139 19207
18270 19528
16875 791
19397 4681
18457 2404
18945 3460
619 300
19832 19340
19832 19340
139 19207
18270 19528
16875 791
19397 4681
18457 2404
18945 3460
619 300
19832 19340
19832 19340
139 19207
18270 19528
16875 791
19397 4681
18457 2404
18945 3460
619 300
19832 19340
19832 19340
139 19207
18270 19528
16875 791
19397 4681
18457 2404
18945 3460
619 300
19832 19340
19832 19340
139 19207
18270 19528
16875 791
19397 4681
18457 2404
18945 3460
619 300
19832 19340
19832 19340
139 19207
18270 19528
16875 791
19397 4681
18457 2404
18945 3460
619 300
19832 19340
19832 19340
139 19207
18270 19528
16875 791
19397 4681
18457 2404
18945 3460
619 300
19832 19340
19832 1970
18038 19709
18794 16607
9734 19652
3632 507
1039 18003
19649 722
354 9652
1981 19505
291 3304
19832 1970
19832 1970
18038 19709
18794 16607
9734 19652
3632 507
1039 18003
19649 722
354 9652
1981 19505
291 3304
19832 1970
19832 1970
18038 19709
18794 16607
9734 19652
3632 507
1039 18003
19649 722
354 9652
1981 19505
291 3304
19832 1970
19832 1970
18038 19709
18794 16607
9734 19652
3632 507
1039 18003
19649 722
354 9652
1981 19505
291 3304
19832 1970
19832 1970
18038 19709
18794 16607
9734 19652
3632 507
1039 18003
19649 722
354 9652
1981 19505
291 3304
19832 1970
19832 1970
18038 19709
18794 16607
9734 19652
3632 507
1039 18003
19649 722
354 9652
1981 19505
291 3304
19832 1970
19832 1970
18038 19709
18794 16607
9734 19652
3632 507
1039 18003
19649 722
354 9652
1981 19505
291 3304
19832 1970
19832 1970
18038 19709
18794 16607
9734 19652
3632 507
1039 18003
19649 722
354 9652
1981 19505
291 3304
19832 1970
19832 1970
18038 19709
18794 16607
9734 19652
3632 507
1039 18003
19649 722
354 9652
1981 19505
291 3304
19832 1970
19832 1970
18038 19709
18794 16607
9734 19652
3632 507
1039 18003
19649 722
354 9652
1981 19505
291 3304
19832 1970
19832 1970
18038 19709
18794 16607
9734 19652
3632 507
1039 18003
19649 722
354 9652
1981 19505
291 3304
19832 1970
19832 1970
18038 19709
18794 16607
9734 19652
3632 507
1039 18003
19649 722
354 9652
1981 19505
291 3304
19832 1970
19832 1970
18038 19709
18794 16607
9734 19652
3632 507
1039 18003
19649 722
354 9652
1981 19505
291 3304
19832 1970
19832 1970
18038 19709
18794 16607
9734 19652
3632 507
1039 18003
19649 722
354 9652
1981 19505
291 3304
19832 1970
19832 1970
18038 19709
18794 16607
9734 19652
3632 507
1039 18003
19649 722
354 9652
1981 19505
291 3304
19832 1970
19832 1970
18038 19709
18794 16607
9734 19652
3632 507
1039 18003
19649 722
354 9652
1981 19505
291 3304
19832 1970
19832 4601
12548 31
139 92
17063 19573
6302 18502
20 17828
19261 2225
19974 15373
16234 611
19832 4601
19832 4601
12548 31
139 92
17063 19573
6302 18502
20 17828
19261 2225
19974 15373
16234 611
19832 4601
19832 4601
12548 31
139 92
17063 19573
6302 18502
20 17828
19261 2225
19974 15373
16234 611
19832 4601
19832 4601
12548 31
139 92
17063 19573
6302 18502
20 17828
19261 2225
19974 15373
16234 611
19832 4601
19832 4601
12548 31
139 92
17063 19573
6302 18502
20 17828
19261 2225
19974 15373
16234 611
19832 4601
19832 4601
12548 31
139 92
17063 19573
6302 18502
20 17828
19261 2225
19974 15373
16234 611
19832 4601
19832 4601
12548 31
139 92
17063 19573
6302 18502
20 17828
19261 2225
19974 15373
16234 611
19832 4601
19832 4601
12548 31
139 92
17063 19573
6302 18502
20 17828
19261 2225
19974 15373
16234 611
19832 4601
19832 4601
12548 31
139 92
17063 19573
6302 18502
20 17828
19261 2225
19974 15373
16234 611
19832 4601
19832 4601
12548 31
139 92
17063 19573
6302 18502
20 17828
19261 2225
19974 15373
16234 611
19832 4601
19832 4601
12548 31
139 92
17063 19573
6302 18502
20 17828
19261 2225
19974 15373
16234 611
19832 4601
19832 4601
12548 31
139 92
17063 19573
6302 18502
20 17828
19261 2225
19974 15373
16234 611
19832 4601
19832 4601
12548 31
139 92
17063 19573
6302 18502
20 17828
19261 2225
19974 15373
16234 611
19832 4601
19832 4601
12548 31
139 92
17063 19573
6302 18502
20 17828
19261 2225
19974 15373
16234 611
19832 4601
19833 7232
2962 19938
10256 19978
513 1425
17511 371
19914 10402
160 12117
2222 258
792 17382
18414 2115
19562 16812
18853 19578
19686 6003
10027 282
19833 7232
19833 7232
2962 19938
10256 19978
513 1425
17511 371
19914 10402
160 12117
2222 258
792 17382
18414 2115
19562 16812
18853 19578
19686 6003
10027 282
19833 7232
19833 7232
2962 19938
10256 19978
513 1425
17511 371
19914 10402
160 12117
2222 258
792 17382
18414 2115
19562 16812
18853 19578
19686 6003
10027 282
19833 7232
19833 7232
2962 19938
10256 19978
513 1425
17511 371
19914 10402
160 12117
2222 258
792 17382
18414 2115
19562 16812
18853 19578
19686 6003
10027 282
19833 7232
19833 7232
2962 19938
10256 19978
513 1425
17511 371
19914 10402
160 12117
2222 258
792 17382
18414 2115
19562 16812
18853 19578
19686 6003
10027 282
19833 7232
