66
19827 15156
19338 17000
15828 3497
1805 16386
6432 1598
19827 15156
19827 15156
19338 17000
15828 3497
1805 16386
6432 1598
19827 15156
19827 15156
19338 17000
15828 3497
1805 16386
6432 1598
19827 15156
19827 15156
19338 17000
15828 3497
1805 16386
6432 1598
19827 15156
19827 15156
19338 17000
15828 3497
1805 16386
6432 1598
19827 15156
19827 15156
19338 17000
15828 3497
1805 16386
6432 1598
19827 15156
19827 15156
19338 17000
15828 3497
1805 16386
6432 1598
19827 15156
19827 17786
14450 6173
10972 18310
3051 2289
15731 7046
4618 2804
19790 15972
19827 17786
19827 17786
14450 6173
10972 18310
3051 2289
15731 7046
4618 2804
19790 15972
19827 17786
19827 17786
14450 6173
10972 18310
3051 2289
15731 7046
4618 2804
19790 15972
19827 17786
