0000000000000000000000000000000000000000000000000000000000000000000000000000000000000000000000000003
0000000000000000000000000000000000000000000000000000000000000000000000000000000000000000000000000003
0000000000000000000000000000000000000000000000000000000000000000000000000000000000000000000000000013
0000000000000000000000000000000000000000000000000000000000000000000000000000000000000000000000000022
0000000000000000000000000000000000000000000000000000000000000000000000000000000000000000000000000032
0000000000000000000000000000000000000000000000000000000000000000000000000000000000000000000000000041
0000000000000000000000000000000000000000000000000000000000000000000000000000000000000000000000000321
0000000000000000000000000000000000000000000000000000000000000000000000000000000000000000000000000411
0000000000000000000000000000000000000000000000000000000000000000000000000000000000000000000000002310
0000000000000000000000000000000000000000000000000000000000000000000000000000000000000000000000004201
0000000000000000000000000000000000000000000000000000000000000000000000000000000000000000000000023110
0000000000000000000000000000000000000000000000000000000000000000000000000000000000000000000000051100
0000000000000000000000000000000000000000000000000000000000000000000000000000000000000000000000421000
0000000000000000000000000000000000000000000000000000000000000000000000000000000000000000000000610011
0000000000000000000000000000000000000000000000000000000000000000000000000000000000000000000006100100
0000000000000000000000000000000000000000000000000000000000000000000000000000000000000000000062011000
0000000000000000000000000000000000000000000000000000000000000000000000000000000000000000000610100000
0000000000000000000000000000000000000000000000000000000000000000000000000000000000000000006111000000
0000000000000000000000000000000000000000000000000000000000000000000000000000000000000000071100000011
0000000000000000000000000000000000000000000000000000000000000000000000000000000000000006711000011100
0000000000000000000000000000000000000000000000000000000000000000000000000000000000000072100011100000
0000000000000000000000000000000000000000000000000000000000000000000000000000000000007810011100000000
0000000000000000000000000000000000000000000000000000000000000000000000000000000000781011100000000000
0000000000000000000000000000000000000000000000000000000000000000000000000000000078111100000000000000
0000000000000000000000000000000000000000000000000000000000000000000000000000008921100000000000000000
0000000000000000000000000000000000000000000000000000000000000000000000000000991000000000000000000000
0000000000000000000000000000000000000000000000000000000000000000000000000999000000000000000000000000
0000000000000000000000000000000000000000000000000000000000000000000000999000000000000000000000000000
3111111111111111111111111111111111111111111111111111111111111111111@@@111111111111111111111111111111
2200000000000000000000000000000000000000000000000000000000000008999000000000000000000000000000000000
0310000000000000000000000000000000000000000000000000000000088991000000000000000000000000000000000000
0031100000000000000000000000000000000000000000000000001889911000000000000000000000000000000000000000
0021011100000000000000000000000000000000000000000118888110000000000000000000000000000000000000000000
0002100011111000000000000000000000000000011112788771110000000000000000000000000000000000000000000000
0001111000000111111111111111111111111111267776101110000000000000000000000000000000000000000000000000
0000110111000000000000000000000001156677610001110000000000000000000000000000000000000000000000000000
0000011100111111100000111111135665621100001110000000000000000000000000000000000000000000000000000000
0000001111111000011122123445532111000001110000000000000000000000000000000000000000000000000000000000
0000000011111222222223332121110000011110000000000000000000000000000000000000000000000000000000000000
0000000000000000122321111100000011100000000000000000000000000000000000000000000000000000000000000000
0000000000000122111011100000011100000000000000000000000000000000000000000000000000000000000000000000
0000000000012111101100000011100000000000000000000000000000000000000000000000000000000000000000000000
0000000001211101110000011100000000000000000000000000000000000000000000000000000000000000000000000000
0000000011110110000011100000000000000000000000000000000000000000000000000000000000000000000000000000
0000000111011000011100000000000000000000000000000000000000000000000000000000000000000000000000000000
0000002211100011100000000000000000000000000000000000000000000000000000000000000000000000000000000000
0000021110111100000000000000000000000000000000000000000000000000000000000000000000000000000000000000
0000321111000000000000000000000000000000000000000000000000000000000000000000000000000000000000000000
0004211000000000000000000000000000000000000000000000000000000000000000000000000000000000000000000000
5551000000000000000000000000000000000000000000000000000000000000000000000000000000000000000000000000
