0000000000000000000000000000000000000000000000000000000000000000000000000000000000000000000000000001
0000000000000000000000000000000000000000000000000000000000000000000000000000000000000000000000000010
0000000000000000000000000000000000000000000000000000000000000000000000000000000000000000000000000100
0000000000000000000000000000000000000000000000000000000000000000000000000000000000000000000000001000
0000000000000000000000000000000000000000000000000000000000000000000000000000000000000000000000010000
0000000000000000000000000000000000000000000000000000000000000000000000000000000000000000000000100000
0000000000000000000000000000000000000000000000000000000000000000000000000000000000000000000001000000
0000000000000000000000000000000000000000000000000000000000000000000000000000000000000000000010000000
0000000000000000000000000000000000000000000000000000000000000000000000000000000000000000000100000000
0000000000000000000000000000000000000000000000000000000000000000000000000000000000000000001000000000
0000000000000000000000000000000000000000000000000000000000000000000000000000000000000000010000000000
0000000000000000000000000000000000000000000000000000000000000000000000000000000000000000100000000000
0000000000000000000000000000000000000000000000000000000000000000000000000000000000000001000000000000
0000000000000000000000000000000000000000000000000000000000000000000000000000000000000010000000000000
0000000000000000000000000000000000000000000000000000000000000000000000000000000000000100000000000000
0000000000000000000000000000000000000000000000000000000000000000000000000000000000001000000000000000
1000000000000000000000000000000000000000000000000000000000000000000000000000000000010000000000000000
1000000000000000000000000000000000000000000000000000000000000000000000000000000000100000000000000000
1000000000000000000000000000000000000000000000000000000000000000000000000000000001000000000000000000
1000000000000000000000000000000000000000000000000000000000000000000000000000000010000000000000000000
0100000000000000000000000000000000000000000000000000000000000000000000000000000100000000000000000000
0100000000000000000000000000000000000000000000000000000000000000000000000000001000000000000000000000
0100000000000000000000000000000000000000000000000000000000000000000000000000010000000000000000000000
0100000000000000000000000000000000000000000000000000000000000000000000000000100000000000000000000000
0010000000000000000000000000000000000000000000000000000000000000000000000001000000000000000000000000
0010000000000000000000000000000000000000000000000000000000000000000000000010000000000000000000000000
0010000000000000000000000000000000000000000000000000000000000000000000000100000000000000000000000000
0010000000000000000000000000000000000000000000000000000000000000000000001000000000000000000000000000
0001000000000000000000000000000000000000000000000000000000000000000000010000000000000000000000000000
0001000000000000000000000000000000000000000000000000000000000000000000100000000000000000000000000000
0001000000000000000000000000000000000000000000000000000000000000000001000000000000000000000000000000
0000100000000000000000000000000000000000000000000000000000000000000010000000000000000000000000000000
0000100000000000000000000000000000000000000000000000000000000000000100000000000000000000000000000000
0000100000000000000000000000000000000000000000000000000000000000001000000000000000000000000000000000
0000010000000000000000000000000000000000000000000000000000000000010000555555555510000000000000000000
0000010000000000000000000000000000000000000000000000000000000000100566111111000045100000000000000000
0000010000000000000000000000000000000000000000000000000000000001006100000000110000451000000000000000
0000001000000000000000000000000000000000000000000000000000000010660000000000001000004410000000000000
0000001000000000000000000000000000000000000000000000000000000106000000000000000110000141100000000000
0000001000000000000000000000000000000000000000000000000000001660000000000000000001000004011100000000
0000000100000000000000000000000000000000000000000000000000016000000000000000000000100000430011000000
0000000100000000000000000000000000000000000000000000000000160000000000000000000000100000013000111111
0000000100000000000000000000000000000000000000000000000001600000000000000000000000010000001400000000
0000000010000000000000000000000000000000000000000000000016000000000000000000000000001000000040000000
0000000010000000000000000000000000000000000000000000000160000000000000000000000000000100000004000000
0000000001000000000000000000000000000000000000000000001600000000000000000000000000000100000000400000
0000000001000000000000000000000000000000000000000000076000000000000000000000000000000010000000130000
0000000000100000000000000000000000000000000000000000700000000000000000000000000000000001000000013000
0000000000100000000000000000000000000000000000000007000000000000000000000000000000000001000000001300
2111111111211111111111111111111111111111111111111181111111111111111111111111111111111111211111111241
3100000000010000000000000000000000000000000000000700000000000000000000000000000000000000100000000013
0310000000010000000000000000000000000000000000000700000000000000000000000000000000000000010000000001
0031000000001000000000000000000000000000000000007000000000000000000000000000000000000000010000000000
0003100000001000000000000000000000000000000000670000000000000000000000000000000000000000010000000000
0000310000000100000000000000000000000000000006100000000000000000000000000000000000000000001000000000
0000040000000010000000000000000000000000000061000000000000000000000000000000000000000000001000000000
0000004000000010000000000000000000000000000610000000000000000000000000000000000000000000000100000000
0000000410000001000000000000000000000000006100000000000000000000000000000000000000000000000100000000
1111100031000000100000000000000000000000061000000000000000000000000000000000000000000000000010000000
0000011003400000010000000000000000000000610000000000000000000000000000000000000000000000000010000000
0000000111040000010000000000000000000066100000000000000000000000000000000000000000000000000010000000
0000000000114100001100000000000000000601000000000000000000000000000000000000000000000000000001000000
0000000000001440000010000000000000066010000000000000000000000000000000000000000000000000000001000000
0000000000000015400001100000000001600100000000000000000000000000000000000000000000000000000001000000
0000000000000000154000011110111665001000000000000000000000000000000000000000000000000000000000100000
0000000000000000001555555556555000010000000000000000000000000000000000000000000000000000000000100000
0000000000000000000000000000000000100000000000000000000000000000000000000000000000000000000000100000
0000000000000000000000000000000001000000000000000000000000000000000000000000000000000000000000010000
0000000000000000000000000000000010000000000000000000000000000000000000000000000000000000000000010000
0000000000000000000000000000000100000000000000000000000000000000000000000000000000000000000000010000
0000000000000000000000000000001000000000000000000000000000000000000000000000000000000000000000001000
0000000000000000000000000000010000000000000000000000000000000000000000000000000000000000000000001000
0000000000000000000000000000100000000000000000000000000000000000000000000000000000000000000000001000
0000000000000000000000000001000000000000000000000000000000000000000000000000000000000000000000000100
0000000000000000000000000010000000000000000000000000000000000000000000000000000000000000000000000100
0000000000000000000000000100000000000000000000000000000000000000000000000000000000000000000000000100
0000000000000000000000001000000000000000000000000000000000000000000000000000000000000000000000000100
0000000000000000000000010000000000000000000000000000000000000000000000000000000000000000000000000010
0000000000000000000000100000000000000000000000000000000000000000000000000000000000000000000000000010
0000000000000000000001000000000000000000000000000000000000000000000000000000000000000000000000000010
0000000000000000000010000000000000000000000000000000000000000000000000000000000000000000000000000010
0000000000000000000100000000000000000000000000000000000000000000000000000000000000000000000000000001
0000000000000000001000000000000000000000000000000000000000000000000000000000000000000000000000000001
0000000000000000010000000000000000000000000000000000000000000000000000000000000000000000000000000001
0000000000000000100000000000000000000000000000000000000000000000000000000000000000000000000000000001
0000000000000001000000000000000000000000000000000000000000000000000000000000000000000000000000000000
0000000000000010000000000000000000000000000000000000000000000000000000000000000000000000000000000000
0000000000000100000000000000000000000000000000000000000000000000000000000000000000000000000000000000
0000000000001000000000000000000000000000000000000000000000000000000000000000000000000000000000000000
0000000000010000000000000000000000000000000000000000000000000000000000000000000000000000000000000000
0000000000100000000000000000000000000000000000000000000000000000000000000000000000000000000000000000
0000000001000000000000000000000000000000000000000000000000000000000000000000000000000000000000000000
0000000010000000000000000000000000000000000000000000000000000000000000000000000000000000000000000000
0000000100000000000000000000000000000000000000000000000000000000000000000000000000000000000000000000
0000001000000000000000000000000000000000000000000000000000000000000000000000000000000000000000000000
0000010000000000000000000000000000000000000000000000000000000000000000000000000000000000000000000000
0000100000000000000000000000000000000000000000000000000000000000000000000000000000000000000000000000
0001000000000000000000000000000000000000000000000000000000000000000000000000000000000000000000000000
0010000000000000000000000000000000000000000000000000000000000000000000000000000000000000000000000000
1100000000000000000000000000000000000000000000000000000000000000000000000000000000000000000000000000
