0000000000000000000000000000000000000000000000000110000000000000000000000000000000000000000000000000
0000000000000000000000000000000000000000000000001001000000000000000000000000000000000000000000000000
0000000000000000000000000000000000000000000000010000100000000000000000000000000000000000000000000000
0000000000000000000000000000000000000000000000100000010000000000000000000000000000000000000000000000
0000000000000000000000000000000000000000000000100000010000000000000000000000000000000000000000000000
0000000000000000000000000000000000000000000001000000001000000000000000000000000000000000000000000000
0000000000000000000000000000000000000000000001000000001000000000000000000000000000000000000000000000
0000000000000000000000000000000000000000000010000000000100000000000000000000000000000000000000000000
0000000000000000000000000000000000000000000010000000000100000000000000000000000000000000000000000000
0000000000000000000000000000000000000000000010000000000100000000000000000000000000000000000000000000
0000000000000000000000000000000000000000000100000000000010000000000000000000000000000000000000000000
0000000000000000000000000000000000000000000100000000000010000000000000000000000000000000000000000000
0000000000000000000000000000000000000000000100000000000010000000000000000000000000000000000000000000
0000000000000000000000000000000000000000001000000000000001000000000000000000000000000000000000000000
0000000000000000000000000000000000000000001000000000000001000000000000000000000000000000000000000000
0000000000000000000000000000000000000000001000000000000001000000000000000000000000000000000000000000
0000000000000000000000000000000000000000010000000000000000100000000000000000000000000000000000000000
0000000000000000000000000000000000000000010000000000000000100000000000000000000000000000000000000000
0000000000000000000000000000000000000000010000000000000000100000000000000000000000000000000000000000
0000000000000000000000000000000000000000010000000000000000100000000000000000000000000000000000000000
0000000000000000000000000000000000000000100000000000000000010000000000000000000000000000000000000000
0000000000000000000000000000000000000000100000000000000000010000000000000000000000000000000000000000
0000000000000000000000000000000000000000100000000000000000010000000000000000000000000000000000000000
0000000000000000000000000000000000000001000000000000000000001000000000000000000000000000000000000000
0000000000000000000000000000000000000001000000000000000000001000000000000000000000000000000000000000
0000000000000000000000000000000000000001000000000000000000001000000000000000000000000000000000000000
0000000000000000000000000000000000000001000000000000000000001000000000000000000000000000000000000000
0000000000000000000000000000000000000010000000000000000000000100000000000000000000000000000000000000
0000000000000000000000000000000000000010000000000000000000000100000000000000000000000000000000000000
0000000000000000000000000000000000000010000000000000000000000100000000000000000000000000000000000000
0000000000000000000000000000000000000100000000000000000000000010000000000000000000000000000000000000
0000000000000000000000000000000000000100000000000000000000000010000000000000000000000000000000000000
0000000000000000000000000000000000000100000000000000000000000010000000000000000000000000000000000000
0000000000000000000000000000000000000100000000000000000000000010000000000000000000000000000000000000
0000000000000000000000000000000000001000000000000000000000000001000000000000000000000000000000000000
0000000000011000000000000000000000001000000000000000000000000001000000000000000000000001100000000000
0000000001100110000000000000000000001000000000000000000000000001000000000000000000000110011000000000
0000000110000001000000000000000000010000000000000000000000000000100000000000000000001000000110000000
0000001000000000100000000000000000010000000000000000000000000000100000000000000000010000000001000000
0000010000000000010000000000000000010000000000000000000000000000100000000000000000100000000000100000
0000100000000000001000000000000000100000000000000000000000000000010000000000000001000000000000010000
1112111111111111112111111111111111211111111111111111111111111111121111111111111112111111111111112111
0110000000000000000100000000000000100000000000000000000000000000010000000000000010000000000000000110
1000000000000000000010000000000001000000000000000000000000000000001000000000000100000000000000000001
0000000000000000000001000000000001000000000000000000000000000000001000000000001000000000000000000000
0000000000000000000001000000000010000000000000000000000000000000000100000000001000000000000000000000
0000000000000000000000100000000010000000000000000000000000000000000100000000010000000000000000000000
0000000000000000000000010000000100000000000000000000000000000000000010000000100000000000000000000000
0000000000000000000000001000001000000000000000000000000000000000000001000001000000000000000000000000
0000000000000000000000000111110000000000000000000000000000000000000000111110000000000000000000000000
