00110000000000000000000011000000000000000000001100
01001000000000000000000100100000000000000000010010
10000100000000000000001000010000000000000000100001
10000100000000000000001000010000000000000000100001
00000010000000000000010000001000000000000001000000
00000010000000000000010000001000000000000001000000
00000001000000000000100000000100000000000010000000
00000001000000000000100000000100000000000010000000
00000001000000000000100000000100000000000010000000
00000000100000000001000000000010000000000100000000
11111111211111111112111111111121111111111211111111
00000000100000000001000000000010000000000100000000
00000000010000000010000000000001000000001000000000
00000000010000000010000000000001000000001000000000
00000000010000000010000000000001000000001000000000
00000000001000000100000000000000100000010000000000
00000000001000000100000000000000100000010000000000
00000000000100001000000000000000010000100000000000
00000000000100001000000000000000010000100000000000
00000000000011110000000000000000001111000000000000
