00000000000000000000000000001111111111111111111111
11111111111111111112222222221111111111111111111111
00000000000000111110000000000000000000000000000000
00000000000111000000000000000000000000000000000000
10000000011000000000000000000000000000000000000000
01000000100000000000000000000000000000000000000000
00100001000000000000000000000000000000000000000000
00010010000000000000000000000000000000000000000000
00001200000000000000000000000000000000000000000000
00001010000000000000000000000000000000000000000000
00010001000000000000000000000000000000000000000000
00010000100000000000000000000000000000000000000000
00010000010000000000000000000000000000000000000000
00100000001000000000000000000000000000000000000000
00100000000100000000000000000000000000000000000000
00100000000010000000000000000000000000000000000000
01000000000001000000000000000000000000000000000000
01000000000000100000000000000000000000000000000000
01000000000000010000000000000000000000000000000000
01000000000000001000000000000000000000000000000000
01000000000000000100000000000000000000000000000000
10000000000000000010000000000000000000000000000000
10000000000000000001000000000000000000000000000000
10000000000000000000100000000000000000000000000000
10000000000000000000010000000000000000000000000000
10000000000000000000001100000000000000000000000000
10000000000000000000000010000000000000000000000000
10000000000000000000000001000000000000000000000000
10000000000000000000000000100000000000000000000000
10000000000000000000000000010000000000000000000000
10000000000000000000000000001000000000000000000000
10000000000000000000000000000100000000000000000000
00000000000000000000000000000010000000000000000000
00000000000000000000000000000001000000000000000000
00000000000000000000000000000000100000000000000000
00000000000000000000000000000000010000000000000000
00000000000000000000000000000000001000000000000000
00000000000000000000000000000000000100000000000000
00000000000000000000000000000000000010000000000000
00000000000000000000000000000000000001000000000000
00000000000000000000000000000000000000100000000000
00000000000000000000000000000000000000011000000000
00000000000000000000000000000000000000000100000000
00000000000000000000000000000000000000000010000000
00000000000000000000000000000000000000000001000000
00000000000000000000000000000000000000000000100000
00000000000000000000000000000000000000000000010000
00000000000000000000000000000000000000000000001000
00000000000000000000000000000000000000000000000100
00000000000000000000000000000000000000000000000011
