0000000000000000000000000000000000000000000000000000000000000000000000000000000000000000000000001111
0000000000000000000000000000000000000000000000000000000000000000000000000000000000000000000000010000
0000000000000000000000000000000000000000000000000000000000000000000000000000000000000000000000010000
0000000000000000000000000000000000000000000000000000000000000000000000000000000000000000000000010000
0000000000000000000000000000000000000000000000000000000000000000000000000000000000000000000000010000
0000000000000000000000000000000000000000000000000000000000000000000000000000000000000000000000100000
0000000000000000000000000000000000000000000000000000000000000000000000000000000000000000000000100000
0000000000000000000000000000000000000000000000000000000000000000000000000000000000000000000000100000
0000000000000000000000000000000000000000000000000000000000000000000000000000000000000000000000100000
0000000000000000000000000000000000000000000000000000000000000000000000000000000000000011111111100000
0000000000000000000000000000000000000000000000000000000000000000000000000000000000000100000000000000
0000000000000000000000000000000000000000000000000000000000000000000000000000000000000100000000000000
0000000000000000000000000000000000000000000000000000000000000000000000000000000000000100000000000000
0000000000000000000000000000000000000000000000000000000000000000000000000000000000000100000000000000
0000000000000000000000000000000000000000000000000000000000000000000000000000000000000100000000000000
0000000000000000000000000000000000000000000000000000000000000000000000000000000000001000000000000000
0000000000000000000000000000000000000000000000000000000000000000000000000000000000001000000000000000
0000000000000000000000000000000000000000000000000000000000000000000000000000000000001000000000000000
0000000000000000000000000000000000000000000000000000000000000000000000000000000000001000000000000000
0000000000000000000000000000000000000000000000000000000000000000000000000000111111111000000000000000
0000000000000000000000000000000000000000000000000000000000000000000000000001000000000000000000000000
0000000000000000000000000000000000000000000000000000000000000000000000000001000000000000000000000000
0000000000000000000000000000000000000000000000000000000000000000000000000001000000000000000000000000
0000000000000000000000000000000000000000000000000000000000000000000000000001000000000000000000000000
0000000000000000000000000000000000000000000000000000000000000000000000000001000000000000000000000000
0000000000000000000000000000000000000000000000000000000000000000000000000010000000000000000000000000
0000000000000000000000000000000000000000000000000000000000000000000000000010000000000000000000000000
0000000000000000000000000000000000000000000000000000000000000000000000000010000000000000000000000000
0000000000000000000000000000000000000000000000000000000000000000000000000010000000000000000000000000
0000000000000000000000000000000000000000000000000000000000000000001111111110000000000000000000000000
0000000000000000000000000000000000000000000000000000000000000000010000000000000000000000000000000000
0000000000000000000000000000000000000000000000000000000000000000010000000000000000000000000000000000
0000000000000000000000000000000000000000000000000000000000000000010000000000000000000000000000000000
0000000000000000000000000000000000000000000000000000000000000000010000000000000000000000000000000000
0000000000000000000000000000000000000000000000000000000000000000010000000000000000000000000000000000
0000000000000000000000000000000000000000000000000000000000000000100000000000000000000000000000000000
0000000000000000000000000000000000000000000000000000000000000000100000000000000000000000000000000000
0000000000000000000000000000000000000000000000000000000000000000100000000000000000000000000000000000
0000000000000000000000000000000000000000000000000000000000000000100000000000000000000000000000000000
0000000000000000000000000000000000000000000000000000000011111111100000000000000000000000000000000000
0000000000000000000000000000000000000000000000000000000100000000000000000000000000000000000000000000
0000000000000000000000000000000000000000000000000000000100000000000000000000000000000000000000000000
0000000000000000000000000000000000000000000000000000000100000000000000000000000000000000000000000000
0000000000000000000000000000000000000000000000000000000100000000000000000000000000000000000000000000
0000000000000000000000000000000000000000000000000000000100000000000000000000000000000000000000000000
0000000000000000000000000000000000000000000000000000001000000000000000000000000000000000000000000000
0000000000000000000000000000000000000000000000000000001000000000000000000000000000000000000000000000
0000000000000000000000000000000000000000000000000000001000000000000000000000000000000000000000000000
0000000000000000000000000000000000000000000000000000001000000000000000000000000000000000000000000000
1111111111111111111111111111111111111111111111222222222111111111111111111111111111111111111111111111
0000000000000000000000000000000000000000000001000000000000000000000000000000000000000000000000000000
0000000000000000000000000000000000000000000001000000000000000000000000000000000000000000000000000000
0000000000000000000000000000000000000000000001000000000000000000000000000000000000000000000000000000
0000000000000000000000000000000000000000000001000000000000000000000000000000000000000000000000000000
0000000000000000000000000000000000000000000001000000000000000000000000000000000000000000000000000000
0000000000000000000000000000000000000000000010000000000000000000000000000000000000000000000000000000
0000000000000000000000000000000000000000000010000000000000000000000000000000000000000000000000000000
0000000000000000000000000000000000000000000010000000000000000000000000000000000000000000000000000000
0000000000000000000000000000000000000000000010000000000000000000000000000000000000000000000000000000
0000000000000000000000000000000000001111111110000000000000000000000000000000000000000000000000000000
0000000000000000000000000000000000010000000000000000000000000000000000000000000000000000000000000000
0000000000000000000000000000000000010000000000000000000000000000000000000000000000000000000000000000
0000000000000000000000000000000000010000000000000000000000000000000000000000000000000000000000000000
0000000000000000000000000000000000010000000000000000000000000000000000000000000000000000000000000000
0000000000000000000000000000000000010000000000000000000000000000000000000000000000000000000000000000
0000000000000000000000000000000000100000000000000000000000000000000000000000000000000000000000000000
0000000000000000000000000000000000100000000000000000000000000000000000000000000000000000000000000000
0000000000000000000000000000000000100000000000000000000000000000000000000000000000000000000000000000
0000000000000000000000000000000000100000000000000000000000000000000000000000000000000000000000000000
0000000000000000000000000011111111100000000000000000000000000000000000000000000000000000000000000000
0000000000000000000000000100000000000000000000000000000000000000000000000000000000000000000000000000
0000000000000000000000000100000000000000000000000000000000000000000000000000000000000000000000000000
0000000000000000000000000100000000000000000000000000000000000000000000000000000000000000000000000000
0000000000000000000000000100000000000000000000000000000000000000000000000000000000000000000000000000
0000000000000000000000000100000000000000000000000000000000000000000000000000000000000000000000000000
0000000000000000000000001000000000000000000000000000000000000000000000000000000000000000000000000000
0000000000000000000000001000000000000000000000000000000000000000000000000000000000000000000000000000
0000000000000000000000001000000000000000000000000000000000000000000000000000000000000000000000000000
0000000000000000000000001000000000000000000000000000000000000000000000000000000000000000000000000000
0000000000000000111111111000000000000000000000000000000000000000000000000000000000000000000000000000
0000000000000001000000000000000000000000000000000000000000000000000000000000000000000000000000000000
0000000000000001000000000000000000000000000000000000000000000000000000000000000000000000000000000000
0000000000000001000000000000000000000000000000000000000000000000000000000000000000000000000000000000
0000000000000001000000000000000000000000000000000000000000000000000000000000000000000000000000000000
0000000000000001000000000000000000000000000000000000000000000000000000000000000000000000000000000000
0000000000000010000000000000000000000000000000000000000000000000000000000000000000000000000000000000
0000000000000010000000000000000000000000000000000000000000000000000000000000000000000000000000000000
0000000000000010000000000000000000000000000000000000000000000000000000000000000000000000000000000000
0000000000000010000000000000000000000000000000000000000000000000000000000000000000000000000000000000
0000001111111110000000000000000000000000000000000000000000000000000000000000000000000000000000000000
0000010000000000000000000000000000000000000000000000000000000000000000000000000000000000000000000000
0000010000000000000000000000000000000000000000000000000000000000000000000000000000000000000000000000
0000010000000000000000000000000000000000000000000000000000000000000000000000000000000000000000000000
0000010000000000000000000000000000000000000000000000000000000000000000000000000000000000000000000000
0000010000000000000000000000000000000000000000000000000000000000000000000000000000000000000000000000
0000100000000000000000000000000000000000000000000000000000000000000000000000000000000000000000000000
0000100000000000000000000000000000000000000000000000000000000000000000000000000000000000000000000000
0000100000000000000000000000000000000000000000000000000000000000000000000000000000000000000000000000
0000100000000000000000000000000000000000000000000000000000000000000000000000000000000000000000000000
1111100000000000000000000000000000000000000000000000000000000000000000000000000000000000000000000000
