0000000000000000000000000000000000000000000000000000000000000000000000000000000000000000000000000001
0000000000000000000000000000000000000000000000000000000000000000000000000000000000000000000000000010
0000000000000000000000000000000000000000000000000000000000000000000000000000000000000000000000000010
0000000000000000000000000000000000000000000000000000000000000000000000000000000000000000000000000100
0000000000000000000000000000000000000000000000000000000000000000000000000000000000000000000000000100
0000000000000000000000000000000000000000000000000000000000000000000000000000000000000000000000001000
0000000000000000000000000000000000000000000000000000000000000000000000000000000000000000000000010000
0000000000000000000000000000000000000000000000000000000000000000000000000000000000000000000000010000
0000000000000000000000000000000000000000000000000000000000000000000000000000000000000000000000100000
0000000000000000000000000000000000000000000000000000000000000000000000000000000000000000000001000000
0000000000000000000000000000000000000000000000000000000000000000000000000000000000000000000010000000
0000000000000000000000000000000000000000000000000000000000000000000000000000000000000000000010000000
0000000000000000000000000000000000000000000000000000000000000000000000000000000000000000000100000000
0000000000000000000000000000000000000000000000000000000000000000000000000000000000000000001000000000
0000000000000000000000000000000000000000000000000000000000000000000000000000000000000000010000000000
0000000000000000000000000000000000000000000000000000000000000000000000000000000000000000100000000000
0000000000000000000000000000000000000000000000000000000000000000000000000000000000000001000000000000
0000000000000000000000000000000000000000000000000000000000000000000000000000000000000010000000000000
0000000000000000000000000000000000000000000000000000000000000000000000000000000000000100000000000000
0000000000000000000000000000000000000000000000000000000000000000000000000000000000001000000000000000
0000000000000000000000000000000000000000000000000000000000000000000000000000000000010000000000000000
0000000000000000000000000000000000000000000000000000000000000000000000000000000000100000000000000000
0000000000000000000000000000000000000000000000000000000000000000000000000000000001000000000000000000
0000000000000000000000000000000000000000000000000000000000000000000000000000000010000000000000000000
0000000000000000000000000000000000000000000000000000000000000000000000000000001100000000000000000000
0000000000000000000000000000000000000000000000000000000000000000000000000000010000000000000000001111
0000000000000000000000000000000000000000000000000000000000000000000000000001100000000000000011110000
0000000000000000000000000000000000000000000000000000000000000000000000000010000000000000111100000000
0000000000000000000000000000000000000000000000000000000000000000000000001100000000001111000000000000
0000000000000000000000000000000000000000000000000000000000000000000000110000000011110000000000000000
0000000000000000000000000000000000000000000000000000000000000000000011000000111100000000000000000000
0000000000000000000000000000000000000000000000000000000000000000001100001111000000000000000000000000
0000000000000000000000000000000000000000000000000000000000000000110011110000000000000000000000000000
0000000000000000000000000000000000000000000000000000000000000011111100000000000000000000000000000000
0000000000000000000000000000000000000000000000000000000000012211000000000000000000000000000000000000
0000000000000000000000000000000000000000000000000000000022210000000000000000000000000000000000000000
0000000000000000000000000000000000000000000000000000222200000000000000000000000000000000000000000000
1000000000000000000000000000000000000000000000001222000000000000000000000000000000000000000000000000
0100000000000000000000000000000000000000000012221000000000000000000000000000000000000000000000000000
0011100000000000000000000000000000000011122210000000000000000000000000000000000000000000000000000000
0000011111000000000000000000111111111211100000000000000000000000000000000000000000000000000000000000
0000000000111111111111111111000001111000000000000000000000000000000000000000000000000000000000000000
0000000000000000000000000000011110000000000000000000000000000000000000000000000000000000000000000000
0000000000000000000000000111100000000000000000000000000000000000000000000000000000000000000000000000
0000000000000000000001111000000000000000000000000000000000000000000000000000000000000000000000000000
0000000000000000011110000000000000000000000000000000000000000000000000000000000000000000000000000000
0000000000000111100000000000000000000000000000000000000000000000000000000000000000000000000000000000
0000000001111000000000000000000000000000000000000000000000000000000000000000000000000000000000000000
0000011110000000000000000000000000000000000000000000000000000000000000000000000000000000000000000000
2222211111111111111111111111111111111111111111111111111111111111111111111111111111111111111111111111
