1000000000000000000000000000000000000000000000000000000000000000000000000000000000000000000000000001
1000000000000000000000000000000000000000000000000000000000000000000000000000000000000000000000000001
1000000000000000000000000000000000000000000000000000000000000000000000000000000000000000000000000001
0100000000000000000000000000000000000000000000000000000000000000000000000000000000000000000000000010
0100000000000000000000000000000000000000000000000000000000000000000000000000000000000000000000000010
0100000000000000000000000000000000000000000000000000000000000000000000000000000000000000000000000010
0100000000000000000000000000000000000000000000000000000000000000000000000000000000000000000000000010
0010000000000000000000000000000000000000000000000000000000000000000000000000000000000000000000000100
0010000000000000000000000000000000000000000000000000000000000000000000000000000000000000000000000100
0010000000000000000000000000000000000000000000000000000000000000000000000000000000000000000000000100
0010000000000000000000000000000000000000000000000000000000000000000000000000000000000000000000000100
0010000000000000000000000000000000000000000000000000000000000000000000000000000000000000000000000100
0001000000000000000000000000000000000000000000000000000000000000000000000000000000000000000000001000
0001000000000000000000000000000000000000000000000000000000000000000000000000000000000000000000001000
0001000000000000000000000000000000000000000000000000000000000000000000000000000000000000000000001000
0000100000000000000000000000000000000000000000000000000000000000000000000000000000000000000000010000
0000100000000000000000000000000000000000000000000000000000000000000000000000000000000000000000010000
0000100000000000000000000000000000000000000000000000000000000000000000000000000000000000000000010000
0000100000000000000000000000000000000000000000000000000000000000000000000000000000000000000000010000
0000010000000000000000000000000000000000000000000000000000000000000000000000000000000000000000100000
0000010000000000000000000000000000000000000000000000000000000000000000000000000000000000000000100000
0000010000000000000000000000000000000000000000000000000000000000000000000000000000000000000000100000
0000001000000000000000000000000000000000000000000000000000000000000000000000000000000000000001000000
0000001000000000000000000000000000000000000000000000000000000000000000000000000000000000000001000000
0000001000000000000000000000000000000000000000000000000000000000000000000000000000000000000001000000
0000000100000000000000000000000000000000000000000000000000000000000000000000000000000000000010000000
0000000100000000000000000000000000000000000000000000000000000000000000000000000000000000000010000000
0000000010000000000000000000000000000000000000000000000000000000000000000000000000000000000100000000
0000000010000000000000000000000000000000000000000000000000000000000000000000000000000000000100000000
0000000001000000000000000000000000000000000000000000000000000000000000000000000000000000001000000000
0000000001000000000000000000000000000000000000000000000000000000000000000000000000000000001000000000
0000000000100000000000000000000000000000000000000000000000000000000000000000000000000000010000000000
0000000000100000000000000000000000000000000000000000000000000000000000000000000000000000010000000000
0000000000010000000000000000000000000000000000000000000000000000000000000000000000000000100000000000
0000000000010000000000000000000000000000000000000000000000000000000000000000000000000000100000000000
0000000000001000000000000000000000000000000000000000000000000000000000000000000000000001000000000000
0000000000000100000000000000000000000000000000000000000000000000000000000000000000000010000000000000
0000000000000100000000000000000000000000000000000000000000000000000000000000000000000010000000000000
0000000000000010000000000000000000000000000000000000000000000000000000000000000000000100000000000000
0000000000000001000000000000000000000000000000000000000000000000000000000000000000001000000000000000
0000000000000000100000000000000000000000000000000000000000000000000000000000000000010000000000000000
0000000000000000010000000000000000000000000000000000000000000000000000000000000000100000000000000000
0000000000000000001000000000000000000000000000000000000000000000000000000000000001000000000000000000
0000000000000000000110000000000000000000000000000000000000000000000000000000000110000000000000000000
0000000000000000000001100000000000000000000000000000000000000000000000000000011000000000000000000000
0000000000000000000000011000000000000000000000000000000000000000000000000001100000000000000000000000
0000000000000000000000000111000000000000000000000000000000000000000000001110000000000000000000000000
0000000000000000000000000000111100000000000000000000000000000000000011110000000000000000000000000000
0000000000000000000000000000000011111111000000000000000000001111111100000000000000000000000000000000
1111111111111111111111111111111111111111222222222222222222221111111111111111111111111111111111111111
