11111111111111111111111111111111111111111111111111111111111111111111111111111111111111111111111111111
00000000000000000000100000000000000000000000000000000000000010000000000000000000000000000000000000001
00000000000000000000100000000000000000000000000000000000000010000000000000000000000000000000000000001
00000000000000000001100000000000000000000000000000000000000110000000000000000000000000000000000000011
00000000000000000001100000000000000000000000000000000000000110000000000000000000000000000000000000011
00000000000000000001100000000000000000000000000000000000000110000000000000000000000000000000000000011
00000000000000000001100000000000000000010000000000000000000110000000000000000001000000000000000000011
00000000000000000002100000000000000000020000000000000000000210000000000000000002000000000000000000021
00000000000000000011100000000000000000120000000000000000001110000000000000000012000000000000000000111
00000000000000000021100000000000000000220000000000000000002110000000000000000022000000000000000000211
00000000000000000021100000000000000000220000000000000000002110000000000000000022000000000000000000211
00000000000000000021100000000000000000220000000000000000002110000000000000000022000000000000000000211
00000000000000000021100000000000000000220000000000000000002110000000000000000022000000000000000000211
00000000000000000201100000000000000002020000000000000000020110000000000000000202000000000000000002011
00000000000000000201100000000000000002020000000000000000020110000000000000000202000000000000000002011
00000000000000000201100000000000000002020000000000000000020110000000000000000202000000000000000002011
00000000000000000201100000000000000002020000000000000000020110000000000000000202000000000000000002011
00000000000000000201100000000000000002020000000000000000020110000000000000000202000000000000000002011
00000000000000002001100000000000000020020000000000000000200110000000000000002002000000000000000020011
00000000000000002001100000000000000020020000000000000000200110000000000000002002000000000000000020011
00000000000000002001100000000000000020020000000000000000200110000000000000002002000000000000000020011
00000000000000002001100000000000000020020000000000000000200110000000000000002002000000000000000020011
00000000000000002001100000000000000020020000000000000000200110000000000000002002000000000000000020011
00000000000000020001100000000000000200020000000000000002000110000000000000020002000000000000000200011
00000000000000020001100000000000000200020000000000000002000110000000000000020002000000000000000200011
00000000000000020001100000000000000200020000000000000002000110000000000000020002000000000000000200011
00000000000000020001100000000000000200020000000000000002000110000000000000020002000000000000000200011
00000000000000020001100000000000000200020000000000000002000110000000000000020002000000000000000200011
00000000000000200001100000000000002000020000000000000020000110000000000000200002000000000000002000011
10000000000000200000200000000000002000011000000000000020000020000000000000200001100000000000002000002
10000000000000200000200000000000002000011000000000000020000020000000000000200001100000000000002000002
10000000000000200000200000000000002000011000000000000020000020000000000000200001100000000000002000002
10000000000000200000200000000000002000011000000000000020000020000000000000200001100000000000002000002
10000000000002000000200000000000020000011000000000000200000020000000000002000001100000000000020000002
10000000000002000000200000000000020000011000000000000200000020000000000002000001100000000000020000002
10000000000002000000200000000000020000011000000000000200000020000000000002000001100000000000020000002
10000000000002000000200000000000020000011000000000000200000020000000000002000001100000000000020000002
10000000000002000000200000000000020000011000000000000200000020000000000002000001100000000000020000002
10000000000020000000200000000000200000011000000000002000000020000000000020000001100000000000200000002
10000000000020000000200000000000200000011000000000002000000020000000000020000001100000000000200000002
10000000000020000000200000000000200000011000000000002000000020000000000020000001100000000000200000002
10000000000020000000200000000000200000011000000000002000000020000000000020000001100000000000200000002
10000000000020000000200000000000200000011000000000002000000020000000000020000001100000000000200000002
10000000000200000000200000000002000000011000000000020000000020000000000200000001100000000002000000002
10000000000200000000200000000002000000011000000000020000000020000000000200000001100000000002000000002
10000000000200000000200000000002000000011000000000020000000020000000000200000001100000000002000000002
10000000000200000000200000000002000000011000000000020000000020000000000200000001100000000002000000002
10000000000200000000200000000002000000011000000000020000000020000000000200000001100000000002000000002
10000000002000000000110000000020000000011000000000200000000011000000002000000001100000000020000000001
21111111113111111111221111111131111111122111111111311111111122111111113111111112211111111131111111112
10000000002000000000110000000020000000011000000000200000000011000000002000000001100000000020000000001
10000000002000000000110000000020000000011000000000200000000011000000002000000001100000000020000000001
10000000002000000000110000000020000000011000000000200000000011000000002000000001100000000020000000001
20000000020000000000110000000200000000002000000002000000000011000000020000000000200000000200000000001
20000000020000000000110000000200000000002000000002000000000011000000020000000000200000000200000000001
20000000020000000000110000000200000000002000000002000000000011000000020000000000200000000200000000001
20000000020000000000110000000200000000002000000002000000000011000000020000000000200000000200000000001
20000000020000000000110000000200000000002000000002000000000011000000020000000000200000000200000000001
20000000200000000000110000002000000000002000000020000000000011000000200000000000200000002000000000001
20000000200000000000110000002000000000002000000020000000000011000000200000000000200000002000000000001
20000000200000000000110000002000000000002000000020000000000011000000200000000000200000002000000000001
20000000200000000000110000002000000000002000000020000000000011000000200000000000200000002000000000001
20000000200000000000110000002000000000002000000020000000000011000000200000000000200000002000000000001
20000002000000000000110000020000000000002000000200000000000011000002000000000000200000020000000000001
20000002000000000000110000020000000000002000000200000000000011000002000000000000200000020000000000001
20000002000000000000110000020000000000002000000200000000000011000002000000000000200000020000000000001
20000002000000000000110000020000000000002000000200000000000011000002000000000000200000020000000000001
20000002000000000000110000020000000000002000000200000000000011000002000000000000200000020000000000001
20000020000000000000110000200000000000002000002000000000000011000020000000000000200000200000000000001
20000020000000000000110000200000000000002000002000000000000011000020000000000000200000200000000000001
20000020000000000000110000200000000000002000002000000000000011000020000000000000200000200000000000001
20000020000000000000110000200000000000002000002000000000000011000020000000000000200000200000000000001
11000020000000000000020000200000000000001100002000000000000002000020000000000000110000200000000000000
11000200000000000000020002000000000000001100020000000000000002000200000000000000110002000000000000000
11000200000000000000020002000000000000001100020000000000000002000200000000000000110002000000000000000
11000200000000000000020002000000000000001100020000000000000002000200000000000000110002000000000000000
11000200000000000000020002000000000000001100020000000000000002000200000000000000110002000000000000000
11000200000000000000020002000000000000001100020000000000000002000200000000000000110002000000000000000
11002000000000000000020020000000000000001100200000000000000002002000000000000000110020000000000000000
11002000000000000000020020000000000000001100200000000000000002002000000000000000110020000000000000000
11002000000000000000020020000000000000001100200000000000000002002000000000000000110020000000000000000
11002000000000000000020020000000000000001100200000000000000002002000000000000000110020000000000000000
11002000000000000000020020000000000000001100200000000000000002002000000000000000110020000000000000000
11020000000000000000020200000000000000001102000000000000000002020000000000000000110200000000000000000
11020000000000000000020200000000000000001102000000000000000002020000000000000000110200000000000000000
11020000000000000000020200000000000000001102000000000000000002020000000000000000110200000000000000000
11020000000000000000020200000000000000001102000000000000000002020000000000000000110200000000000000000
11020000000000000000020200000000000000001102000000000000000002020000000000000000110200000000000000000
11200000000000000000022000000000000000001120000000000000000002200000000000000000112000000000000000000
11200000000000000000022000000000000000001120000000000000000002200000000000000000112000000000000000000
11200000000000000000022000000000000000001120000000000000000002200000000000000000112000000000000000000
11200000000000000000022000000000000000001120000000000000000002200000000000000000112000000000000000000
11100000000000000000021000000000000000001110000000000000000002100000000000000000111000000000000000000
12000000000000000000020000000000000000001200000000000000000002000000000000000000120000000000000000000
11000000000000000000010000000000000000001100000000000000000001000000000000000000110000000000000000000
11000000000000000000000000000000000000001100000000000000000000000000000000000000110000000000000000000
11000000000000000000000000000000000000001100000000000000000000000000000000000000110000000000000000000
11000000000000000000000000000000000000001100000000000000000000000000000000000000110000000000000000000
10000000000000000000000000000000000000001000000000000000000000000000000000000000100000000000000000000
21111111111111111111111111111111111111112111111111111111111111111111111111111111211111111111111111111
