500000000000000000000000000000000000000000000000000000000000000000000000000000000000000000000000000@
4100000000000000000000000000000000000000000000000000000000000000000000000000000000000000000000000029
3200000000000000000000000000000000000000000000000000000000000000000000000000000000000000000000000137
2210000000000000000000000000000000000000000000000000000000000000000000000000000000000000000000001145
1310000000000000000000000000000000000000000000000000000000000000000000000000000000000000000000010163
0401000000000000000000000000000000000000000000000000000000000000000000000000000000000000000000101171
0311000000000000000000000000000000000000000000000000000000000000000000000000000000000000000001001270
0310100000000000000000000000000000000000000000000000000000000000000000000000000000000000000010010270
0310100000000000000000000000000000000000000000000000000000000000000000000000000000000000000100011260
0220010000000000000000000000000000000000000000000000000000000000000000000000000000000000001000101350
0211010000000000000000000000000000000000000000000000000000000000000000000000000000000000010000111340
0121001000000000000000000000000000000000000000000000000000000000000000000000000000000000100001011430
0121001000000000000000000000000000000000000000000000000000000000000000000000000000000001000001012420
0120100100000000000000000000000000000000000000000000000000000000000000000000000000000010000010111420
0021100010000000000000000000000000000000000000000000000000000000000000000000000000000100000100112410
0021100010000000000000000000000000000000000000000000000000000000000000000000000000001000000101012500
0021010001000000000000000000000000000000000000000000000000000000000000000000000000010000001001112400
0012010001000000000000000000000000000000000000000000000000000000000000000000000000100000001001113300
0011110000100000000000000000000000000000000000000000000000000000000000000000000001000000010010122300
0011101000010000000000000000000000000000000000000000000000000000000000000000000010000000100011113200
0011101000010000000000000000000000000000000000000000000000000000000000000000000100000000100101113200
0002101000001000000000000000000000000000000000000000000000000000000000000000001000000001000101123100
0002010100001000000000000000000000000000000000000000000000000000000000000000010000000001001010214000
0001110100000100000000000000000000000000000000000000000000000000000000000000100000000010001011123000
0001110100000010000000000000000000000000000000000000000000000000000000000001000000000100010011123000
0001110010000001000000000000000000000000000000000000000000000000000000000010000000001000010101222000
0000201010000001000000000000000000000000000000000000000000000000000000000100000000001000100111131000
0000111001000000100000000000000000000000000000000000000000000000000000001000000000010000101011221000
0000111001000000010000000000000000000000000000000000000000000000000000010000000000100001001101230000
0000110100100000010000000000000000000000000000000000000000000000000000100000000000100001010111220000
0000110100100000001000000000000000000000000000000000000000000000000001000000000001000010010111220000
0000011100010000000100000000000000000000000000000000000000000000000010000000000010000100101012210000
0000011010010000000010000000000000000000000000000000000000000000000100000000000100000100101111210000
0000011010001000000001000000000000000000000000000000000000000000001000000000001000001001010112200000
0000010101001000000000100000000000000000000000000000000000000000010000000000010000010001011021200000
0000001101000100000000100000000000000000000000000000000000000000100000000000010000010010101112100000
0000001101000010000000010000000000000000000000000000000000000001000000000000100000100100101121100000
0000001010100010000000001000000000000000000000000000000000000010000000000001000001000101011112000000
0000000110100001000000000100000000000000000000000000000000000100000000000010000010001001011121000000
0000000101010000100000000010000000000000000000000000000000001000000000000100000100010010111111000000
0000000101001000100000000001100000000000000000000000000000010000000000011000001000010101011120000000
0000000010101000010000000000010000000000000000000000000000100000000000100000010000100101111110000000
0000000010100100001000000000001000000000000000000000000001000000000001000000100001001010111200000000
0000000001010010000100000000000100000000000000000000000010000000000010000001000010010101111100000000
0000000001001001000011000000000011000000000000000000000100000000001100000110001100101011012000000000
0000000000101000100000100000000000110000000000000000001000000000110000001000010011010101111000000000
0000000000010110011000011000000000001000000000000000010000000001000000110001100101101111110000000000
0000000000001101000110000110000000000111000000000000100000001110000111000110111110111122100000000000
0000000000000011111001110001111000000000111000000001000001110000111001111111111112122210000000000000
11111111111111112223333344444445555555555556666666@@@@@@@@@@@@@@999998888777666554432111111111111111
0000000000000000112222333333444444444555555555555600000000000000000000000000000000000000000000000000
0000000000000011110111000111000000111000000000000100000000000000000000000000000000000000000000000000
0000000000001111011000111000000111000000000000001000000000000000000000000000000000000000000000000000
0000000000010100100001000000011000000000000000010000000000000000000000000000000000000000000000000000
0000000000101001000110000000100000000000000000100000000000000000000000000000000000000000000000000000
0000000001010010001000000011000000000000000001000000000000000000000000000000000000000000000000000000
0000000001100100010000000100000000000000000010000000000000000000000000000000000000000000000000000000
0000000010101000100000001000000000000000000100000000000000000000000000000000000000000000000000000000
0000000011010001000000010000000000000000001000000000000000000000000000000000000000000000000000000000
0000000101010010000000100000000000000000010000000000000000000000000000000000000000000000000000000000
0000000110100010000001000000000000000000100000000000000000000000000000000000000000000000000000000000
0000001010100100000010000000000000000001000000000000000000000000000000000000000000000000000000000000
0000001101001000000100000000000000000010000000000000000000000000000000000000000000000000000000000000
0000001101001000001000000000000000000100000000000000000000000000000000000000000000000000000000000000
0000010110010000010000000000000000001000000000000000000000000000000000000000000000000000000000000000
0000011010010000100000000000000000010000000000000000000000000000000000000000000000000000000000000000
0000011100100000100000000000000000100000000000000000000000000000000000000000000000000000000000000000
0000011100100001000000000000000001000000000000000000000000000000000000000000000000000000000000000000
0000110101000010000000000000000010000000000000000000000000000000000000000000000000000000000000000000
0000111001000010000000000000000100000000000000000000000000000000000000000000000000000000000000000000
0000111010000100000000000000001000000000000000000000000000000000000000000000000000000000000000000000
0000111010001000000000000000010000000000000000000000000000000000000000000000000000000000000000000000
0000210010001000000000000000100000000000000000000000000000000000000000000000000000000000000000000000
0001110100010000000000000001000000000000000000000000000000000000000000000000000000000000000000000000
0001110100010000000000000010000000000000000000000000000000000000000000000000000000000000000000000000
0001111000100000000000000100000000000000000000000000000000000000000000000000000000000000000000000000
0002101000100000000000001000000000000000000000000000000000000000000000000000000000000000000000000000
0002101001000000000000010000000000000000000000000000000000000000000000000000000000000000000000000000
0002110001000000000000100000000000000000000000000000000000000000000000000000000000000000000000000000
0011110010000000000001000000000000000000000000000000000000000000000000000000000000000000000000000000
0012010010000000000010000000000000000000000000000000000000000000000000000000000000000000000000000000
0012010100000000000100000000000000000000000000000000000000000000000000000000000000000000000000000000
0021100100000000001000000000000000000000000000000000000000000000000000000000000000000000000000000000
0021101000000000010000000000000000000000000000000000000000000000000000000000000000000000000000000000
0021101000000000100000000000000000000000000000000000000000000000000000000000000000000000000000000000
0031001000000001000000000000000000000000000000000000000000000000000000000000000000000000000000000000
0121010000000010000000000000000000000000000000000000000000000000000000000000000000000000000000000000
0121010000000100000000000000000000000000000000000000000000000000000000000000000000000000000000000000
0121100000001000000000000000000000000000000000000000000000000000000000000000000000000000000000000000
0220100000010000000000000000000000000000000000000000000000000000000000000000000000000000000000000000
0220100000100000000000000000000000000000000000000000000000000000000000000000000000000000000000000000
0311000001000000000000000000000000000000000000000000000000000000000000000000000000000000000000000000
0311000010000000000000000000000000000000000000000000000000000000000000000000000000000000000000000000
0410000100000000000000000000000000000000000000000000000000000000000000000000000000000000000000000000
0410001000000000000000000000000000000000000000000000000000000000000000000000000000000000000000000000
1310010000000000000000000000000000000000000000000000000000000000000000000000000000000000000000000000
2300100000000000000000000000000000000000000000000000000000000000000000000000000000000000000000000000
3201000000000000000000000000000000000000000000000000000000000000000000000000000000000000000000000000
4110000000000000000000000000000000000000000000000000000000000000000000000000000000000000000000000000
6100000000000000000000000000000000000000000000000000000000000000000000000000000000000000000000000000
