100 200
1117 527
3205 142
4582 -3117
-4287 -2929
4752 2943
-1430 4246
1463 2757
-1393 -64
-2907 3178
-4667 -4545
-2901 -2109
-4681 -1321
2362 2772
2873 82
-4323 206
-3108 -4426
4606 3715
-514 1187
-3118 4521
-3350 -3020
2564 -1463
-4885 1381
-791 -4347
2331 2659
2496 3194
-1519 1203
4921 1920
389 4835
-542 -3923
-2732 -455
3409 -1385
-2673 -301
60 -1033
2463 -4969
2213 3512
-4532 -3456
2188 -1760
519 -170
-2544 -1010
3033 2235
-282 -2830
-555 -168
-2046 -2168
905 1196
2713 2623
-2529 -2373
-236 2272
978 3631
-3875 1976
-4578 -2747
413 -1628
3461 -2855
2507 -1417
-3583 2133
4584 276
3016 -506
-3274 -3402
-947 163
-4497 1436
-3871 2624
3217 -1508
2677 2399
-1205 2369
4584 728
-1247 1058
-4091 4268
-1945 -2998
2426 -2512
-3739 -1740
2016 771
3903 2212
-3704 219
-2321 1707
-2699 -387
777 -2415
1520 1093
-3628 2110
1121 -1300
-1781 -4994
-1157 -1846
2104 -2491
-1331 -3036
-4085 119
-831 1304
4085 -3385
159 -57
4247 249
-3777 973
92 -1924
2544 4077
4610 -4160
-518 -357
2176 -1013
2395 -3849
-3740 4995
2288 -1045
1958 -1532
1084 -3155
-1056 3175
2504 -2441
1036 4630
-4110 -174
3071 2632
-4389 -2568
4489 -4255
3176 329
1687 -1352
2616 -1160
-1996 -1053
2261 -324
1002 2153
-2330 -3356
1623 2280
1113 4675
-1262 782
2758 3154
-4370 -1591
-2482 3345
2046 2950
-637 -4785
-3436 828
1833 910
-742 2017
-526 -4276
3895 -4128
-33 2521
2227 103
829 2276
344 -3645
-2265 1622
-1493 3634
3771 -1866
1373 -4834
185 -4559
-4848 -4815
-399 3210
1838 -377
2068 1523
-1637 -1313
2808 -4731
333 -70
-1938 1765
-4236 -2427
2072 4033
4209 -2467
3883 2896
550 -2063
-2603 3390
795 1711
1923 4840
-720 1262
3288 -591
2817 -4776
-2445 923
-2449 3805
327 4337
-1472 2319
4708 -3655
336 2195
53 -701
-443 4938
1885 3895
-3778 -2676
510 869
1986 -4563
2227 -1681
-2679 1094
2361 -764
-1347 -3369
3765 3311
-899 3100
-2056 -1867
3204 2497
-1506 -2431
-3096 -3197
-1853 -756
-1110 -4651
1408 -1152
-1594 -2715
4500 -3727
-2376 -2197
3113 -2530
3766 -4864
-3647 -3622
-2701 362
2164 3228
-2258 3555
-4472 -841
-2121 -2077
-4245 2135
514 -1766
3326 -4097
-722 1053
-109 1956
-3516 2092
-2720 4267
-3488 326
2686 -2024
2801 -570
-2478 -3889
167 4565
-3097 2946
1875 -3418
-4840 -1329
2649 -3709
382 -2352
4639 -1377
-2459 1756
3265 210
-4512 1033
3806 4215
-2213 -3815
-2390 3061
1202 1371
-1099 3155
-1522 1138
-711 -4370
3999 2360
-2705 3695
1883 631
4471 266
-3862 640
-1971 -796
1594 1807
2284 -283
2507 3654
-2336 -3746
2980 235
-3432 -4407
-365 -688
-73 -1323
2310 -89
-3026 -2704
3033 1382
3408 4684
-3049 -1834
-54 4723
1474 -2918
4057 -3388
1517 -1835
2560 562
-652 -4209
1759 -4640
-2651 4200
4758 519
739 342
2723 4095
-4788 -2535
-2035 2270
1338 4832
1952 -1710
3586 2520
603 -3521
-3160 -4590
2559 1675
-2552 -2875
3519 -4307
-1053 2962
1175 157
4910 649
812 -563
2616 -837
1207 -1707
1610 -1250
4097 -3670
684 -167
-1777 -4622
-4774 4512
682 -3466
4502 2034
4188 718
-4991 -1254
-1304 374
1707 3866
-154 168
3712 4639
4650 1432
4774 -1599
-3027 -1512
1792 4456
1459 4941
-3529 -4300
4788 4610
-3721 -1512
-2583 4803
856 -640
-2749 -639
-817 -1067
-855 -4950
948 -3467
530 -2263
2834 3918
4014 4061
-3299 2873
2383 276
2031 -653
47 2367
-581 -3663
-2286 618
-4626 -1223
0 0
