1000 2000
2685 344
-1196 -793
-824 -1958
4376 -3524
-1076 2098
-2964 -3765
1850 -4601
-2309 -2994
-4496 -3527
-1149 -2658
2335 32
3068 4397
4510 -2418
-1807 800
3449 -4499
-3925 2870
222 -2586
1723 212
-2728 4861
648 -3378
1539 -4723
3159 4856
3994 -878
-4318 3334
846 -1362
874 1121
-2778 -850
211 -1373
-4998 88
-4954 -4602
2684 -3004
4714 3089
-3395 -2350
3131 1256
-276 -4871
-1405 -4048
-3802 -1822
4978 -3721
-2488 4539
-3635 2038
-1416 -3959
1340 -3607
379 -4798
-2433 1071
-1088 1854
2105 -1942
-806 4870
-2008 944
-3301 -1544
3000 1146
-1803 4673
2216 -938
-1549 3868
2095 -2105
-805 2497
0 -1645
2042 3475
-137 -4251
-2450 -2365
1592 -2949
-1470 -3873
-896 4477
-3144 2663
-532 3831
-444 1413
3520 382
1731 1032
-3442 2452
1006 -2177
-3781 2989
630 1358
3487 2448
-3918 4023
1955 2033
3106 1870
-124 -4999
3469 -2026
-623 -4881
-1590 1001
-2763 -4399
-1259 1124
2082 -1101
4875 2607
3514 -2429
-320 -2616
-233 -892
1965 -3226
1783 3089
-1323 -860
3256 -2669
-569 -300
-1816 779
-2138 -4996
-296 4831
473 -1370
-3403 1493
-4850 -3452
-3242 -3690
-1679 312
107 -3618
1845 3727
-3026 -1071
-1838 3961
1814 3843
4980 1247
-3737 4470
-1191 2195
-1 4466
57 575
2671 4965
1046 -4067
-4791 -4433
2339 4837
4276 4654
2041 1722
-712 -586
-2626 -3680
-2509 3631
-2236 2478
-1102 1744
3901 -1186
-444 1012
-2193 -4901
-1440 -322
4814 -493
1521 -2008
-475 960
771 631
4339 -2323
501 3637
917 -2273
3221 -3678
2090 -108
2490 -1238
4150 3498
-4348 -1516
-2824 3952
-473 -4257
4159 -3266
1403 -4629
-1993 -3700
-2493 4628
-786 -2046
1179 675
-4016 126
3411 -1623
2881 1677
-923 -1060
3715 3890
3268 2607
-704 -412
3417 4087
939 2498
4613 -2327
-3848 -1604
-2592 149
3814 -4159
-254 3448
2326 -1627
-2805 -4194
-4273 1946
-1421 -352
-453 1040
-2675 -3161
310 4445
2351 -2937
35 -3020
-3832 3096
-202 -3398
2016 -2472
4512 -2743
-3670 -934
4420 -3381
-2427 3008
-2497 4418
-2390 -327
971 1448
-2852 -3375
-653 1545
2521 -4613
1232 -1167
-2903 998
-3183 349
-3070 3253
3402 -181
-3059 1742
-3217 1769
850 2938
2213 -3559
-4605 -3538
-181 -4942
-3084 -596
-4117 1828
-3688 2126
3164 3838
-3398 -3701
574 2442
-4201 -3868
4968 90
-3299 -3321
-4483 4694
4315 -1047
4222 -443
1108 148
4479 640
42 -1317
3292 4553
-4535 -1963
1721 1
2295 359
2468 2628
4675 702
3115 -1770
-3712 -4603
-1550 2087
-4143 3559
-4402 2850
3026 -1000
1173 -2172
1751 951
603 2790
623 -4119
-4107 3485
2141 -552
-348 -2056
-4175 -2836
-47 -1659
3309 4682
2768 -1310
-2961 3810
-3877 -4
-1923 -1679
2859 -2424
2641 4411
-3041 -3736
1467 4283
1761 -2082
879 -2279
-2941 2276
-478 -4213
-3918 -3468
119 2759
2665 1267
1325 -2652
3526 314
772 1841
500 15
-3243 -1682
2848 -1085
2643 4403
262 2426
-4968 -2935
3124 -1778
4035 1948
-2304 -2780
1547 -2594
469 1874
1356 -3019
-2354 -1787
3086 1388
2908 554
556 1283
-989 -1836
3922 -4989
-3482 1254
4154 1371
-3986 -345
-2152 -3988
-1451 1274
156 1496
2697 -997
3685 -4705
-4347 4154
1658 -2966
61 1654
4294 -3878
-2090 -2715
-1584 3623
-2239 54
1647 -2350
1798 3407
4165 -112
4774 -2529
2984 1939
-2220 742
-4002 4116
-4056 3734
-4405 -3991
671 -1033
4570 -2270
3835 1379
271 3059
3449 770
-3571 905
-2210 3170
-4029 -546
-2333 1209
2267 -1808
4618 4473
719 -3432
-3855 -401
-2635 4493
-2176 -3535
-3703 -898
-3912 1155
3034 4236
4792 -1353
-3240 3959
3312 -1881
335 -895
3832 1639
3311 -3706
728 2598
-123 2187
-4477 3739
578 1832
-3249 -4163
3958 -1138
-4764 -2780
1838 -2941
1810 1152
-128 -2686
-3718 2833
3210 1384
3602 258
-4363 4000
-4423 3511
-618 -2123
4274 -4792
1965 1934
-3750 730
-4118 1686
-4816 677
-3268 2130
4099 -483
-4546 -2274
-2587 3813
762 1071
-2676 581
-1431 1755
-1315 1384
-3795 -467
1429 533
611 1422
-133 -3548
1287 643
3730 3686
780 -3591
-3296 -714
-2253 -2505
4366 1400
240 -756
4963 -243
-280 3197
3234 -2547
-427 913
-359 936
-4622 -1315
4766 422
-1948 -2151
1408 -3885
-4889 -3828
4951 -3472
-207 -585
-4056 3987
2525 -1436
-2470 -1046
4314 -2522
4337 -795
-2929 -2287
-1236 2081
1540 2171
-4795 -1949
-428 -3156
2698 1643
3803 451
1707 1438
4443 -4984
1337 4261
-141 -3444
-893 -26
4898 3973
-3364 2341
-1516 -4050
1048 -1684
-63 215
3734 2814
1661 -3128
-4779 -1469
4378 -2327
-2668 683
-78 -3913
1560 4706
-4240 -1193
-4362 868
4869 -2067
-1339 3523
4369 4505
-1211 4319
-3587 -1729
-3435 -1975
-4793 -4383
1169 -3127
4788 -2551
-3417 4304
3170 1481
-474 1827
-155 -1145
1314 3340
-4762 3302
1312 -283
2708 2196
540 2706
-4041 2712
167 1269
-2713 3073
1136 -4617
-4977 -1607
-2066 1998
1726 2974
1687 -4610
-1795 -3908
-4849 -566
2298 -3725
4948 2479
-4524 -120
4413 -3541
4800 3357
3838 604
2562 -4971
3526 -3279
976 1438
-890 -2608
4751 -4672
-2135 599
26 -2776
-625 4358
4229 210
3853 2710
-2284 -2024
-3362 74
4729 -461
-2029 4428
-1854 94
3009 1017
-200 -3600
-1787 -2622
-4291 -3167
-3240 -2656
3467 753
-2592 -3593
-2724 -769
-1613 3296
4580 -706
309 2988
-2842 -3130
-166 4469
-1363 -616
-1120 2539
-133 -2443
2561 -3317
3379 -2609
2677 1642
-1771 -2462
2606 3663
-3070 4297
3752 3626
-3112 -3660
3301 3268
-210 3924
-2010 3497
3722 2840
-1171 4497
4449 1626
-2717 -4306
4240 1677
4258 -14
-1065 3812
-527 642
-3530 1583
233 1233
3063 1128
-4536 -1420
-3607 -234
2987 -3721
-1309 670
-4584 1644
-3535 -1081
2835 2059
-2245 -4925
-1546 -2321
2248 -4031
-3188 -3832
4393 -1163
2780 1755
4713 4174
3619 -4753
-70 4694
-4378 3864
-1768 2654
1550 -261
2016 -4538
4922 3783
-3188 -31
2550 -2780
1714 -867
-2814 -3438
3612 842
-1918 -953
4822 -2382
-1596 4632
1259 -2373
4954 -2462
-3783 1974
-2545 4998
3043 629
1779 3426
-1496 -540
3915 2497
-2519 3869
-764 -4208
-1218 288
4674 2600
1336 -4596
-225 -775
-216 4414
-3711 -270
-1406 3801
4962 -4581
4207 1217
2471 -427
-4543 4857
1096 -1054
3505 -2580
-1369 -3633
3890 -4810
-3714 -577
4942 1110
-2100 -1368
-1250 1770
4638 4804
3189 2199
-4469 -674
-3950 -973
-4274 3020
-4737 2186
1096 -1097
2387 -2397
-1 1698
79 -1433
399 2253
-1920 1381
3300 -1815
-3572 1744
1518 2985
-952 1867
-3842 4597
-4350 4788
1882 1052
4978 1542
-3994 -4873
-2198 -1094
-4193 2177
3818 283
3012 -4662
2604 -39
4399 65
-4873 1450
2657 -4337
-1039 3904
2237 4872
-2672 -3261
758 3842
-664 1455
-2237 3918
-3591 1419
-933 3520
-2224 4904
-3230 3107
-3901 4025
2133 -1261
2878 2370
921 40
2058 -2857
-1414 -3459
-530 -2632
-4289 2291
-4863 -1639
2497 2413
-4678 4051
4775 -3166
1224 2999
2994 -4190
1651 957
-31 -920
-2266 2721
2779 -4544
-1280 -1367
-873 2519
-728 -3371
-1264 -3310
325 -1028
-4084 2429
-2491 3935
264 -4462
3450 -3376
-1295 -362
2813 -177
3520 -3224
1883 -4667
-2153 2806
-2328 -1411
2236 -4310
-4922 4535
3307 220
4449 680
-1745 -4241
-3936 4101
-2958 4561
2508 2707
-2525 -2996
4676 -2462
-2963 -3378
2252 2065
-652 2207
4899 -3466
2435 -3528
-3900 227
602 746
-2370 2174
1645 3016
-1030 1352
-3646 2259
2623 688
-2127 -4553
3267 -4734
4275 4877
-4076 4091
-1034 2557
-4043 -3541
-30 -4766
1575 -1453
991 -1610
-2266 3169
4240 1
-1112 -4172
-2530 -4794
-3167 3168
-4613 1153
-938 -4294
-1325 -2763
2529 -4646
2230 -289
-2557 -365
-2099 1217
-4139 -1263
-4009 -4827
213 -1420
4134 2148
-2394 2941
1720 365
-3199 330
3025 -4706
-3933 -3200
2417 3942
1795 4162
577 -2130
-309 4172
1527 -4738
2658 3198
-3522 -3594
2071 -1444
1952 -1141
2021 -2689
-3522 -1740
-640 621
2269 -1756
-4143 1929
-4281 -1734
2652 -4752
3293 1256
1319 590
-2541 3973
341 -2811
670 1701
526 1596
4073 -4519
-1961 -3069
1651 4487
-908 1630
-236 -1683
-3958 893
-3282 4001
693 1667
-3108 359
-3071 2525
-783 -2061
1442 3047
337 -3736
-1697 3442
-1322 1326
384 4061
-3195 -4618
-1773 -3834
-4034 -2051
4880 -114
-1498 1636
3386 2603
949 -1076
2188 1242
3074 -3656
2521 4836
-4176 639
1010 -392
4245 -2552
174 -2648
-217 -3222
-692 -648
52 1152
-1726 2289
3178 1669
-2818 -375
-1902 4414
-4387 1819
1843 4683
-3922 1381
-259 -705
-2251 4261
4745 -2105
-1862 -2643
-2378 2623
2369 3022
625 1748
1966 -4620
3455 -3033
-2341 -23
1790 -4053
3614 -2157
-4506 1373
3717 -2615
-4276 -4704
4050 2708
-2421 2868
-457 4937
-2312 2722
-3063 3883
4195 2176
658 1050
-47 4196
2969 1325
-1565 -343
4870 -4
-4147 2789
-412 3723
2300 -84
-3744 -1024
-687 1591
-2648 -887
1243 -3924
-135 1737
3004 -2294
-3256 1274
-2634 -2815
2210 -2170
817 2060
1725 2253
-1806 4735
-4932 -876
2789 2253
-1203 3880
430 -3229
2644 -2340
3166 -1829
2892 3621
614 563
4618 1455
4762 2584
3849 2612
-2904 -2681
133 -2635
-4730 1470
-206 -3760
233 4921
256 2591
3707 1281
-3814 110
236 -2851
-1056 -1051
-2370 2872
1844 -3239
4562 382
-4933 -3513
4320 4337
-4276 965
-713 1242
516 -4433
1564 -2536
741 3986
1358 1168
1940 -997
-3768 -4961
3435 -371
1145 -3612
-3844 -1641
1286 -1268
753 -2565
-2796 4265
1755 1010
4399 -223
-2251 882
-2329 -495
1968 -2930
3844 -2806
2488 939
-4814 -3814
-3699 -2220
-175 756
-3065 -2181
4789 4107
1008 -534
1896 -1551
-4867 -3711
-3334 407
916 -332
-4346 633
2448 2389
-1808 -46
-2340 4532
4351 -4356
2171 1909
2164 468
1855 -917
3603 4059
-1731 3471
645 854
-751 4462
-148 1347
-4424 1580
-3661 3733
3391 -1252
-4252 1141
1208 -2518
-4107 -4370
-133 442
-1885 3843
3488 -1808
2070 816
-375 -3753
-3335 -2187
-2811 -3467
4168 -2741
1439 -2787
4121 2838
-3645 -2455
-1359 -4324
-3953 -133
920 -1870
-1486 -882
4299 -4836
-2993 1430
154 -423
-3440 -2815
-973 1367
-4198 716
911 3460
-2904 -1652
-2577 -4319
1242 -1188
695 -3618
-3477 -4726
1278 -3543
-4306 -3849
62 3612
-1324 2715
-2700 -4318
3185 -4929
-4831 598
277 4509
-988 -2884
-3087 -530
-3632 4854
3014 4404
2224 4364
-3788 -4359
3536 -2045
3522 -3928
-3999 -146
-4506 916
1290 -132
-4944 141
3540 -1796
229 -809
-255 345
-2844 -1376
-134 -57
-2511 4957
-994 4600
2076 -424
-4235 4079
1089 -75
-1974 3009
-718 -2665
-132 481
3884 -1146
1012 -2962
1798 -3789
3300 -4455
2238 3676
-2954 -3852
693 -2046
3804 -2861
226 -2472
1069 2893
-3505 -4133
-1242 -2717
3588 2786
-3090 -4065
-1171 916
-997 3560
-4011 -293
-4491 3206
-1943 -2319
-2119 2713
2617 4776
4013 -51
-4783 498
2423 2429
-1343 366
3890 -1145
-953 2657
-3933 -236
2690 -196
-1253 2025
1383 3995
4854 -2798
-2460 4455
4999 -3010
4724 4740
1492 -185
3619 1915
1059 1509
-1756 -4044
4214 -498
2314 -3081
3215 4372
1049 -556
-160 4794
-566 -927
-1144 1937
3969 2446
2956 -2822
1287 3997
212 2630
3661 -4993
-4370 -2551
-1609 -3007
4270 4123
-4671 347
4571 -1969
4394 829
-2973 433
2837 1091
-4853 -224
206 1753
2763 -1342
-2488 -3291
4190 4196
-4084 330
1466 -2425
-578 22
-4028 4612
-4491 -3802
99 2833
-2579 3125
-1701 2200
1928 -1632
-4131 -4030
-3257 -4433
-1885 -4602
2531 -4866
2149 -3035
-4554 158
-1460 3673
-2532 230
231 2570
3488 4245
1751 -903
-3981 4309
2566 -4858
716 -3200
4627 1732
-1556 3366
-4338 -810
2576 4191
-3442 -2716
3367 -1813
3296 -4613
4818 -29
1355 -1982
3251 1439
3210 4248
990 -3456
-2351 394
2985 1503
2953 4224
-991 -942
4715 -4588
-866 4645
3031 1419
-4401 4381
3118 140
-110 -379
-1964 671
-113 496
2109 1400
-1742 1341
-1092 211
-57 4193
-1824 -4911
3522 2663
2003 4639
-1449 -2620
1667 -2887
-1478 -4053
3126 3437
-2992 4892
897 4407
2790 -1556
-2804 4745
-1768 -875
-4338 -2974
4083 -1854
-3300 -3376
2970 -634
4558 4766
3341 -817
4615 545
-4600 -3841
3035 4321
625 -1630
-55 4315
-3088 3564
1589 -4586
2060 -2986
-3453 4176
-647 4659
-3986 -3083
336 4574
-1590 -1699
1532 -1870
4119 -3592
3791 3277
-2956 -3587
-4726 -3679
-4164 -840
1625 -4701
-846 2756
-192 -2434
-3879 -4979
-4712 -3399
-4747 2140
-4225 -1822
2573 4183
-1440 4030
2380 1293
2657 1940
2169 -4704
1395 4782
-3403 237
-4094 -2555
4056 1921
-4968 -166
3413 930
2561 -3864
-2218 -4221
-1554 -4561
-3188 2879
-3348 -3587
-1093 -2201
-1353 -707
41 -2027
-1830 1633
-3614 409
-103 468
3829 -752
1897 2379
-1337 -2920
-652 4724
195 812
4885 -4168
-2139 -2427
-817 -716
2512 -1335
3871 -2388
4010 -122
-2245 3692
4989 4629
-3582 3921
3703 2326
4800 -4155
-2757 -1873
2070 4362
114 1832
-1762 4802
2109 3023
2320 -1729
3779 -3226
2615 4474
-2631 -734
655 -91
-3943 -4550
1719 4793
4554 1548
-3501 385
-310 3624
406 -535
485 -282
-677 -3357
3369 -2889
3191 1910
-276 -1835
1706 373
-272 -2108
-381 3481
-1417 3907
2663 2196
-1332 4734
-1026 575
3872 -4394
4996 -1026
442 1782
-639 -265
2042 -1759
2981 4599
-4603 1115
-1310 2336
-3110 658
-829 -2890
-199 -2275
-2383 2969
-3521 -4270
1602 -2511
-336 -2084
-3032 -1885
2461 -4646
-4802 -2009
-3038 4579
4691 4216
-2560 -4995
3654 352
-4814 -4666
-124 -3259
-1442 -4918
600 -3256
3632 2006
3875 4353
-2044 -1237
1322 -1199
2329 2421
1076 4770
3290 -1393
-1169 2594
2044 -2006
4347 1439
3939 -3381
584 -105
-3744 3076
2712 2597
1106 -4990
4619 -1425
4524 4559
1289 -3148
2437 -2623
-3578 -2496
-831 2694
-3982 1857
4351 2533
291 3787
-337 -3394
-1758 -4797
-2266 -4291
1506 2703
1664 489
-3344 -887
-4838 4350
-1927 3185
91 -1052
-3323 3049
311 -1747
3358 4208
-1828 2470
-223 835
2734 -3760
3367 -85
-3146 -3502
-2202 1388
3648 4125
4994 3857
1517 89
-183 4668
920 1181
4002 -4819
-4612 2622
1572 -3054
3886 4842
4039 2122
1567 -449
10 1987
1197 -4139
469 657
-1900 654
-2018 -2744
-2667 -1340
-4679 -1336
2984 -3216
-3369 -3256
-4031 4091
2123 -1562
-1454 3574
-4490 4519
832 4330
1937 2927
-2915 3082
2968 -4399
-2762 2147
4364 3522
2215 -3141
1846 3262
-35 -740
-193 -229
2799 -3599
-1981 4356
-4388 1014
1804 3846
-1090 -516
1823 -3222
129 -2900
688 -4857
1720 3328
4912 -4347
4671 551
2395 2842
1732 -1898
-2425 -2640
-4558 -265
-1321 -3211
2275 -3290
4058 2986
-4312 569
-2453 -448
-2330 -627
-4070 -4678
517 -1306
-4807 -4999
-2017 3947
-3973 -4011
-2307 3819
3216 1265
4784 -4526
-1979 1808
80 975
-2584 -1589
4816 949
-854 2013
-2104 -4101
-3034 3706
998 -2245
-3873 395
1440 4279
-4773 -189
2669 -3237
-3162 -998
-2541 -2926
-3983 3753
-510 3572
2745 2476
4814 -3338
1611 -2971
-4078 3851
-334 4643
-2383 1008
1261 -297
-4317 1281
-3121 1443
-3504 -4395
1537 3828
-1888 -952
-2872 -3180
1154 -4591
2257 4070
841 -1607
2563 651
-111 1484
4318 -4144
-4299 169
4154 344
4233 -405
-1798 3928
-2736 -2103
4610 173
-620 472
4448 -3373
-4053 3292
-2647 4983
3567 3968
-115 3784
84 -2258
-3418 -2654
2066 1843
-4089 -1456
3879 -4300
-4035 -225
3955 -3600
-2394 -3999
666 -1511
-4005 -3895
2337 4693
4970 3966
3369 -518
2558 -1371
1160 541
78 3753
-3395 4126
1742 105
4309 -925
-3568 1303
-2690 811
-1563 2220
-4859 1034
-689 1520
3333 1038
-1250 4632
-2895 -3448
-1607 1160
1893 -128
-1208 1170
-1359 648
-3540 -1875
2318 157
4858 2309
-2008 -4843
450 -2482
-15 -3534
2560 -4482
-3882 4322
3662 -2694
868 -2736
4925 -2422
-1636 3773
399 -1052
-1388 -3734
2026 -4522
-1962 -4873
-3162 831
-1456 -3545
-2838 4986
-2413 924
4409 4873
-4460 2749
-2860 -1507
-4491 -2862
4484 -853
-4840 1782
-3307 -3751
-318 2980
-4338 1862
-40 -214
-432 -2434
272 223
-2573 4575
-4599 2043
1340 1112
-2129 -3222
-3515 4966
2271 -108
1466 -4110
-4952 1744
4563 2039
-4975 3751
4640 -3005
1965 1658
-1051 -904
-2031 3152
3979 2766
-775 175
-423 2335
3686 -2748
1078 2426
3615 -4094
-1059 -4569
637 1798
473 -4196
4909 -4370
3624 2938
-661 1023
-1441 -734
4401 2620
-1272 -2123
-968 -4542
-512 4418
-1684 2306
-994 1352
-739 -881
3099 -1274
1785 -13
2977 4554
3277 2066
2415 -389
1525 -2154
-1191 -4005
2669 -3205
742 -3835
-2092 968
3269 -669
-4843 -558
910 -4955
-427 4606
-2474 -375
-63 -713
1707 -316
-3760 -2591
-3917 -1605
-2488 2521
-977 4401
-2090 -2154
-2346 306
3415 -1242
1764 -2492
1084 3554
-750 -3144
-2266 1267
-4938 34
-4798 -4173
-2731 4907
4858 4407
-4173 -849
4928 3981
1896 405
363 4232
-1824 -2091
-3518 -3175
3573 153
4440 748
-1217 -4619
-1349 947
2855 -3012
3789 2794
4676 3826
1663 -1937
-2577 -3802
-3612 -961
-1457 1961
-418 -3854
2554 3547
-3948 1046
-934 -4054
4387 1552
3831 -2248
-3797 -3104
-3677 2193
2404 1890
3384 2771
4746 -3642
4817 -1411
-3758 1846
3450 -2262
4493 1050
-855 3239
-2081 -3308
3543 4914
-3979 -4396
-139 2334
1318 714
23 -1507
2399 -1718
-428 1238
4657 270
-647 -373
-2311 2042
1803 -4598
-3879 3725
-1177 -4496
3630 -485
-2335 208
-1662 2967
1058 2849
1433 -2126
-2123 1332
-161 3749
1057 -1314
-1909 2078
168 -255
4191 4576
-2903 3724
-884 -2545
4613 -2060
-48 -3636
-747 -3800
2125 -4881
1920 -3503
-2885 -2409
1852 -3437
-1811 -3825
2239 2573
-1794 2188
-1373 -4194
344 3204
4493 4441
4702 -137
1876 2844
1204 4
-1192 -1349
1928 1119
-586 -1244
4066 3056
-2946 -1057
-1898 1671
-4407 -1746
4431 698
-952 -1507
-4306 3490
-4806 1234
1360 -1521
4460 -396
-4252 2214
1477 -241
568 1673
2947 -2560
-1644 3137
2174 -1681
3681 -1570
-2425 -3097
4924 510
-288 -2272
560 -463
-950 4261
411 -2618
4466 -4495
4115 3267
810 -2379
-3806 -4293
2318 -1912
-482 -3706
-2498 2851
-3270 -1066
324 2746
2225 4153
1901 4059
-4325 1821
-3236 -483
1737 -2791
-2202 216
-371 4695
4374 -3951
493 630
-1101 2044
163 1872
-1950 679
-179 -671
-3725 -4251
-2698 -3511
805 1602
-2633 1351
-601 2722
116 -3556
4274 2498
2900 -4316
-1681 -3207
2599 -1299
2552 -2560
1916 2980
-3011 3145
-4520 1658
663 468
-1040 138
311 -4503
-2845 -2170
1438 -2347
-4928 2258
-75 642
-626 1554
-2905 2010
-3732 -2090
-3717 1957
-4122 -1045
4313 4132
2487 -3774
-2961 -4021
4622 -106
4087 3856
-1104 -3241
4318 -1354
-3224 4122
151 855
3985 -4380
-4134 313
-1862 -3625
2263 4480
1355 3834
-2336 1136
1149 -2369
3134 -4289
4618 -3574
-1999 931
-1838 2254
298 -3429
-2677 3183
-4419 108
-875 3254
-3291 4858
2321 4596
-3319 779
-648 394
-3656 4534
-2521 -1067
-1089 -351
-4454 -1644
3625 4634
-2831 -1062
1601 -3219
720 4716
-2080 2042
1433 -873
-4623 -3157
1211 -70
-3060 -4010
-2758 -2844
-4058 1943
1422 4073
-4706 4620
-1232 -4766
-390 -2357
4471 -2446
-2985 -3524
-3920 69
641 -3744
-593 -4470
3329 2268
4171 2312
2896 4040
-1836 -1747
-531 4758
-3251 -1018
874 1372
-2096 2064
-3189 -2872
1676 4845
-2346 -2482
-3079 -1720
-872 2675
-2494 1227
-219 4089
4774 -323
4255 1185
3000 3237
1648 3797
-196 -3186
4939 -161
4062 -1131
4399 3604
-296 -1081
-4816 -992
4988 -4024
-3094 3865
3309 -3440
862 -4229
3453 -4429
-1162 -2427
4260 -4168
-4112 534
1154 2455
-1613 -3697
-284 -3719
-2255 4576
4507 -3373
-327 1952
-220 -2697
-1346 -1112
2330 1465
-2637 -4107
-4213 227
1166 -2844
-85 -2842
-1431 -377
-1864 -4170
-520 -1763
1406 348
4526 3521
-3178 -512
261 -4031
4901 3476
-2872 2817
331 -1291
-739 -3306
-2817 -192
-2171 2364
1065 259
2521 -2685
-2498 2600
-1032 4324
-2042 -3374
3450 -745
2321 -598
49 -4631
-546 4019
-431 -3827
-4565 4954
4018 2488
2502 -3330
-4799 -4228
388 -1324
1075 -979
-4264 4621
-1085 -1430
4581 -4791
55 4996
-2494 4758
-3015 -1030
-2983 -1017
-71 -1601
1922 -2701
-3316 -3510
4060 -3690
-3547 -3547
-1425 2471
-4320 -2498
157 949
1506 -1477
4100 4594
-3675 326
2910 1648
-4833 4747
-3759 3311
-3855 -958
4429 2615
3046 -3015
3593 4182
-1710 3864
3371 410
3942 1203
-3328 3364
-1737 -1580
4584 3235
-4670 2876
-1519 3624
-4305 -3187
-4233 1085
-3253 -472
-4757 1382
2466 -4212
3063 -2252
3601 -3003
458 -2965
959 -127
-8 -1865
-3562 -1460
-2053 3279
-1267 -162
-3345 -3100
3219 -1637
2055 -1348
-1588 -2667
-1406 -3162
4641 3693
-4334 -3963
4066 1045
-2740 -1958
-4968 1989
-794 -1668
-2112 2226
-3536 1281
3874 2384
-3712 -3965
3443 -39
1755 1588
-4519 2976
4168 3954
4287 -998
2125 531
-3119 -1945
-321 -3221
-755 -4460
-4045 -1864
-3570 1876
3796 -4263
-1878 -1244
-4377 -2041
-1794 -1922
508 1059
4165 -1493
-2319 1254
-279 -3650
-1839 -2521
2034 1991
-1979 -1261
2983 439
3918 2509
2589 4762
3933 928
1457 4118
4529 -305
-1713 3914
-2510 498
-2043 4197
-949 1592
-4548 3826
-2849 2681
1010 2192
1689 -313
2244 -2721
-2992 2144
-267 -1255
-4570 989
3577 -2672
-4406 -2654
-242 -2598
-376 3516
-3188 -2236
-1345 -4156
-4750 -3149
-2818 -4592
4483 2522
2811 -3487
4548 3213
-452 4889
2869 -3112
-488 -2820
-519 -3502
122 805
-2321 -4145
1212 -1372
882 -2177
-717 -4033
664 -2527
4161 -1542
-4641 -3503
-3314 -1978
3422 1566
4748 773
835 -1439
-1007 -4920
-2802 -3367
-1211 186
931 909
3709 -4169
-35 326
-4311 1093
695 -2435
2269 -3641
4575 1314
1888 -4281
-1259 -2761
-1933 -1596
4270 2920
500 -3103
3332 3752
-2437 -3719
4337 1363
-3436 4059
2433 3431
-4842 2188
1205 3962
-177 3420
294 -3918
4978 2132
2768 -4851
-561 -4173
-4415 -1359
-4755 -2804
-3783 655
-2438 -1750
-1372 3101
3402 -2624
2183 2707
1164 -2602
-2229 2813
2640 -2286
-3526 1589
4062 -3580
-2572 3782
3006 -1053
3186 1433
3525 -1804
2846 30
2751 -2581
-4503 571
-1600 1160
-890 4653
-1919 1449
2909 -685
-1845 -3841
4458 662
1972 3917
-3746 508
4766 -4684
412 -1791
-4770 3272
4224 701
1848 -3638
3791 -2697
-4572 -2311
-2258 2313
-2042 -1565
-1876 -2381
1919 -378
938 -392
3473 -2194
4525 -506
-2431 450
39 3864
2966 4512
4541 2720
371 -2533
3954 -4432
-2512 3377
37 2235
623 -2071
2835 3993
3669 -4603
-2356 2301
1812 -2607
3422 -2984
-939 -2042
-2188 3292
-4112 2061
2439 -3483
-4375 4875
1008 -2328
-3926 -2623
1854 -2783
-4214 -284
-3906 4283
2889 -2415
2263 -691
-2034 -1599
-1565 2529
1545 3475
3223 -2273
1005 -457
-2242 565
1376 -1934
1782 3408
-604 3507
-1682 4100
474 2419
3037 4399
3730 3671
-3594 4897
1181 -3669
-1029 -2836
3288 -4136
2724 589
4622 1134
4389 927
167 4444
-305 -96
4920 4309
1218 429
-3117 -3982
-3790 -99
-3727 -1835
4982 4923
1839 4256
4888 4322
-1448 -2707
-285 3781
-407 1786
-638 4659
-414 2023
133 1546
-4682 -2346
1636 -1964
4789 -2380
2323 -2207
-4600 1309
2064 -1487
-2690 1436
-3244 -347
-1452 -3396
-3025 907
4353 2752
-84 -2668
4366 1782
1490 -1265
-2160 2526
3314 -4497
-1222 3923
-2433 384
87 2785
1201 -4095
-1767 -1162
-177 101
-2366 -2114
752 -1002
-2907 -129
4154 2912
-1076 2362
1013 -4956
-4868 1601
-3293 -4932
3972 2590
-590 -2549
4546 -3089
3241 4121
-3304 2006
-2910 3726
-1605 -1598
1410 -4767
3076 2092
-3094 1911
4894 -2367
1011 2813
801 3862
318 2831
4461 -1843
-265 -909
-1427 -2933
2002 1016
-1064 837
4462 3729
-4276 -3139
3463 -353
4891 2411
638 1068
-4681 140
-562 -2618
-4556 788
4771 4111
-3595 -3712
3368 -2596
-2519 3048
-2414 -3145
3565 -449
751 1546
3712 4628
-2116 -947
4456 2773
1635 4855
1475 661
-368 30
-1523 4715
-3931 -1570
2689 2957
-2663 637
2241 -4312
-1221 893
1886 -1412
-2774 4958
16 -1286
1875 1356
1725 -1427
4296 -4140
-205 -4033
-3138 -794
-2090 -2387
-2257 996
-1842 2688
-243 -1403
-2085 -1618
-168 -1644
-400 3331
-4401 -2031
448 -3672
-4257 2976
-1529 -2853
1128 -2534
-4956 3469
4416 -1105
4214 2936
-3054 -413
3728 2165
2961 2977
3044 -4799
2924 945
-866 2331
-357 -319
1749 -3575
3162 -4541
-3975 -1918
3012 -1604
1767 2694
-719 1852
-4407 2276
-2817 -2564
4203 2404
3343 795
4489 -72
-4164 1296
-1040 262
4183 -451
2966 3991
-43 272
3636 1325
3442 4466
-930 -545
-3140 4050
358 2294
95 4187
-1715 4263
543 3354
1212 -213
4758 -1104
544 -1994
-4108 -3728
-4556 -2176
-2434 3490
-975 1876
1804 -1652
4079 -750
-4094 4991
-2357 -4136
736 -1960
137 -1684
807 -2917
-3344 1663
4745 1665
-4895 4159
3258 -2896
-1711 2264
541 4402
4826 -2619
4255 3350
-3196 1725
-1401 -3512
470 4491
4867 3047
-79 1069
3871 -3823
2761 -2602
-4898 3839
1004 -1183
-1867 3591
102 -2290
2866 4139
3931 -2890
-3497 2042
3793 -1949
-3191 205
-4939 -3103
3184 -4055
-4030 -4868
-661 286
-797 -1808
3951 -3092
-1533 1785
-1406 -1314
-984 3833
-4571 2115
3227 -2286
673 -4892
-256 -2236
3717 1588
-2536 1165
-4106 -2877
3701 1281
-2634 3446
-795 -3748
-4612 -3892
1426 3248
2274 -1251
1400 3165
-3193 -477
-1089 2728
-1465 37
-4742 989
437 4866
2828 -4961
1763 159
-4034 -4646
-491 3153
-1837 4689
3958 504
-3536 -4353
989 2289
-4828 1167
1427 218
-2567 -989
-4352 3173
-4930 -3918
-187 532
4170 862
-1314 3887
-3628 2616
-1228 779
3499 4141
4715 -179
-3697 758
1325 -4782
-3603 2040
3376 95
4176 4320
-4557 2262
4491 1415
4390 3117
-3830 -1808
-2113 203
1088 -3373
3324 -3367
3413 -3186
2845 -3946
-85 -3978
1867 126
-2219 -2648
417 -3412
-2786 -4209
-1101 -96
2339 3547
2472 3196
-4632 -1572
1150 -256
-4176 -1285
-4075 4645
-1272 -4485
4734 2428
3092 -1129
-4028 4362
4786 -2940
1337 33
-4058 -538
4318 1315
-3624 2114
-4628 3322
1236 1678
-58 -3873
3057 -2104
866 3092
-4290 -3176
2433 -3506
2349 -2848
-621 -1183
-581 -283
441 -1474
3978 -4029
2748 2465
2207 4605
283 3110
2799 -3212
-3065 -2193
125 -438
2233 -1107
-1434 3800
-4226 -1906
1207 -2144
4548 -4013
3198 523
-4092 -2554
2530 -2749
-2240 -2999
-1278 1710
-3302 3802
2951 725
4278 4500
1549 4370
1399 3782
-1540 4589
836 -3513
1244 -4907
-1607 2323
-465 2463
3829 4019
4457 3434
3761 2424
2447 -3887
71 -2444
-2811 3562
-1009 2868
-1108 -3403
-1976 1137
1038 -1092
104 4259
896 1720
-2979 -4006
1599 -2963
-3005 -3768
382 -1736
4542 -2301
-308 4479
4268 1195
-4662 -37
4064 3451
-1440 3728
-2635 2434
-3025 4718
-1466 -1398
2721 -2846
273 -3044
4803 -2992
-2996 4023
-3372 -4957
3590 -4096
-957 3991
4461 -1594
3799 -2504
4255 -2094
2277 -3744
-2602 2122
-403 2410
721 3204
4754 -3281
161 1712
3297 4276
-137 -1083
274 3626
-387 -3367
-2371 1007
4401 -1710
2056 -3857
-1851 2347
-3547 -1463
2148 -723
503 3513
-2390 -3637
3720 -4592
850 314
-2719 1257
-870 -3673
-599 2073
4919 3631
2635 392
-3548 1773
533 2148
2845 -1041
-4666 -1863
2755 3614
-1950 -4674
-3422 2970
-2820 1103
3539 -1994
2573 4197
-3336 2324
-3510 4420
587 3658
4807 -313
-569 650
-2546 2792
4570 4204
-1281 2347
-4990 2336
4799 1956
-3694 -263
-1838 -777
-2521 -1542
-4342 1514
-765 4105
102 -1479
920 2713
3078 2623
-1865 -2928
119 -3188
-2318 -2291
-1948 -3491
1625 2940
-1660 -4015
-2367 4453
-480 2300
-1508 -255
-3522 -311
-302 393
4232 -4870
379 -4386
-877 1482
-546 3874
893 -1987
-4125 1398
4973 -586
-896 -4654
-4489 3447
3550 1173
-3854 4278
-1420 -1814
-2653 3237
3963 4721
-3744 1247
-908 4478
-2600 -2495
3199 -1429
399 -2877
2908 3606
3820 -3632
2953 4735
2734 -2061
-4364 4020
1187 255
4719 -1292
-197 4120
-178 1007
3045 -2647
-1883 857
265 2943
1140 -4167
-375 -860
-4117 -2220
4205 519
954 4110
-4839 -2506
592 2759
-2310 -1973
1567 3731
1716 -646
616 -3107
717 -584
2919 -4781
-1074 -2597
-4610 -4986
-763 314
2037 -135
1595 -2243
2499 2991
4409 367
-970 3482
-474 -1868
1640 -4470
4753 3725
-4098 -3864
-3474 2462
2996 -3948
-643 4921
-3010 708
-2009 460
52 2775
2811 -154
2304 -4359
-1018 3077
-592 -2415
-4964 4067
-2439 -292
-2789 -2649
2610 -3206
1653 3201
-2795 -826
-2154 -3381
-2446 -4586
3075 2582
-799 185
-445 4567
-508 -994
2985 -4059
2890 1750
3699 4091
4180 -251
-652 -4683
3693 -2843
1088 4454
-1784 -4202
3637 -3047
958 4180
3217 2714
4091 -4452
-3568 371
-2264 -3074
-2608 -2113
12 907
56 374
3775 4677
-2334 -1161
-2986 -3834
1408 4198
-4479 -4424
-4011 -623
-1579 1588
667 -1473
-585 -4494
500 -3493
-819 3295
4017 3622
-2721 -4979
362 351
-4881 3574
1073 4264
-4928 -328
-937 -3315
4648 -1809
161 -238
-1188 1585
587 -4414
-2027 -179
-2884 -2271
3951 2642
-4614 2158
1332 -806
-4231 -1125
-3008 2119
-4450 -2187
-3686 -1949
783 2530
634 4118
1095 3090
-3220 533
-4001 -4882
-3758 2668
1785 -4517
-1552 2071
3966 -3668
-78 4832
1408 -1750
-1340 -2580
4803 210
993 4666
3899 -1303
-3616 1893
-4924 856
4155 3399
3249 -3108
4982 2438
-163 -4976
-882 3672
1601 -1699
2792 -2366
3503 -3703
4011 -1807
2447 -3685
-953 -1788
-2272 -1917
1337 -4346
-1657 3147
-4809 2214
-3065 -4844
-2226 -728
-4946 75
4116 1373
4685 -4028
1608 -4203
-3452 510
2359 -2165
-3480 482
4087 -4663
-2254 1862
2812 2808
-2529 668
3488 4864
4448 4680
-2032 1252
4884 3534
3178 734
2342 49
-3752 -798
-281 -1223
-2528 -1910
-477 -1289
-3546 2835
2006 -4146
1560 -2510
-585 -2103
-2123 870
-1398 -2308
4307 1612
3539 4335
-3896 4419
3931 749
-4791 -2607
-3993 4426
-2930 872
-3145 3662
-712 1444
4190 -4957
4375 939
-650 -798
-3774 -892
2446 953
-2572 424
-4850 -3226
2522 -11
-1659 -2676
440 862
-981 -4823
-2039 -4667
3265 -1709
4810 -4406
-182 -2149
180 -4913
1868 -4924
-47 401
3036 -4646
3629 4997
-2781 -386
90 287
931 2264
1712 -3393
1109 2178
-2945 -3481
971 -1729
3390 -4510
1411 3982
1649 522
-4280 -4346
-1950 -4423
909 -1780
-1410 3730
-160 -2116
4912 -63
4512 -4461
2583 4997
2367 -3422
-4219 846
4267 2407
-4438 -326
4940 -3468
2413 4513
4085 3363
-2359 -3061
-874 1054
2302 -1701
-1410 618
-3193 4498
-1473 2329
-831 793
3013 -3010
4895 2250
3811 4038
-3058 -2406
3540 640
-103 -986
1353 -4038
-1486 -1859
26 2598
-2875 -1065
-1370 2797
3074 1456
-4507 550
4276 -3352
2049 1901
-1700 1141
-672 4855
-2055 2825
-4633 -2790
-3809 2493
3589 -4719
1610 4186
-638 -967
3847 -2934
4333 -569
-2358 4589
-4075 1977
2966 2565
2392 -3667
-1629 -3703
2242 -4301
4363 -1616
492 1175
3750 3024
3212 -4259
-3713 -318
-3854 -339
-4347 -1145
2786 4151
-2160 -4693
2228 2957
1350 -347
-2620 2128
1267 -2550
-363 -3280
1201 -3955
-2976 -578
-571 3372
-1024 169
-1908 -405
2420 -2303
-2769 2045
651 3681
-1323 -3741
-1435 -2389
-1705 1073
-4688 -4102
-1055 3732
-1894 1809
683 1738
-961 3803
-847 1781
91 -1418
-2063 2519
200 1757
-4320 -2832
2285 3403
4243 3949
-2618 -2028
-180 -2735
-2299 -1929
4997 140
325 -618
-3931 -1034
-1470 -308
-3432 4849
-1745 -1590
4936 1991
3113 4218
1542 2427
2541 -2409
-2179 -1813
4138 1775
-1757 -3507
3095 537
3995 927
-1291 3505
-4185 1714
409 213
2234 1210
3473 2152
-1348 -3503
-2329 -1991
2120 -437
437 1109
-3525 -3002
-155 -425
2583 -4658
1676 -835
-1173 -4748
-845 -4093
-2313 -2456
3563 671
-4697 -3199
-1135 652
2231 3719
3713 3350
-4731 -4323
-210 -2895
2175 -3907
-3723 -1517
3392 -2937
-3567 891
-2538 -3503
3781 696
-252 515
2172 -3212
-2760 4214
-3856 -2925
-4193 -919
-4588 687
51 3327
64 -2172
83 2163
1115 144
4016 -1306
4416 3235
-270 2489
4613 -471
4549 2125
-159 4098
-3109 40
-2864 -1786
-352 2889
3186 -4571
1070 -1730
4950 2811
-4699 -871
-54 -4408
1321 501
-3469 -3090
-3959 -699
401 -4362
4560 -3190
4691 4306
-1808 -4760
-2424 -3951
-1244 4286
3054 4194
-4153 939
-2277 617
2328 -4006
-1183 -700
2115 3663
-3542 -301
3500 -3495
-3803 426
672 -3521
-3758 -2445
-4061 4337
-2523 3397
-4832 3825
3357 1009
-567 4168
1078 -3133
-3491 4201
-4960 -841
-3079 4157
-1450 1983
576 -3408
-52 -3651
1652 -3752
4921 -2643
1400 -273
-2391 3151
765 -217
-700 -4644
-2656 -4232
-4972 2564
4081 1292
-4853 -1852
326 2538
1116 1172
-604 -4191
2144 4520
628 886
2089 -2529
-1941 -2441
4056 908
2320 -3712
3526 2110
-2869 379
-488 2644
-3155 -3710
-2768 -2742
-3092 707
-4881 3882
4807 -2102
3572 4833
-4895 -1484
2813 -2820
-1505 1502
2447 -4191
1475 4015
-4127 -3776
176 452
-1425 -4656
-824 493
503 -2346
3721 -2120
-770 933
1649 -3856
2405 490
-432 4868
-4880 3342
-3688 231
249 4112
-4408 -3433
-2442 2514
-1141 1437
455 -1708
-1098 -4633
-2415 3206
4443 -1247
206 1236
-3889 2724
-4778 -2432
4544 -2239
-1896 4124
2120 3731
-489 4386
801 -2340
4381 3122
-51 1058
2497 -2774
-398 -3118
-4923 2342
-3339 -2658
2836 -3792
3728 -2339
-2889 3722
2910 -2364
-2825 616
-184 2388
3639 2316
-3837 -3977
-24 2099
2969 -2869
1636 -2050
119 2987
4949 669
2255 140
-3906 -3257
-4612 2655
3754 -1776
3433 -4285
-2227 -1548
-1063 1495
140 -3161
-2348 -3728
3891 -1874
2376 2591
183 1530
-2561 -2033
3698 3043
1600 2080
1786 -267
3758 -2275
3322 -1590
2828 -3141
-894 2215
427 2029
-3180 -2200
2594 -4830
75 2654
4677 320
2833 -3205
1709 4148
-2324 -4399
-4840 -1648
-1232 831
-4254 958
-1865 -4936
1169 -629
-3075 699
-2917 -3409
1700 -1569
-610 3450
-533 1697
-3957 3954
4170 2960
-3062 -2159
1666 4896
1172 4329
-174 4571
2009 3700
-4675 1505
1187 -1180
-1048 1155
-4108 -2973
-3201 3810
3645 3874
-4416 -4869
2671 4176
-3480 -1340
-2137 2498
3665 2485
-4621 4795
-546 1980
2128 -4750
2278 -2000
-103 -2474
-1616 -4713
-2256 -2375
3096 -1074
404 -3653
4458 -2315
4944 2929
-4264 1794
2645 -2119
1892 -687
-1782 2240
-821 -380
3819 2533
-3744 4732
1082 -4439
-101 -786
372 4813
-1745 -2788
2842 774
-104 821
-2512 691
-2581 -2588
2385 -521
271 4829
-3441 2327
2608 2418
-3475 1337
-1478 2756
-567 3043
-1235 3618
2973 1008
221 2261
721 -2115
1806 4398
433 4288
-1771 -1609
1956 -2387
-3918 1124
890 2554
-4870 -4208
3891 -3513
1317 3394
1622 -2902
-2970 -877
-4270 -3305
-1560 2035
-3031 -2516
-606 1381
2576 4770
-3780 -4177
2403 496
-1911 2380
4881 -2144
3122 396
-4061 -1200
1281 2098
-3799 164
1301 -4653
4426 914
374 -3870
-1970 2481
2141 -2035
4748 -3410
632 2967
3015 75
-4745 4603
2495 4210
4661 -4682
326 -3149
-4631 3152
3113 -715
4418 231
-514 -3889
3985 2596
3107 -4311
-106 -4800
1443 765
-4737 -1879
1301 3689
-4846 24
-1834 -1649
-1994 2762
2722 1410
0 0
