3459
1011821 47109906
9819410 26267947
5423110 33844238
0 33844238
4396300 16922119
0 9345828
0 0
9819410 7576291
14215710 0
19638820 0
15242520 16922119
19638820 24498410
19638820 33844238
17664263 81010059
9819410 20037395
8353977 22562825
6546273 22562825
8011707 16922119
6546274 14396689
6546274 11281413
9819410 13806843
11284843 11281413
13092547 11281413
11627113 16922119
13092547 19447549
13092547 22562825
55114357 16922119
9819410 20037395
8353977 22562825
6546274 22562825
8011706 16922119
6546273 14396689
6546273 11281413
9819410 13806843
11284843 11281412
13092547 11281412
11627113 16922119
13092546 19447550
13092546 22562826
1011821 47109906
93549849 74467302
57149309 5044582
57021408 4737260
57021408 4219688
57251336 4460564
61075718 4268245
61755222 4184815
58979784 5344283
60727975 5005858
62215078 4068570
58400924 4831944
58256280 3481176
58143998 2371395
57058292 3648468
55114357 2302297
55114357 383608
57251336 4724284
59397760 3304701
59996949 2813125
59041115 4088164
58980249 2091689
59307163 0
57664240 2914633
58308021 2150536
60253927 441731
58849453 4153111
59017484 3353831
59442416 1418187
57699371 3515618
60501261 1501056
62215077 546351
59177809 4483336
61159413 5013857
63161841 4649794
58209201 5382354
58409545 5258527
59063710 4696292
71323967 112739904
57217327 5385864
57174694 5283424
57174694 5110894
57251336 5191194
58526130 5127084
58752631 5099274
57827485 5485764
58410216 5372954
58905917 5060524
57634532 5314984
57586317 4864734
57548890 4494804
57186988 4920494
56539009 4471774
56539009 3832204
57251336 5279104
57966811 4805904
58166541 4642044
57847929 5067064
57827640 4401564
57936611 3704344
57388971 4675875
57603564 4421176
58252200 3851575
57784041 5088706
57840052 4822279
57981696 4177065
57400681 4876208
58334644 4204688
58905916 3886453
57893494 5198781
58554028 5375621
59221504 5254267
57570625 5498454
57637406 5457178
57855461 5269767
92321246 17851337
57217327 5385864
57174693 5283424
57174693 5110894
57251336 5191194
58526130 5127084
58752632 5099274
57827485 5485764
58410215 5372954
58905916 5060524
57634532 5314984
57586318 4864734
57548890 4494804
57186988 4920494
56539010 4471774
56539010 3832204
57251336 5279104
57966811 4805904
58166540 4642044
57847929 5067064
57827641 4401564
57936612 3704334
57388971 4675885
57603564 4421186
58252200 3851585
57784041 5088706
57840052 4822279
57981696 4177065
57400681 4876208
58334644 4204688
58905916 3886453
57893494 5198781
58554028 5375621
59221504 5254267
57570625 5498454
57637406 5457178
57855461 5269767
93549849 74467302
131985341 74467302
95584801 5044582
95456900 4737260
95456900 4219688
95686828 4460564
99511210 4268245
100190714 4184815
97415276 5344283
99163467 5005858
100650570 4068570
96836416 4831944
96691772 3481176
96579490 2371395
95493784 3648468
93549849 2302297
93549849 383608
95686828 4724284
97833252 3304701
98432441 2813125
97476607 4088164
97415741 2091689
97742655 0
96099732 2914633
96743513 2150536
98689419 441731
97284945 4153111
97452976 3353831
97877908 1418187
96134863 3515618
98936753 1501056
100650569 546351
97613301 4483336
99594905 5013857
101597333 4649794
96644693 5382354
96845037 5258527
97499202 4696292
131985341 74467302
194186097 60869304
138096105 8600727
134949503 8620355
131985341 9485580
139846082 8243849
137435981 9092294
136475702 10055180
140789589 8180410
141454706 9490806
141561170 9811065
141679304 9660765
142075127 11968998
142075127 13844762
141087789 9045700
141225634 9926788
141101315 11066510
140998291 8701885
141021475 9511803
140898436 10322543
140909391 9056911
141916601 10133428
142846063 10636404
142083809 8420395
143228234 8811360
144360883 8811360
143866011 7881401
141585050 8060163
143711674 7846527
145919192 7396051
150738125 6821782
155586785 6532961
145006238 7647990
142098138 7934943
144252682 7707034
141702090 7816420
142458089 7876011
143075991 7707034
141519166 7763433
141308589 8037462
141074264 7567539
140881755 7468216
140966062 6858113
140966062 6416716
141087789 7753853
140755855 5779772
140695559 5417010
140629603 5124825
140360747 2644808
139424191 0
140506604 6240151
139829273 3620521
138369227 2522514
139562496 6734325
138908943 7198068
137219587 6974691
140374528 7787089
139672610 7952132
138964336 7811654
140781579 7820668
140424705 7861827
140154551 7707034
140828641 7732914
140701555 7665689
140465631 7462919
140824908 7655463
140464759 7439671
140127501 7439671
140965420 7881401
140811788 7800029
140668508 7800029
140776710 7881401
140465631 7881401
140154551 7881401
140973456 7881401
141015655 8098392
140979588 8206887
160760352 109757171
140090561 8121171
139041694 8127711
138053640 8416121
140673886 8002221
139870519 8285031
139550426 8605991
140988389 7981071
141210095 8417871
141245583 8524631
141284961 8474521
141416902 9243931
141416902 9869181
141087789 8269501
141133737 8563201
141092299 8943111
141057957 8154891
141065685 8424861
141024672 8695111
141028323 8273241
141364059 8632081
141673880 8799731
141419796 8061071
141801271 8191391
142178820 8191391
142013863 7881401
141253543 7940991
141962418 7869781
142698256 7719611
144304567 7528191
145920787 7431921
142393939 7803591
141424572 7899241
142142753 7823271
141292556 7859741
141544556 7879601
141750523 7823281
141231582 7842081
141161389 7933421
141083279 7776781
141019111 7743671
141047213 7540301
141047213 7393171
141087789 7838891
140977145 7180861
140957046 7059941
140935060 6962541
140845442 6135871
140533256 5254271
140894061 7334311
140668284 6461101
140181602 6095101
140579358 7499041
140361507 7653621
139798388 7579161
140850036 7849971
140616063 7904981
140379972 7858151
140985719 7861161
140866761 7874901
140776709 7823281
141001407 7831911
140959045 7809501
140880403 7741911
141000162 7806081
140880113 7734151
140767693 7734151
141047000 7881401
140995789 7854281
140948029 7854281
140984096 7881401
140880403 7881401
140776710 7881401
141049678 7881401
141063744 7953731
141051722 7989901
186382737 7881401
140090561 8121171
139041693 8127711
138053639 8416121
140673887 8002221
139870520 8285031
139550427 8606001
140988389 7981061
141210095 8417861
141245583 8524621
141284960 8474521
141416901 9243931
141416901 9869181
141087789 8269501
141133738 8563201
141092299 8943111
141057956 8154891
141065684 8424861
141024671 8695111
141028323 8273241
141364060 8632081
141673881 8799731
141419795 8061071
141801270 8191391
142178820 8191391
142013863 7881401
141253543 7940991
141962417 7869781
142698257 7719611
144304568 7528191
145920788 7431921
142393939 7803591
141424572 7899241
142142753 7823271
141292556 7859741
141544556 7879601
141750523 7823281
141231582 7842081
141161389 7933421
141083279 7776781
141019111 7743671
141047213 7540311
141047213 7393171
141087789 7838891
140977145 7180861
140957046 7059941
140935060 6962541
140845442 6135871
140533256 5254271
140894061 7334311
140668284 6461101
140181602 6095101
140579358 7499041
140361507 7653621
139798388 7579161
140850036 7849971
140616063 7904981
140379972 7858151
140985719 7861161
140866761 7874901
140776709 7823281
141001407 7831911
140959045 7809501
140880403 7741911
141000162 7806091
140880113 7734151
140767693 7734151
141047000 7881401
140995789 7854281
140948029 7854281
140984096 7881401
140880403 7881401
140776710 7881401
141049678 7881401
141063744 7953731
141051722 7989901
194186097 60869304
256386853 60869304
200296861 8600727
197150259 8620355
194186097 9485580
202046838 8243849
199636737 9092294
198676458 10055180
202990345 8180410
203655462 9490806
203761926 9811065
203880060 9660765
204275883 11968998
204275883 13844762
203288545 9045700
203426390 9926788
203302071 11066510
203199047 8701885
203222231 9511803
203099192 10322543
203110147 9056911
204117357 10133428
205046819 10636404
204284565 8420395
205428990 8811360
206561639 8811360
206066767 7881401
203785806 8060163
205912430 7846527
208119948 7396051
212938881 6821782
217787541 6532961
207206994 7647990
204298894 7934943
206453438 7707034
203902846 7816420
204658845 7876011
205276747 7707034
203719922 7763433
203509345 8037462
203275020 7567539
203082511 7468216
203166818 6858113
203166818 6416716
203288545 7753853
202956611 5779772
202896315 5417010
202830359 5124825
202561503 2644808
201624947 0
202707360 6240151
202030029 3620521
200569983 2522514
201763252 6734325
201109699 7198068
199420343 6974691
202575284 7787089
201873366 7952132
201165092 7811654
202982335 7820668
202625461 7861827
202355307 7707034
203029397 7732914
202902311 7665689
202666387 7462919
203025664 7655463
202665515 7439671
202328257 7439671
203166176 7881401
203012544 7800029
202869264 7800029
202977466 7881401
202666387 7881401
202355307 7881401
203174212 7881401
203216411 8098392
203180344 8206887
256386853 60869304
279592323 32230515
291286924 0
273836888 20054565
256386853 0
271973059 62726121
279653566 0
273836888 6684854
268020210 0
319131836 0
279653566 0
273836888 6684854
268020210 0
279592323 32230515
344997964 9855019
323206986 3015775
321031836 1703125
321643007 1549912
321338817 1640400
320909961 1965625
321087063 1985633
320383080 2415695
319616211 2925000
321080577 1931545
320649299 2089102
319800586 2406250
321601484 1554993
321407561 1550000
320803711 1550000
321664109 1515625
321279692 1334375
320425586 1334375
321644320 1515625
321253713 1321875
320369336 1321875
321694691 1515625
321283378 1268750
320291211 1268750
321371089 1515625
320719399 1284375
319691211 1284375
321044905 1515625
320476670 1606250
320278711 1606250
320776338 1515625
319942642 1797975
319131836 2162500
320896030 1880150
320151879 2318941
319547461 2925000
321268011 1955640
321175431 2136234
321341211 1993750
321372813 1802707
321098296 2357612
321038086 2593750
321646626 1751763
321673857 1660596
321681836 1643750
323206986 3015775
324416211 2800000
321781834 1357271
321830701 1211956
321866211 1090625
322030594 1193376
322106729 1006129
322022461 1090625
321884359 1337620
322421641 969514
322972461 721875
322257656 1267986
322867478 1134375
323050586 1134375
322340281 1515625
322859118 1425000
323134961 1425000
322062008 1515625
322700820 1746875
323722461 1746875
321747425 1515625
322131050 1762500
323122461 1762500
321786021 1515625
322161296 1709375
323044336 1709375
321780112 1515625
322136057 1696875
322988086 1696875
322119076 1515625
322812729 1607221
323659961 1290625
322556323 1198187
323330056 905178
324222461 312500
322404675 1052164
323168061 593432
323950586 0
321640860 1565658
321775711 1499977
322113086 1318750
323206986 3015775
344997964 9855019
331443672 88508555
322206886 2015675
321481836 1578125
321685560 1527054
321584163 1557216
321441211 1665625
321500245 1672294
321265584 1815648
321009961 1985416
321498083 1654265
321354324 1706784
321071419 1812500
321671719 1528748
321607078 1527084
321405794 1527084
321692594 1515625
321564455 1455208
321279753 1455208
321685997 1515625
321555795 1451042
321261003 1451042
321702788 1515625
321565683 1433333
321234961 1433333
321594920 1515625
321377690 1438542
321034961 1438542
321486192 1515625
321296781 1545833
321230794 1545833
321396670 1515625
321118771 1609742
320848503 1731250
321436567 1637133
321188517 1783397
320987044 1985417
321560561 1662296
321529701 1722494
321584961 1675000
321595495 1611319
321503989 1796287
321483919 1875000
321686766 1594337
321695843 1563948
321698503 1558333
322206886 2015675
322609961 1943750
321731835 1462840
321748124 1414402
321759961 1373958
321814755 1408209
321840134 1345793
321812044 1373959
321766010 1456290
321945104 1333588
322128711 1251041
321890443 1433079
322093717 1388542
322154753 1388542
321917984 1515625
322090930 1485417
322182878 1485417
321825227 1515625
322038164 1592708
322378711 1592708
321720366 1515625
321848241 1597917
322178711 1597917
321733231 1515625
321858323 1580208
322152669 1580208
321731261 1515625
321849910 1576042
322133919 1576042
321844249 1515625
322075467 1546157
322357878 1440625
321989998 1409812
322247909 1312142
322545378 1114583
321939449 1361138
322193911 1208227
322454753 1010417
321684844 1532302
321729794 1510405
321842253 1450000
322206886 2015675
321457878 571875
367001784 1515624
322206886 2015675
321481836 1578125
321685559 1527054
321584163 1557217
321441211 1665625
321500245 1672295
321265584 1815649
321009961 1985417
321498083 1654265
321354323 1706784
321071419 1812500
321671719 1528748
321607078 1527083
321405794 1527083
321692594 1515625
321564455 1455209
321279753 1455209
321685997 1515625
321555795 1451041
321261003 1451041
321702786 1515625
321565683 1433334
321234961 1433334
321594920 1515625
321377690 1438541
321034961 1438541
321486192 1515625
321296780 1545834
321230794 1545834
321396670 1515625
321118771 1609741
320848503 1731250
321436567 1637133
321188517 1783397
320987044 1985416
321560561 1662297
321529701 1722495
321584961 1675000
321595495 1611319
321503989 1796288
321483919 1875000
321686766 1594338
321695843 1563949
321698506 1558334
322206886 2015675
322609961 1943750
321731835 1462840
321748124 1414402
321759961 1373958
321814755 1408209
321840134 1345793
321812044 1373958
321766011 1456290
321945105 1333588
322128711 1251042
321890443 1433079
322093717 1388542
322154753 1388542
321917984 1515625
322090930 1485416
322182878 1485416
321825226 1515625
322038164 1592709
322378711 1592709
321720365 1515625
321848240 1597916
322178711 1597916
321733231 1515625
321858322 1580209
322152669 1580209
321731261 1515625
321849910 1576041
322133919 1576041
321844250 1515625
322075467 1546157
322357878 1440625
321989998 1409813
322247909 1312143
322545378 1114584
321939449 1361138
322193911 1208227
322454752 1010416
321684844 1532303
321729795 1510405
321842253 1450000
322206886 2015675
321457878 571875
344997964 9855019
392867912 11170644
371076934 4331400
368901784 3018750
369512955 2865537
369208765 2956025
368779909 3281250
368957011 3301258
368253028 3731320
367486159 4240625
368950525 3247170
368519247 3404727
367670534 3721875
369471432 2870618
369277509 2865625
368673659 2865625
369534057 2831250
369149640 2650000
368295534 2650000
369514268 2831250
369123661 2637500
368239284 2637500
369564639 2831250
369153326 2584375
368161159 2584375
369241037 2831250
368589347 2600000
367561159 2600000
368914853 2831250
368346617 2921875
368148658 2921875
368646286 2831250
367812590 3113600
367001784 3478125
368765978 3195775
368021827 3634566
367417409 4240625
369137959 3271265
369045379 3451859
369211159 3309375
369242761 3118332
368968244 3673237
368908034 3909375
369516574 3067388
369543805 2976221
369551784 2959375
371076934 4331400
372286159 4115625
369651782 2672896
369700649 2527581
369736159 2406250
369900542 2509001
369976677 2321754
369892409 2406250
369754307 2653245
370291589 2285139
370842409 2037500
370127604 2583611
370737426 2450000
370920534 2450000
370210229 2831250
370729066 2740625
371004909 2740625
369931956 2831250
370570768 3062500
371592409 3062500
369617373 2831250
370000998 3078125
370992409 3078125
369655969 2831250
370031244 3025000
370914284 3025000
369650060 2831250
370006005 3012500
370858034 3012500
369989024 2831250
370682677 2922846
371529909 2606250
370426271 2513812
371200004 2220803
372092409 1628125
370274623 2367789
371038009 1909057
371820534 1315625
369510808 2881283
369645659 2815602
369983034 2634375
371076934 4331400
368829909 0
392867912 11170644
418734040 5570644
396943062 4328275
394767912 3015625
395379083 2862412
395074893 2952900
394646037 3278125
394823139 3298133
394119156 3725070
393352287 4234375
394816653 3244045
394385375 3401602
393536662 3718750
395337560 2867493
395143637 2862500
394539787 2862500
395400185 2828125
395015768 2646875
394161662 2646875
395380396 2828125
394989789 2634375
394105412 2634375
395430767 2828125
395019454 2584375
394027287 2584375
395107165 2828125
394455475 2593750
393427287 2593750
394780981 2828125
394212745 2918750
394014786 2918750
394512414 2828125
393678718 3110475
392867912 3475000
394632106 3192650
393887955 3631441
393283537 4237500
395004087 3268140
394911507 3448734
395077287 3306250
395108889 3115207
394834372 3670112
394774162 3906250
395382702 3064263
395409933 2973096
395417912 2956250
396943062 4328275
398152287 4112500
395517426 2670792
395566779 2527230
395602287 2406250
395767064 2505595
395842844 2315465
395758537 2400000
395620435 2650120
396157717 2282014
396708537 2034375
395993732 2580486
396603554 2446875
396786662 2446875
396076357 2828125
396595194 2737500
396871037 2737500
395798084 2828125
396436896 3062500
397458537 3062500
395483501 2828125
395867126 3071875
396858537 3071875
395522097 2828125
395897372 3021875
396780412 3021875
395516188 2828125
395872133 3009375
396724162 3009375
395855152 2828125
396548805 2919721
397396037 2603125
396292399 2510687
397066132 2220803
397958537 1628125
396140751 2364664
396904137 1905932
397686662 1312500
395376936 2878158
395511787 2809352
395849162 2628125
396943062 4328275
394696037 0
405179748 87955430
395942962 3328175
395217912 2890625
395421635 2839554
395320239 2869716
395177287 2978125
395236321 2984794
395001660 3127106
394746037 3296875
395234159 2966765
395090399 3019284
394807495 3125000
395407794 2841247
395343153 2839583
395141870 2839583
395428669 2828125
395300530 2767708
395015828 2767708
395422073 2828125
395291871 2763542
394997078 2763542
395438864 2828125
395301759 2746875
394971037 2746875
395330996 2828125
395113766 2750000
394771037 2750000
395222268 2828125
395032856 2858333
394966870 2858333
395132746 2828125
394854847 2922242
394584578 3043750
395172643 2949634
394924593 3095897
394723120 3297917
395296637 2974797
395265777 3034995
395321037 2987500
395331571 2923819
395240065 3108787
395219995 3187500
395422842 2906838
395431919 2876449
395434579 2870833
395942962 3328175
396346037 3256250
395467750 2775681
395484201 2727827
395496037 2687500
395550962 2720615
395576222 2657239
395548120 2685417
395502086 2768790
395681180 2646088
395864787 2563542
395626518 2745578
395829792 2701041
395890828 2701041
395654060 2828125
395827006 2797917
395918953 2797917
395561302 2828125
395774240 2906250
396114787 2906250
395456441 2828125
395584316 2909375
395914786 2909375
395469307 2828125
395594398 2892708
395888745 2892708
395467337 2828125
395585985 2888542
395869995 2888542
395580325 2828125
395811543 2858657
396093953 2753125
395726074 2722312
395983985 2625684
396281453 2428125
395675525 2673638
395929987 2520727
396190828 2322917
395420920 2844802
395465870 2821865
395578328 2761458
395942962 3328175
395193953 1885417
440737859 2828124
395942962 3328175
395217912 2890625
395421635 2839554
395320239 2869717
395177287 2978125
395236321 2984795
395001660 3127107
394746037 3296875
395234159 2966765
395090399 3019284
394807495 3125000
395407795 2841248
395343154 2839584
395141870 2839584
395428670 2828125
395300531 2767708
395015829 2767708
395422073 2828125
395291871 2763542
394997079 2763542
395438862 2828125
395301759 2746875
394971037 2746875
395330996 2828125
395113766 2750000
394771037 2750000
395222268 2828125
395032856 2858333
394966870 2858333
395132746 2828125
394854847 2922242
394584579 3043750
395172643 2949633
394924593 3095897
394723120 3297917
395296637 2974796
395265777 3034994
395321037 2987500
395331571 2923819
395240065 3108787
395219995 3187500
395422842 2906837
395431919 2876448
395434582 2870833
395942962 3328175
396346037 3256250
395467750 2775681
395484201 2727827
395496037 2687500
395550963 2720615
395576223 2657238
395548120 2685417
395502087 2768790
395681181 2646088
395864787 2563541
395626519 2745579
395829793 2701042
395890829 2701042
395654060 2828125
395827006 2797917
395918954 2797917
395561302 2828125
395774240 2906250
396114787 2906250
395456441 2828125
395584316 2909375
395914787 2909375
395469307 2828125
395594398 2892708
395888745 2892708
395467337 2828125
395585986 2888542
395869995 2888542
395580326 2828125
395811543 2858657
396093954 2753125
395726074 2722312
395983985 2625684
396281454 2428125
395675525 2673638
395929987 2520727
396190828 2322916
395420920 2844803
395465871 2821865
395578329 2761459
395942962 3328175
395193954 1885416
418734040 5570644
466603987 5570644
444813009 4328275
442637859 3015625
443249030 2862412
442944840 2952900
442515984 3278125
442693086 3298133
441989103 3725070
441222234 4234375
442686600 3244045
442255322 3401602
441406609 3718750
443207507 2867493
443013584 2862500
442409734 2862500
443270132 2828125
442885715 2646875
442031609 2646875
443250343 2828125
442859736 2634375
441975359 2634375
443300714 2828125
442889401 2584375
441897234 2584375
442977112 2828125
442325422 2593750
441297234 2593750
442650928 2828125
442082693 2918750
441884734 2918750
442382361 2828125
441548665 3110475
440737859 3475000
442502053 3192650
441757902 3631441
441153484 4237500
442874034 3268140
442781454 3448734
442947234 3306250
442978836 3115207
442704319 3670112
442644109 3906250
443252649 3064263
443279880 2973096
443287859 2956250
444813009 4328275
446022234 4112500
443387373 2670792
443436726 2527230
443472234 2406250
443637011 2505595
443712791 2315465
443628484 2400000
443490382 2650120
444027664 2282014
444578484 2034375
443863679 2580486
444473501 2446875
444656609 2446875
443946304 2828125
444465141 2737500
444740984 2737500
443668031 2828125
444306843 3062500
445328484 3062500
443353448 2828125
443737073 3071875
444728484 3071875
443392044 2828125
443767319 3021875
444650359 3021875
443386135 2828125
443742080 3009375
444594109 3009375
443725099 2828125
444418752 2919721
445265984 2603125
444162346 2510687
444936079 2220803
445828484 1628125
444010698 2364664
444774084 1905932
445556609 1312500
443246883 2878158
443381734 2809352
443719109 2628125
444813009 4328275
442565984 0
466603987 5570644
492470115 23145644
470679137 4331400
468503987 3018750
469115158 2865537
468810968 2956025
468382112 3281250
468559214 3301258
467855231 3728195
467088362 4237500
468552728 3247170
468121450 3407852
467272737 3725000
469073635 2870618
468879712 2865625
468275862 2865625
469136260 2831250
468751843 2650000
467897737 2650000
469116471 2831250
468725864 2637500
467841487 2637500
469166842 2831250
468755529 2584375
467763362 2584375
468843240 2831250
468191550 2596875
467163362 2596875
468517056 2831250
467948821 2921875
467750862 2921875
468248489 2831250
467414793 3113600
466603987 3478125
468368181 3195775
467624030 3637691
467019612 4243750
468740162 3271265
468647582 3451859
468813362 3309375
468844964 3118332
468570447 3670112
468510237 3906250
469118777 3067388
469146008 2979346
469153987 2962500
470679137 4331400
471888362 4115625
469253554 2673805
469302853 2527269
469338362 2406250
469502745 2509001
469578880 2321754
469494612 2406250
469356510 2653245
469893792 2285139
470444612 2037500
469729807 2583611
470339629 2446875
470522737 2446875
469812432 2831250
470331269 2740625
470607112 2740625
469534159 2831250
470172971 3065625
471194612 3065625
469219576 2831250
469603201 3078125
470594612 3078125
469258172 2831250
469633447 3025000
470516487 3025000
469252263 2831250
469608208 3012500
470460237 3012500
469591227 2831250
470284880 2922846
471132112 2606250
470028474 2513812
470802207 2220803
471694612 1628125
469876826 2367789
470640212 1909057
471422737 1315625
469113011 2881283
469247862 2815602
469585237 2634375
470679137 4331400
468432112 0
478915824 93815846
469679037 3331300
468953987 2893750
469157711 2842679
469056314 2872842
468913362 2981250
468972396 2987920
468737735 3130232
468482112 3300000
468970234 2969890
468826475 3023451
468543570 3129167
469143870 2844373
469079229 2842708
468877946 2842708
469164745 2831250
469036606 2770834
468751904 2770834
469158148 2831250
469027946 2766666
468733154 2766666
469174939 2831250
469037835 2748959
468707112 2748959
469067071 2831250
468849841 2753125
468507112 2753125
468958343 2831250
468768932 2861458
468702945 2861458
468868821 2831250
468590922 2925367
468320654 3046875
468908718 2952758
468660668 3100064
468459195 3302083
469032712 2977922
469001852 3038120
469057112 2990625
469067646 2926944
468976141 3110871
468956071 3189584
469158917 2909962
469167994 2880615
469170654 2875000
469679037 3331300
470082112 3259375
469203843 2778768
469220276 2729923
469232112 2689583
469286906 2723834
469312285 2661418
469284195 2689583
469238162 2771915
469417256 2649213
469600862 2566667
469362594 2748704
469565868 2703125
469626904 2703125
469390135 2831250
469563081 2801042
469655029 2801042
469297378 2831250
469510315 2909375
469850862 2909375
469192517 2831250
469320392 2913541
469650862 2913541
469205382 2831250
469330474 2895834
469624821 2895834
469203412 2831250
469322061 2891666
469606070 2891666
469316400 2831250
469547618 2861782
469830029 2756250
469462150 2725438
469720061 2627768
470017529 2430209
469411600 2676763
469666062 2523852
469926904 2326041
469156995 2847928
469201946 2826030
469314404 2765625
469679037 3331300
468930029 1887500
514473935 2831250
469679037 3331300
468953987 2893750
469157710 2842679
469056314 2872842
468913362 2981250
468972396 2987919
468737735 3130232
468482112 3300000
468970234 2969890
468826474 3023451
468543570 3129167
469143870 2844372
469079229 2842708
468877945 2842708
469164745 2831250
469036606 2770833
468751904 2770833
469158148 2831250
469027946 2766667
468733154 2766667
469174937 2831250
469037834 2748958
468707112 2748958
469067071 2831250
468849841 2753125
468507112 2753125
468958343 2831250
468768931 2861459
468702945 2861459
468868821 2831250
468590922 2925366
468320654 3046875
468908718 2952758
468660668 3100063
468459195 3302083
469032712 2977922
469001852 3038120
469057112 2990625
469067646 2926944
468976140 3110871
468956070 3189583
469158917 2909963
469167994 2880616
469170657 2875000
469679037 3331300
470082112 3259375
469203843 2778769
469220276 2729923
469232112 2689584
469286906 2723833
469312285 2661418
469284195 2689583
469238162 2771915
469417256 2649213
469600862 2566667
469362594 2748703
469565868 2703125
469626904 2703125
469390135 2831250
469563081 2801041
469655029 2801041
469297377 2831250
469510315 2909375
469850862 2909375
469192516 2831250
469320391 2913542
469650862 2913542
469205382 2831250
469330473 2895833
469624820 2895833
469203412 2831250
469322061 2891667
469606070 2891667
469316401 2831250
469547618 2861782
469830029 2756250
469462149 2725437
469720060 2627768
470017529 2430208
469411600 2676763
469666062 2523853
469926903 2326042
469156995 2847928
469201946 2826030
469314404 2765625
469679037 3331300
468930029 1887500
492470115 23145644
540340063 23145644
518549085 4331400
516373935 3018750
516985106 2865537
516680916 2956025
516252060 3281250
516429162 3301258
515725179 3728195
514958310 4237500
516422676 3247170
515991398 3407852
515142685 3725000
516943583 2870618
516749660 2865625
516145810 2865625
517006208 2831250
516621791 2650000
515767685 2650000
516986419 2831250
516595812 2637500
515711435 2637500
517036790 2831250
516625477 2584375
515633310 2584375
516713188 2831250
516061498 2596875
515033310 2596875
516387004 2831250
515818769 2921875
515620810 2921875
516118437 2831250
515284741 3113600
514473935 3478125
516238129 3195775
515493978 3637691
514889560 4243750
516610110 3271265
516517530 3451859
516683310 3309375
516714912 3118332
516440395 3670112
516380185 3906250
516988725 3067388
517015956 2979346
517023935 2962500
518549085 4331400
519758310 4115625
517123502 2673805
517172801 2527269
517208310 2406250
517372693 2509001
517448828 2321754
517364560 2406250
517226458 2653245
517763740 2285139
518314560 2037500
517599755 2583611
518209577 2446875
518392685 2446875
517682380 2831250
518201217 2740625
518477060 2740625
517404107 2831250
518042919 3065625
519064560 3065625
517089524 2831250
517473149 3078125
518464560 3078125
517128120 2831250
517503395 3025000
518386435 3025000
517122211 2831250
517478156 3012500
518330185 3012500
517461175 2831250
518154828 2922846
519002060 2606250
517898422 2513812
518672155 2220803
519564560 1628125
517746774 2367789
518510160 1909057
519292685 1315625
516982959 2881283
517117810 2815602
517455185 2634375
518549085 4331400
516302060 0
540340063 23145644
566224196 17132987
544415213 4331400
542240063 3018750
542851234 2865537
542547044 2956025
542118188 3281250
542295290 3301258
541591307 3728195
540824438 4237500
542288804 3247170
541857526 3407852
541008813 3725000
542809711 2870618
542615788 2865625
542011938 2865625
542872336 2831250
542487919 2650000
541633813 2650000
542852547 2831250
542461940 2637500
541577563 2637500
542902918 2831250
542491605 2584375
541499438 2584375
542579316 2831250
541927626 2600000
540899438 2600000
542253132 2831250
541684897 2921875
541486938 2921875
541984565 2831250
541150869 3110475
540340063 3475000
542104257 3195775
541360106 3637691
540755688 4243750
542476238 3271265
542383658 3451859
542549438 3309375
542581040 3118332
542306523 3670112
542246313 3906250
542854853 3067388
542882084 2979346
542890063 2962500
544415213 4331400
545624438 4115625
542989630 2673805
543038929 2527269
543074438 2406250
543238821 2509001
543314956 2321754
543230688 2406250
543092586 2653245
543629868 2285139
544180688 2037500
543465883 2583611
544075705 2450000
544258813 2450000
543548508 2831250
544067345 2740625
544343188 2740625
543270235 2831250
543909047 3062500
544930688 3062500
542955652 2831250
543339277 3078125
544330688 3078125
542994248 2831250
543369523 3025000
544252563 3025000
542988339 2831250
543344284 3012500
544196313 3012500
543327303 2831250
544020956 2922846
544868188 2606250
543764550 2513812
544538283 2220803
545430688 1628125
543612902 2367789
544376288 1909057
545158813 1315625
542849087 2881283
542983938 2815602
543321313 2634375
544415213 4331400
542168188 0
552657901 91811627
543415113 3331300
542690063 2893750
542893786 2842679
542792390 2872842
542649438 2981250
542708472 2987920
542473811 3130232
542218188 3300000
542706310 2969890
542562550 3023451
542279646 3129167
542879945 2844373
542815304 2842708
542614021 2842708
542900820 2831250
542772681 2770834
542487979 2770834
542894224 2831250
542764022 2766666
542469229 2766666
542911015 2831250
542773910 2748959
542443188 2748959
542803147 2831250
542585917 2754166
542243188 2754166
542694419 2831250
542505007 2861459
542439021 2861459
542604897 2831250
542326998 2924325
542056729 3045833
542644794 2952758
542396744 3100064
542195271 3302083
542768788 2977922
542737928 3038120
542793188 2990625
542803722 2926944
542712216 3110871
542692146 3189584
542894993 2909962
542904070 2880615
542906730 2875000
543415113 3331300
543818188 3259375
542939918 2778768
542956351 2729923
542968188 2689583
543022982 2723834
543048360 2661418
543020271 2689583
542974237 2771915
543153331 2649213
543336938 2566667
543098669 2748704
543301943 2704167
543362979 2704167
543126211 2831250
543299157 2801041
543391104 2801041
543033453 2831250
543246391 2908334
543586938 2908334
542928592 2831250
543056467 2913541
543386938 2913541
542941458 2831250
543066549 2895834
543360896 2895834
542939488 2831250
543058136 2891666
543342146 2891666
543052476 2831250
543283694 2861782
543566104 2756250
543198225 2725438
543456136 2627768
543753604 2430209
543147676 2676763
543402138 2523852
543662979 2326041
542893071 2847928
542938021 2826030
543050479 2765625
543415113 3331300
542666104 1887500
588210010 2831250
543415113 3331300
542690063 2893750
542893787 2842679
542792390 2872842
542649438 2981250
542708472 2987919
542473811 3130232
542218188 3300000
542706310 2969890
542562551 3023451
542279647 3129167
542879945 2844372
542815304 2842708
542614021 2842708
542900821 2831250
542772682 2770833
542487980 2770833
542894224 2831250
542764022 2766667
542469229 2766667
542911013 2831250
542773911 2748958
542443188 2748958
542803148 2831250
542585918 2754167
542243188 2754167
542694420 2831250
542505008 2861458
542439022 2861458
542604897 2831250
542326998 2924325
542056729 3045834
542644795 2952758
542396744 3100063
542195272 3302083
542768788 2977922
542737928 3038120
542793188 2990625
542803722 2926944
542712216 3110871
542692146 3189583
542894993 2909963
542904070 2880616
542906733 2875000
543415113 3331300
543818188 3259375
542939918 2778769
542956351 2729923
542968188 2689584
543022982 2723833
543048360 2661418
543020271 2689583
542974237 2771915
543153331 2649213
543336938 2566667
543098670 2748703
543301944 2704166
543362980 2704166
543126211 2831250
543299157 2801042
543391104 2801042
543033454 2831250
543246391 2908333
543586938 2908333
542928593 2831250
543056468 2913542
543386938 2913542
542941458 2831250
543066550 2895833
543360897 2895833
542939488 2831250
543058136 2891667
543342146 2891667
543052476 2831250
543283694 2861782
543566105 2756250
543198225 2725437
543456136 2627768
543753604 2430208
543147676 2676763
543402138 2523853
543662980 2326042
542893071 2847928
542938021 2826030
543050480 2765625
543415113 3331300
542666104 1887500
566224196 17132987
614094143 17132987
592285160 4331400
590110010 3018750
590721181 2865537
590416991 2956025
589988135 3281250
590165237 3301258
589461254 3728195
588694385 4237500
590158751 3247170
589727473 3407852
588878760 3725000
590679658 2870618
590485735 2865625
589881885 2865625
590742283 2831250
590357866 2650000
589503760 2650000
590722494 2831250
590331887 2637500
589447510 2637500
590772865 2831250
590361552 2584375
589369385 2584375
590449263 2831250
589797573 2600000
588769385 2600000
590123079 2831250
589554844 2921875
589356885 2921875
589854512 2831250
589020816 3110475
588210010 3475000
589974204 3195775
589230053 3637691
588625635 4243750
590346185 3271265
590253605 3451859
590419385 3309375
590450987 3118332
590176470 3670112
590116260 3906250
590724800 3067388
590752031 2979346
590760010 2962500
592285160 4331400
593494385 4115625
590859577 2673805
590908876 2527269
590944385 2406250
591108768 2509001
591184903 2321754
591100635 2406250
590962533 2653245
591499815 2285139
592050635 2037500
591335830 2583611
591945652 2450000
592128760 2450000
591418455 2831250
591937292 2740625
592213135 2740625
591140182 2831250
591778994 3062500
592800635 3062500
590825599 2831250
591209224 3078125
592200635 3078125
590864195 2831250
591239470 3025000
592122510 3025000
590858286 2831250
591214231 3012500
592066260 3012500
591197250 2831250
591890903 2922846
592738135 2606250
591634497 2513812
592408230 2220803
593300635 1628125
591482849 2367789
592246235 1909057
593028760 1315625
590719034 2881283
590853885 2815602
591191260 2634375
592285160 4331400
590038135 0
614094143 17132987
656359363 41232022
641513662 0
629816355 18270184
618119048 0
614094143 56725117
633715458 0
629816355 6090061
625917252 0
675111303 0
633715457 0
629816355 6090061
625917253 0
656359363 41232022
772319481 38803784
722525761 0
712810698 13531827
703095635 0
675111303 58343942
716049052 0
712810698 4510604
709572344 0
758105646 0
716049052 0
712810698 4510604
709572344 0
772319481 38803784
839677583 86511430
780211154 9148909
776677932 11787668
772319481 11787668
775852703 5893834
772319481 3255075
772319481 0
780211154 2638760
783744376 1
788102827 1
784569605 5893834
788102827 8532593
788102827 11787667
802006424 116979494
780211154 6978864
779033413 7858444
777580596 7858444
778758337 5893834
777580596 5014254
777580596 3929224
780211154 4808814
781388895 3929224
782841712 3929224
781663971 5893834
782841712 6773424
782841712 7858444
825506102 5893834
780211154 6978864
779033413 7858444
777580596 7858444
778758337 5893834
777580596 5014254
777580596 3929224
780211154 4808814
781388895 3929224
782841712 3929224
781663971 5893834
782841712 6773424
782841712 7858444
839677583 86511430
925293499 22343733
878413351 4728880
874594965 4728880
876088254 6222168
876088254 8077060
872740073 9457760
872740073 6583772
871246784 8077060
869391892 8077060
867066795 4728880
870885181 4728880
869391893 3235592
869391893 1380700
872740073 0
872740073 2873988
874233361 1380700
876088253 1380700
839677583 77198776
874631165 4728880
873358371 4728880
873856133 5226643
873856133 5844940
872740073 6305173
872740073 5347178
872242311 5844941
871624013 5844941
870848981 4728880
872121775 4728880
871624012 4231117
871624012 3612819
872740073 3152587
872740073 4110583
873237836 3612820
873856134 3612820
918035020 4728880
874631166 4728880
873358370 4728880
873856133 5226643
873856133 5844940
872740073 6305173
872740073 5347177
872242310 5844940
871624013 5844940
870848980 4728880
872121776 4728880
871624013 4231117
871624013 3612820
872740073 3152587
872740073 4110583
873237836 3612820
873856133 3612820
925293499 22343733
941289766 80276633
927775881 5334375
926365088 6160811
925521624 7259375
928550035 6432939
928162249 7763447
928162249 9093750
929393499 6774777
929770853 7965239
930134124 9012500
929260107 5375828
929171446 5392396
929021624 5446875
927962649 5854663
927110183 7186970
926840374 8284375
929123690 6431780
929187249 7418240
929187249 8103125
929393499 7095067
930390882 7929712
931199749 8821875
930047359 6055568
930677498 6660762
931077874 7065625
929407413 5435421
929420491 5517191
929434124 5634375
929417920 5544282
929440758 5763658
929455999 5934375
929408740 5505092
929415374 5725955
929415374 5565625
929393499 6204887
929948260 7218489
930643499 7631249
930088738 5747135
930683161 5756245
931118499 5756245
930144558 5334375
930595245 4963045
930852874 4712505
929651128 5083835
929791767 4862156
929921624 4643751
929653213 4897565
929834213 4462436
929999749 4021875
929724572 4453254
929937006 3679454
930030999 3259375
929844279 3319730
929441252 1525679
929118499 0
929318028 4977615
929217915 4323393
929184124 3731250
929359708 4742232
929461335 4149079
929440374 4203125
929560433 4903950
929631782 4594572
929649749 4540625
929411466 5280428
929344578 5384068
929455999 5250000
929926928 4692523
930642446 4455847
931662249 4390625
929471310 5806901
929530313 6260705
929546624 6618750
929415539 5818178
929296575 6162374
929387249 5971875
929266476 5601241
929184297 5824110
929134124 5984375
931143674 7084550
931115374 8381250
930017462 5020671
930640904 4368928
930859124 3837500
929611719 4802947
929583181 4724832
929624749 4637500
929800291 4479735
929771286 3781515
929737249 3034375
929374958 4927383
929330702 4511666
929271624 4093750
929503343 5345822
929621531 5350392
929727874 5375000
929894752 5450363
930360938 5509283
930862249 5646875
929470965 5355637
929474782 5362073
929540374 5384375
931143674 7084550
932834124 4856250
929393499 4893205
929276504 4616111
929212249 4475000
929309837 4894295
929093989 4522057
928887249 4290625
929132377 5042065
928886464 4889613
928662249 4765625
928945070 5086398
928543888 4966695
928152874 4859375
928611471 5119736
927691759 4966127
927784124 4987500
928641855 5160447
928030625 5163517
927480999 5168750
929248193 4841974
929100351 4358718
928968499 4018750
928859722 3958079
927850412 2872404
926668499 2043750
928211586 4505721
926835740 3918750
925327874 3918750
929393499 8834375
929892248 5334375
930732738 5612920
931449749 6115625
930110510 5837080
930680039 6547131
930865374 7025000
929413200 5385173
929456289 5538407
929480999 5609375
927941638 5541165
926421152 6108770
925293499 7465625
929263251 5491098
929157958 5664758
929055999 5834375
928967735 4067637
928612249 3091713
928612249 2140625
929393499 4729129
929604123 4091286
929899749 3706250
929689125 4949339
929957434 4778125
930490374 4778125
927712249 13981250
929397619 5562884
929411878 5786943
929424749 6012500
929440116 6151287
929554851 6910506
929671624 7462500
929681830 6697337
929866445 7807970
929721624 8834375
929373763 5310890
929375781 5303870
929352874 5278125
928818473 4688090
928035765 3987496
927384124 3268750
928741858 4615629
928493499 3753364
928493499 4196875
929393499 4555749
929397349 3819640
929499749 3403125
929495904 4917860
929447184 4944110
929740374 4837500
929589374 5263150
930052652 5281252
930899749 4909375
929501354 5287026
929621665 5222515
929746624 5140625
935332048 114528255
928854293 5334375
928384028 5609855
928102874 5976045
929112344 5700565
928983082 6144065
928983082 6587505
929393499 5814505
929519283 6211325
929640374 6560415
929349035 5348185
929319481 5353715
929269540 5371875
928916549 5507805
928632393 5951905
928542457 6317705
929303562 5700175
929324749 6028995
929324749 6257295
929393499 5921265
929725960 6199485
929995582 6496875
929611452 5574765
929821499 5776505
929954957 5911455
929398137 5368055
929402496 5395315
929407040 5434375
929401639 5404345
929409252 5477465
929414332 5534375
929398579 5391285
929400791 5464905
929400791 5411455
929393499 5624545
929578419 5962415
929810165 6100005
929625245 5471955
929823386 5474995
929968499 5474995
929643852 5334375
929794081 5210595
929879957 5127085
929479375 5250865
929526255 5176975
929569540 5104165
929480070 5188775
929540403 5043735
929595582 4896875
929503856 5040675
929574668 4782735
929605999 4642715
929543759 4662825
929409416 4064805
929301832 3556245
929368342 5215455
929334971 4997385
929323707 4800005
929382235 5136995
929416111 4939275
929409124 4957285
929449143 5190905
929472926 5087775
929478915 5069795
929399488 5316395
929377192 5350935
929414332 5306255
929571308 5120415
929809814 5041525
930149749 5019785
929419436 5491885
929439103 5643155
929444540 5762505
929400846 5495635
929361191 5610375
929391416 5546875
929351158 5423325
929323765 5497615
929307040 5551035
929976890 5917767
929967457 6350005
929601486 5229805
929809300 5012555
929882040 4835415
929466239 5157235
929456726 5131195
929470582 5102085
929529096 5049495
929519428 4816755
929508082 4567705
929387319 5198715
929372566 5060145
929352874 4920835
929430113 5338175
929469509 5339675
929504957 5347915
929560583 5373035
929715978 5392675
929883082 5438545
929419321 5341475
929420593 5343575
929442457 5351045
929976890 5917767
930540373 5174995
929393499 5187315
929354501 5094955
929333083 5047915
929365611 5187685
929293662 5063605
929224749 4986465
929306458 5236935
929224487 5186115
929149748 5144785
929244022 5251715
929110295 5211815
928979957 5176045
929132823 5262825
928826252 5211625
928857040 5218745
929142951 5276405
928939207 5277425
928755999 5279175
929345063 5170235
929295783 5009155
929251832 4895825
929215573 4875615
928879136 4513725
928485165 4237505
928999528 5058155
928540912 4862495
928038290 4862495
929393499 6501045
929559748 5334375
929839912 5427225
930078915 5594795
929632502 5501945
929822345 5738625
929884124 5897915
929400066 5351305
929414429 5402385
929422665 5426045
928909545 5403305
928402716 5592505
928026832 6044785
929350083 5386615
929314985 5444505
929280999 5501045
929251577 4912125
929133082 4586815
929133082 4269795
929393499 5132625
929463707 4920005
929562249 4791665
929492041 5206025
929581477 5148955
929759124 5148955
928833082 8216665
929394872 5410545
929399625 5485235
929403915 5560415
929409038 5606685
929447283 5859755
929486207 6043755
929489609 5788695
929551147 6158905
929502874 6501045
929386920 5326575
929387593 5324205
929379957 5315625
929201823 5118945
928940921 4885415
928723707 4645825
929176285 5094795
929093499 4807375
929093499 4955215
929393499 5074835
929394782 4829465
929428915 4690625
929427634 5195535
929411394 5204285
929509124 5168745
929458790 5310635
929613216 5316665
929895582 5192715
929429450 5318585
929469554 5297085
929511207 5269785
975248863 1285415
928854293 5334375
928384028 5609855
928102874 5976045
929112344 5700565
928983082 6144065
928983082 6587505
929393499 5814505
929519284 6211325
929640374 6560415
929349035 5348195
929319481 5353715
929269541 5371875
928916549 5507805
928632393 5951905
928542457 6317705
929303563 5700175
929324749 6028995
929324749 6257295
929393499 5921265
929725960 6199485
929995582 6496875
929611453 5574775
929821499 5776505
929954958 5911455
929398139 5368055
929402499 5395315
929407040 5434375
929401639 5404345
929409252 5477475
929414333 5534375
929398579 5391285
929400789 5464905
929400789 5411455
929393499 5624545
929578420 5962415
929810166 6100005
929625245 5471965
929823386 5474995
929968499 5474995
929643852 5334375
929794081 5210605
929879957 5127085
929479376 5250865
929526255 5176975
929569541 5104165
929480070 5188775
929540404 5043735
929595582 4896875
929503857 5040675
929574668 4782735
929605999 4642715
929543759 4662825
929409417 4064805
929301833 3556245
929368342 5215455
929334971 4997385
929323707 4800005
929382235 5136995
929416111 4939275
929409124 4957285
929449144 5190905
929472927 5087775
929478916 5069795
929399489 5316395
929377192 5350945
929414332 5306255
929571309 5120425
929809815 5041525
930149749 5019785
929419436 5491885
929439104 5643155
929444541 5762505
929400849 5495645
929361191 5610375
929391419 5546875
929351158 5423325
929323765 5497615
929307041 5551035
929976890 5917767
929967457 6350005
929601487 5229805
929809301 5012555
929882041 4835415
929466239 5157235
929456726 5131195
929470582 5102085
929529097 5049495
929519428 4816755
929508083 4567705
929387319 5198715
929372566 5060145
929352874 4920835
929430113 5338175
929469509 5339675
929504957 5347915
929560583 5373045
929715979 5392685
929883082 5438545
929419321 5341475
929420594 5343575
929442458 5351045
929976890 5917767
930540374 5174995
929393499 5187315
929354500 5094955
929333082 5047915
929365612 5187685
929293662 5063605
929224749 4986465
929306458 5236935
929224487 5186115
929149749 5144785
929244023 5251715
929110295 5211815
928979957 5176045
929132823 5262825
928826253 5211625
928857041 5218745
929142951 5276405
928939208 5277425
928755999 5279175
929345064 5170235
929295783 5009155
929251832 4895825
929215574 4875615
928879137 4513725
928485166 4237505
928999528 5058155
928540913 4862495
928038291 4862495
929393499 6501045
929559748 5334375
929839912 5427225
930078915 5594795
929632503 5501945
929822346 5738625
929884124 5897915
929400069 5351305
929414429 5402385
929422666 5426045
928909545 5403305
928402717 5592505
928026832 6044785
929350083 5386615
929314986 5444505
929280999 5501045
929251578 4912125
929133083 4586825
929133083 4269795
929393499 5132625
929463707 4920005
929562249 4791665
929492041 5206025
929581477 5148955
929759124 5148955
928833082 8216665
929394869 5410545
929399629 5485235
929403916 5560415
929409038 5606685
929447283 5859755
929486207 6043755
929489609 5788695
929551148 6158905
929502874 6501045
929386919 5326575
929387589 5324205
929379957 5315625
929201824 5118945
928940921 4885415
928723708 4645825
929176285 5094795
929093499 4807375
929093499 4955215
929393499 5074835
929394779 4829465
929428915 4690625
929427634 5195535
929411394 5204285
929509124 5168745
929458791 5310635
929613217 5316665
929895583 5192715
929429450 5318585
929469554 5297085
929511207 5269785
941289766 80276633
991245130 80276633
977731245 5334375
976320452 6160811
975476988 7259375
978505399 6432939
978117613 7763447
978117613 9093750
979348863 6774777
979726217 7965239
980089488 9012500
979215471 5375828
979126810 5392396
978976988 5446875
977918013 5854663
977065547 7186970
976795738 8284375
979079054 6431780
979142613 7418240
979142613 8103125
979348863 7095067
980346246 7929712
981155113 8821875
980002723 6055568
980632862 6660762
981033238 7065625
979362777 5435421
979375855 5517191
979389488 5634375
979373284 5544282
979396122 5763658
979411363 5934375
979364104 5505092
979370738 5725955
979370738 5565625
979348863 6204887
979903624 7218489
980598863 7631249
980044102 5747135
980638525 5756245
981073863 5756245
980099922 5334375
980550609 4963045
980808238 4712505
979606492 5083835
979747131 4862156
979876988 4643751
979608577 4897565
979789577 4462436
979955113 4021875
979679936 4453254
979892370 3679454
979986363 3259375
979799643 3319730
979396616 1525679
979073863 0
979273392 4977615
979173279 4323393
979139488 3731250
979315072 4742232
979416699 4149079
979395738 4203125
979515797 4903950
979587146 4594572
979605113 4540625
979366830 5280428
979299942 5384068
979411363 5250000
979882292 4692523
980597810 4455847
981617613 4390625
979426674 5806901
979485677 6260705
979501988 6618750
979370903 5818178
979251939 6162374
979342613 5971875
979221840 5601241
979139661 5824110
979089488 5984375
981099038 7084550
981070738 8381250
979972826 5020671
980596268 4368928
980814488 3837500
979567083 4802947
979538545 4724832
979580113 4637500
979755655 4479735
979726650 3781515
979692613 3034375
979330322 4927383
979286066 4511666
979226988 4093750
979458707 5345822
979576895 5350392
979683238 5375000
979850116 5450363
980316302 5509283
980817613 5646875
979426329 5355637
979430146 5362073
979495738 5384375
981099038 7084550
982789488 4856250
979348863 4893205
979231868 4616111
979167613 4475000
979265201 4894295
979049353 4522057
978842613 4290625
979087741 5042065
978841828 4889613
978617613 4765625
978900434 5086398
978499252 4966695
978108238 4859375
978566835 5119736
977647123 4966127
977739488 4987500
978597219 5160447
977985989 5163517
977436363 5168750
979203557 4841974
979055715 4358718
978923863 4018750
978815086 3958079
977805776 2872404
976623863 2043750
978166950 4505721
976791104 3918750
975283238 3918750
979348863 8834375
979847612 5334375
980688102 5612920
981405113 6115625
980065874 5837080
980635403 6547131
980820738 7025000
979368564 5385173
979411653 5538407
979436363 5609375
977897002 5541165
976376516 6108770
975248863 7465625
979218615 5491098
979113322 5664758
979011363 5834375
978923099 4067637
978567613 3091713
978567613 2140625
979348863 4729129
979559487 4091286
979855113 3706250
979644489 4949339
979912798 4778125
980445738 4778125
977667613 13981250
979352983 5562884
979367242 5786943
979380113 6012500
979395480 6151287
979510215 6910506
979626988 7462500
979637194 6697337
979821809 7807970
979676988 8834375
979329127 5310890
979331145 5303870
979308238 5278125
978773837 4688090
977991129 3987496
977339488 3268750
978697222 4615629
978448863 3753364
978448863 4196875
979348863 4555749
979352713 3819640
979455113 3403125
979451268 4917860
979402548 4944110
979695738 4837500
979544738 5263150
980008016 5281252
980855113 4909375
979456718 5287026
979577029 5222515
979701988 5140625
991245130 80276633
1006808183 60098343
995539358 4117390
994480974 4297407
993555514 4297407
995019710 4728873
992879816 6243493
992029389 7196861
994629500 6586421
996951592 8939482
998314615 10027283
997744017 5892106
997175913 5908944
997611794 7300413
996415428 5140533
996295695 6310153
996125830 6748137
996138213 5111155
996257393 6116708
996406959 6523774
996661996 5750911
999762326 6520650
1000684124 6679102
997194798 4885008
998086700 4866942
998997355 4866942
996769444 4728873
996162395 4230690
995925024 4004009
995168020 3660786
994358738 2242431
994358738 690346
996286475 2688755
999742912 936835
1001246382 0
998087276 3606765
999025658 3468118
999680095 5557288
996601324 5733969
996180909 5522772
997230263 5522772
997168802 4728873
998419678 2243817
998655985 1553279
996502004 4099056
996567604 3157324
996567604 2467988
996286475 4090423
994987143 3624319
994499302 3624319
995613529 4728873
995011604 4608062
994338657 4608062
994703576 4728873
993146022 4970495
991567536 4970495
995761811 4728873
995362767 5068453
995362767 4418217
996286475 4448671
995872797 3876598
995663977 3762387
995958319 4549393
995223819 4486037
994900914 4728873
996115196 4857681
995616669 4849684
995382848 4849684
995992740 4728873
995748321 4493007
995483252 4366441
991245130 52029023
996037436 4525043
995684641 4585053
995376155 4585053
995864220 4728873
995150922 5233743
994867446 5551533
995734150 5348053
996508181 6132413
996962522 6495013
996772322 5116613
996582954 5122233
996728248 5586053
996329459 4866093
996289548 5255963
996232926 5401963
996237054 4856293
996276781 5191483
996326636 5327173
996411648 5069553
997445092 5326133
997752358 5378943
996589249 4780923
996886550 4774903
997190102 4774903
996447464 4728873
996245115 4562813
996165991 4487243
995913657 4372853
995643896 3900063
995643896 3382703
996286475 4048833
997438621 3464863
997939777 3152583
996886742 4354833
997199536 4308623
997417682 5005013
996391424 5063903
996251286 4993503
996601071 4993503
996580584 4728873
996997542 3900523
997076311 3670343
996358318 4518933
996380185 4205023
996380185 3975243
996286475 4516053
995853364 4360693
995690751 4360693
996062159 4728873
995861518 4688593
995637202 4688593
995758842 4728873
995239657 4809423
994713495 4809423
996111587 4728873
995978572 4842063
995978572 4625313
996286475 4635473
996148582 4444783
996078976 4406713
996177090 4669043
995932256 4647933
995824621 4728873
996229382 4771813
996063206 4769143
995985266 4769143
996188563 4728873
996107090 4650253
996018734 4608063
1041581422 4728873
996037437 4525043
995684642 4585053
995376155 4585053
995864220 4728873
995150922 5233743
994867447 5551533
995734150 5348053
996508180 6132413
996962521 6495013
996772323 5116613
996582955 5122233
996728248 5586053
996329460 4866093
996289545 5255963
996232927 5401963
996237054 4856293
996276785 5191483
996326636 5327173
996411649 5069553
997445092 5326133
997752358 5378943
996589250 4780923
996886550 4774903
997190102 4774903
996447465 4728873
996245115 4562813
996165991 4487253
995913657 4372843
995643896 3900053
995643896 3382693
996286475 4048833
997438621 3464863
997939778 3152583
996886742 4354833
997199536 4308623
997417681 5005013
996391425 5063903
996251287 4993503
996601071 4993503
996580584 4728873
996997543 3900523
997076312 3670343
996358318 4518933
996380185 4205023
996380185 3975243
996286475 4516053
995853364 4360693
995690750 4360693
996062160 4728873
995861518 4688603
995637203 4688603
995758842 4728873
995239657 4809413
994713495 4809413
996111587 4728873
995978572 4842063
995978572 4625313
996286475 4635473
996148583 4444783
996078976 4406713
996177090 4669053
995932256 4647933
995824621 4728873
996229382 4771813
996063207 4769143
995985266 4769143
996188564 4728873
996107091 4650253
996018734 4608063
1006808183 60098343
1056822069 60098343
1045553244 4117390
1044494860 4297407
1043569400 4297407
1045033596 4728873
1042893702 6243493
1042043275 7196861
1044643386 6586421
1046965478 8939482
1048328501 10027283
1047757903 5892106
1047189799 5908944
1047625680 7300413
1046429314 5140533
1046309581 6310153
1046139716 6748137
1046152099 5111155
1046271279 6116708
1046420845 6523774
1046675882 5750911
1049776212 6520650
1050698010 6679102
1047208684 4885008
1048100586 4866942
1049011241 4866942
1046783330 4728873
1046176281 4230690
1045938910 4004009
1045181906 3660786
1044372624 2242431
1044372624 690346
1046300361 2688755
1049756798 936835
1051260268 0
1048101162 3606765
1049039544 3468118
1049693981 5557288
1046615210 5733969
1046194795 5522772
1047244149 5522772
1047182688 4728873
1048433564 2243817
1048669871 1553279
1046515890 4099056
1046581490 3157324
1046581490 2467988
1046300361 4090423
1045001029 3624319
1044513188 3624319
1045627415 4728873
1045025490 4608062
1044352543 4608062
1044717462 4728873
1043159908 4970495
1041581422 4970495
1045775697 4728873
1045376653 5068453
1045376653 4418217
1046300361 4448671
1045886683 3876598
1045677863 3762387
1045972205 4549393
1045237705 4486037
1044914800 4728873
1046129082 4857681
1045630555 4849684
1045396734 4849684
1046006626 4728873
1045762207 4493007
1045497138 4366441
1056822069 60098343
1093293610 69676903
1072185183 4159337
1072081701 4159337
1073574990 5652625
1073574990 7507517
1070226809 8318674
1070226809 6014229
1068733520 7507518
1066878628 7507518
1068268435 4159337
1068371917 4159337
1066878628 2666048
1066878628 811156
1070226809 0
1070226809 2304445
1071720098 811157
1073574990 811157
1056822069 44694091
1070879601 4159337
1070845106 4159337
1071342869 4657097
1071342869 5275397
1070226809 5545787
1070226809 4777627
1069729046 5275397
1069110749 5275397
1069574018 4159337
1069608512 4159337
1069110749 3661567
1069110749 3043277
1070226809 2772887
1070226809 3541037
1070724572 3043277
1071342869 3043277
1115521757 4159337
1070879601 4159337
1070845106 4159337
1071342869 4657097
1071342869 5275397
1070226809 5545787
1070226809 4777627
1069729046 5275397
1069110749 5275397
1069574017 4159337
1069608512 4159337
1069110749 3661567
1069110749 3043277
1070226809 2772887
1070226809 3541037
1070724572 3043277
1071342869 3043277
1093293610 69676903
1155842078 93978967
1133528816 3348181
1132320901 3348181
1133814190 4841470
1133814190 6696362
1130466009 6109567
1130466009 5203073
1128972720 6696358
1127117828 6696358
1127403202 3348181
1128611117 3348181
1127117828 1854896
1127117828 4
1130466009 586795
1130466009 1493289
1131959298 0
1133814190 0
1115521757 27140785
1131486944 3348181
1131084307 3348181
1131582070 3845951
1131582070 4464241
1130466009 4268651
1130466009 3966471
1129968246 4464241
1129349948 4464241
1129445074 3348181
1129847711 3348181
1129349948 2850411
1129349948 2232121
1130466009 2427711
1130466009 2729891
1130963771 2232121
1131582069 2232121
1175760956 3348181
1131486945 3348181
1131084306 3348181
1131582069 3845951
1131582069 4464241
1130466009 4268651
1130466009 3966471
1129968246 4464241
1129349949 4464241
1129445073 3348181
1129847712 3348181
1129349949 2850411
1129349949 2232121
1130466009 2427711
1130466009 2729891
1130963772 2232121
1131582069 2232121
1155842078 93978967
1275988379 84745586
1220501960 10303423
1216522941 10303423
1218016230 11796712
1218016230 13651603
1214668049 20606846
1214668049 12158315
1213174760 13651603
1211319868 13651603
1208834138 10303423
1212813157 10303423
1211319869 8810135
1211319869 6955243
1214668049 0
1214668049 8448532
1216161337 6955243
1218016229 6955243
1175760956 44888450
1216612686 10303423
1215286346 10303423
1215784109 10801183
1215784109 11419483
1214668049 13737893
1214668049 10921723
1214170286 11419483
1213551989 11419483
1212723412 10303423
1214049751 10303423
1213551989 9805663
1213551989 9187363
1214668049 6868953
1214668049 9685123
1215165811 9187363
1215784109 9187363
1259962997 10303423
1216612686 10303423
1215286346 10303423
1215784109 10801183
1215784109 11419483
1214668049 13737893
1214668049 10921723
1214170286 11419483
1213551989 11419483
1212723412 10303423
1214049751 10303423
1213551989 9805663
1213551989 9187363
1214668049 6868953
1214668049 9685123
1215165811 9187363
1215784109 9187363
1275988379 84745586
1314783562 105314703
1276340339 2162983
1277062520 0
1279020549 0
1277849105 3710613
1278030515 5438376
1279221354 6333926
1276283238 3932363
1276430152 3143833
1276430152 2519769
1275988379 2964545
1276711281 2086417
1276711281 1363435
1275988379 3176971
1277860372 4054916
1278036599 4124821
1276740326 4008894
1277345411 3375122
1277775552 2882197
1276428055 3206762
1277404847 1139073
1278237405 1139073
1276265047 3710613
1276469899 3417215
1276791603 3417215
1276844065 3710613
1277659666 2941366
1278398050 2588800
1290893234 121791773
1276105699 3194733
1276346426 2473743
1276999102 2473743
1276608621 3710613
1276669091 4286533
1277066037 4585053
1276086666 3784523
1276135637 3521683
1276135637 3313663
1275988379 3461923
1276229346 3169213
1276229346 2928223
1275988379 3532733
1276612377 3825373
1276671119 3848683
1276239028 3810033
1276440723 3598783
1276584103 3434473
1276134938 3542663
1276460535 2853433
1276738055 2853433
1276080601 3710613
1276148885 3612813
1276256120 3612813
1276273608 3710613
1276545475 3454193
1276791603 3336673
1315707615 6719373
1276105699 3194733
1276346426 2473743
1276999103 2473743
1276608621 3710613
1276669091 4286533
1277066037 4585053
1276086665 3784523
1276135637 3521683
1276135637 3313663
1275988379 3461923
1276229346 3169213
1276229346 2928223
1275988379 3532733
1276612377 3825383
1276671119 3848683
1276239028 3810033
1276440723 3598783
1276584103 3434473
1276134938 3542663
1276460535 2853433
1276738055 2853433
1276080601 3710613
1276148885 3612813
1276256120 3612813
1276273608 3710613
1276545475 3454193
1276791603 3336673
1314783562 105314703
1354502798 105314703
1316059575 2162983
1316781756 0
1318739785 0
1317568341 3710613
1317749751 5438376
1318940590 6333926
1316002474 3932363
1316149388 3143833
1316149388 2519769
1315707615 2964545
1316430517 2086417
1316430517 1363435
1315707615 3176971
1317579608 4054916
1317755835 4124821
1316459562 4008894
1317064647 3375122
1317494788 2882197
1316147291 3206762
1317124083 1139073
1317956641 1139073
1315984283 3710613
1316189135 3417215
1316510839 3417215
1316563301 3710613
1317378902 2941366
1318117286 2588800
1354502798 105314703
1406772059 105193894
1354854758 2162984
1355576939 0
1357534968 0
1356363524 3710614
1356544934 5438378
1357735773 6333928
1354797657 3932364
1354944571 3143834
1354944571 2519769
1354502798 2964546
1355225700 2086418
1355225700 1363436
1354502798 3176972
1356374791 4054917
1356551018 4124822
1355254745 4008895
1355859830 3375123
1356289971 2882198
1354942474 3206763
1355919266 1139074
1356751824 1139074
1354779466 3710614
1354984318 3417216
1355306022 3417216
1355358484 3710614
1356174085 2941367
1356912469 2588801
1373899012 121751504
1354620118 3194734
1354860845 2473744
1355513521 2473744
1355123040 3710614
1355183510 4286534
1355580456 4585054
1354601085 3784524
1354650056 3521684
1354650056 3313664
1354502798 3461924
1354743765 3169214
1354743765 2928224
1354502798 3532734
1355126796 3825374
1355185538 3848684
1354753447 3810034
1354955142 3598784
1355098523 3434474
1354649356 3542664
1354974954 2853434
1355252473 2853434
1354595021 3710614
1354663305 3612814
1354770539 3612814
1354788027 3710614
1355059894 3454194
1355306022 3336674
1394222035 6719374
1354620118 3194734
1354860845 2473744
1355513521 2473744
1355123040 3710614
1355183510 4286534
1355580456 4585054
1354601085 3784524
1354650056 3521684
1354650056 3313664
1354502798 3461924
1354743765 3169214
1354743765 2928224
1354502798 3532734
1355126796 3825374
1355185538 3848684
1354753447 3810034
1354955142 3598784
1355098523 3434474
1354649356 3542664
1354974954 2853434
1355252473 2853434
1354595021 3710614
1354663305 3612814
1354770539 3612814
1354788027 3710614
1355059894 3454194
1355306022 3336674
1406772059 105193894
1459041320 105193894
1407124019 2162984
1407846200 0
1409804229 0
1408632785 3710614
1408814195 5438378
1410005034 6333928
1407066918 3932364
1407213832 3143834
1407213832 2519769
1406772059 2964546
1407494961 2086418
1407494961 1363436
1406772059 3176972
1408644052 4054917
1408820279 4124822
1407524006 4008895
1408129091 3375123
1408559232 2882198
1407211735 3206763
1408188527 1139074
1409021085 1139074
1407048727 3710614
1407253579 3417216
1407575283 3417216
1407627745 3710614
1408443346 2941367
1409181730 2588801
1459041320 105193894
