1457
56142000 96888000
39479000 22704000
37327000 21350000
36169000 19328000
91404000 74184000
59790000 96888000
38305000 22704000
91404000 74184000
72823000 96888000
33788000 22704000
68699000 0
41953000 22704000
31647000 45408000
36541000 22704000
57671000 0
41953000 22704000
38096000 45408000
37614000 22704000
50149000 0
41953000 22704000
43976000 45408000
37906000 22704000
43977000 0
41953000 22704000
50148000 45408000
37614000 22704000
38097000 0
41953000 22704000
56874000 44255000
40887000 23433000
39605000 23857000
38219000 23857000
41071000 22704000
91404000 74184000
41953000 22704000
59832000 37882000
41953000 23415000
41953000 24298000
41420000 25761000
40526000 26919000
91404000 74184000
41953000 22704000
59832000 31123000
41953000 27126000
91404000 74184000
41953000 22704000
59771000 25842000
41993000 23007000
42014000 23315000
42014000 23628000
41953000 25338000
24074000 16008000
41953000 22704000
6000 26585000
83900000 18823000
41953000 22704000
0 38414000
41953000 14383000
83906000 15315000
56142000 96888000
147546000 51941000
130883000 22703000
128731000 24056000
127573000 26079000
174403000 42030000
101743000 0
129709000 22703000
182808000 74644000
164227000 51941000
125192000 22703000
160103000 45406000
133357000 22703000
123051000 0
127945000 22703000
149075000 45406000
133357000 22703000
129500000 0
129018000 22703000
141553000 45406000
133357000 22703000
135380000 0
129310000 22703000
135381000 45406000
133357000 22703000
141552000 0
129018000 22703000
129501000 45406000
133357000 22703000
148278000 1152000
132291000 21974000
131009000 21551000
129623000 21551000
132475000 22703000
123052000 45406000
133357000 22703000
151236000 7526000
133357000 21992000
133357000 21109000
132824000 19645000
131930000 18487000
182808000 74644000
133357000 22703000
151236000 14284000
133357000 18281000
115478000 35544000
133357000 22703000
151175000 19565000
133397000 22400000
133418000 22093000
133418000 21779000
133357000 20069000
115478000 29399000
133357000 22703000
91410000 18823000
133451000 26393000
136395000 29336000
140042000 29336000
138850000 22703000
163126000 19950000
133357000 22703000
91404000 6993000
133357000 31025000
175310000 30091000
147546000 51941000
254008000 38400000
198208000 23905185
191313185 30800000
182808000 30800000
189702815 15400000
182808000 8505185
182808000 0
198208000 6894815
205102815 0
213608000 0
206713185 15400000
213608000 22294815
213608000 30800000
198208000 15400000
254008000 38400000
308636000 51881000
291036000 6668000
290990000 6725000
290905000 6782000
291018000 6722000
290898000 6432000
290796000 6565000
290860000 6708000
291063000 7006000
290876000 7135000
291045000 6667000
291046000 6685000
290952000 6587000
290849000 6462000
290895000 6743000
290955000 6816000
290965000 6615000
290939000 6647000
290864000 6556000
290797000 6529000
290997000 6899000
290949000 7022000
290935000 6498000
290652000 6473000
290770000 6656000
291072000 6670000
291155000 6997000
290965000 6822000
290912000 6452000
290548000 6619000
290733000 6737000
291225000 6570000
291278000 6930000
291067000 6944000
290988000 6641000
291021000 6776000
290886000 6813000
290901000 6571000
290721000 6614000
290796000 6797000
291015000 6646000
291191000 6749000
291145000 6800000
290757000 6589000
290480000 6435000
290196000 6450000
290785000 6547000
290577000 6468000
290367000 6387000
290873000 6570000
290926000 6412000
291058000 6431000
291195000 6442000
290978000 6284000
290849000 6338000
290914000 6571000
290712000 6468000
290842000 6344000
291097000 6438000
290937000 6229000
291130000 6250000
291208000 6524000
291150000 6277000
290970000 6350000
290893000 6580000
290842000 6491000
290821000 6384000
290976000 6476000
290836000 6578000
290914000 6422000
291086000 6431000
291015000 6314000
290939000 6275000
291025000 6362000
290978000 6094000
290783000 6056000
290903000 6429000
291099000 6315000
291008000 6178000
290959000 6392000
290880000 6093000
290671000 6100000
290944000 6652000
290927000 6675000
290858000 6550000
290923000 6421000
290809000 6609000
290870000 6703000
290900000 6539000
290724000 6520000
290618000 6563000
290981000 6416000
290839000 6405000
290764000 6509000
290798000 6539000
290975000 6920000
290833000 7025000
290978000 6681000
290978000 6844000
291002000 6975000
290879000 6367000
290780000 6683000
290798000 6809000
291078000 6780000
290813000 6868000
290811000 7063000
291043000 6613000
290906000 6680000
290980000 6781000
291043000 6682000
291023000 6928000
290830000 6816000
290888000 6457000
290559000 6622000
290564000 6372000
290947000 6397000
290855000 6156000
290671000 6119000
290951000 6634000
291043000 6800000
290877000 6787000
290877000 6611000
290796000 6781000
290723000 6891000
290902000 6564000
290993000 6742000
290824000 6747000
290902000 6643000
290694000 6645000
290689000 6446000
291030000 6424000
290857000 6407000
290827000 6360000
291111000 6478000
291211000 6294000
291020000 6322000
290955000 6558000
290698000 6612000
290890000 6547000
291144000 6464000
290859000 6466000
290980000 6356000
291158000 6391000
290931000 6347000
290873000 6275000
291115000 6445000
291025000 6323000
290927000 6365000
291001000 6389000
290774000 6608000
290714000 6432000
290940000 6472000
290937000 6125000
290771000 6290000
290939000 6655000
290929000 6908000
290798000 6932000
290847000 6386000
290764000 6687000
290805000 6834000
291017000 6749000
291144000 6891000
291061000 7075000
290952000 8942000
291006000 11338000
290990000 13731000
311066000 6550000
331099000 6550000
351133000 6550000
291033000 4367000
291033000 2183000
291033000 0
290923000 6566000
291085000 6383000
291026000 6291000
290982000 6298000
291141000 5919000
290814000 5828000
290647000 6318000
290271000 6057000
289880000 5841000
289608000 6657000
288175000 6681000
286755000 6837000
290551000 6665000
290111000 7007000
289587000 6883000
290682000 6553000
290254000 6342000
289942000 6551000
290953000 6638000
291057000 6749000
290917000 6775000
290856000 6713000
290738000 6973000
290499000 6699000
290715000 6405000
290438000 6073000
290059000 6194000
289930000 6614000
288823000 6744000
287719000 6676000
290436000 6505000
289815000 6345000
289240000 6316000
290911000 6690000
290751000 6876000
290720000 7034000
290597000 6956000
290176000 7467000
289858000 7972000
290819000 6490000
290686000 6930000
290971000 6888000
291197000 6586000
291085000 6864000
291089000 6987000
291012000 6851000
290750000 7106000
290755000 7397000
291136000 6586000
291266000 6614000
291286000 6756000
291102000 6727000
291126000 6975000
291033000 7138000
290895000 6421000
290701000 6650000
290852000 6753000
290928000 6637000
290985000 6354000
290901000 6303000
290969000 6404000
290853000 6494000
290796000 6581000
290937000 6599000
291109000 6383000
290883000 6437000
290896000 6532000
290665000 6540000
290580000 6463000
291130000 6512000
291309000 6654000
291314000 6475000
291175000 6421000
290949000 6186000
290880000 6385000
291061000 6669000
290810000 6593000
290892000 6468000
291049000 6240000
291029000 5829000
291068000 5575000
291152000 6625000
291528000 6557000
291367000 6372000
290922000 6485000
290763000 6558000
290686000 6647000
290932000 6192000
291193000 6296000
291430000 6291000
291218000 6562000
291154000 6337000
290999000 6365000
290898000 6506000
290611000 6624000
290673000 6385000
290948000 6266000
291423000 6574000
291386000 6312000
290757000 6332000
290340000 6448000
290018000 6481000
291171000 6648000
291584000 6669000
291514000 6913000
290959000 6632000
290660000 6578000
290770000 6734000
291293000 6568000
291242000 6862000
291246000 7050000
290963000 6787000
291197000 7240000
290870000 7294000
290921000 6545000
290743000 6851000
290783000 6613000
291032000 6384000
291190000 6275000
291118000 6084000
290871000 6358000
291016000 6036000
290873000 5822000
290843000 6587000
290950000 6904000
290903000 7050000
291008000 6901000
291059000 7294000
290892000 7606000
291097000 6624000
290948000 6828000
290914000 6644000
290902000 5674000
291057000 4750000
290914000 3872000
290891000 6437000
290892000 6682000
290827000 6725000
290900000 6558000
290942000 6658000
291027000 6703000
291111000 7280000
291087000 8025000
291054000 8759000
291029000 6677000
290800000 6589000
290812000 6750000
290980000 6665000
291090000 6871000
290923000 6875000
290926000 6603000
290933000 6805000
290804000 6638000
290918000 6476000
290758000 6390000
290793000 6243000
290905000 6546000
290962000 6421000
290940000 6300000
291033000 6353000
290883000 5832000
290865000 6285000
291003000 6700000
291073000 6962000
290988000 7069000
290884000 6477000
290692000 6563000
290596000 6612000
291003000 6424000
290887000 6481000
290836000 6550000
290820000 6636000
290669000 6357000
290808000 6219000
291176000 6584000
291305000 6432000
291120000 6397000
290878000 6370000
290985000 6044000
290949000 5818000
291021000 5697000
291122000 4832000
291036000 3985000
290976000 6398000
290801000 6513000
290836000 6650000
290976000 7454000
291034000 8382000
290883000 9272000
290907000 6552000
290923000 6716000
290789000 6703000
290946000 6603000
290978000 6786000
290893000 6631000
290883000 6434000
290748000 6709000
290723000 6831000
291124000 6773000
291490000 6574000
291627000 6697000
291096000 6886000
290826000 6800000
290596000 6765000
290831000 6568000
290613000 6467000
290648000 6238000
290983000 5979000
291094000 5370000
290952000 4819000
290859000 6483000
290911000 6827000
290888000 6937000
290995000 7077000
291067000 7623000
290969000 8138000
290497000 6556000
289943000 6548000
289417000 6456000
290955000 6489000
290961000 6209000
290839000 6353000
291030000 6647000
291044000 6852000
290893000 6744000
290905000 6477000
290704000 6369000
290620000 6556000
290869000 6718000
290881000 6410000
290896000 6350000
291165000 6721000
291411000 6342000
291155000 6363000
290943000 6553000
290871000 6758000
290898000 6559000
291069000 6019000
290962000 5456000
291111000 4944000
291089000 6439000
291442000 6150000
291180000 6209000
290928000 6635000
290818000 6790000
290689000 6682000
290863000 6682000
290974000 7015000
290937000 7218000
291003000 6916000
291094000 7342000
290920000 7672000
290920000 6589000
290721000 6714000
290787000 6497000
291080000 6443000
290986000 6155000
290885000 6350000
291029000 6645000
290889000 6829000
290899000 6631000
291011000 6397000
291290000 6322000
291136000 6175000
290948000 6464000
290811000 6386000
290949000 6285000
291113000 6376000
290931000 6239000
290795000 6228000
291038000 6449000
291062000 6118000
290883000 6228000
290946000 6694000
290737000 6408000
290702000 6609000
291056000 6649000
291121000 6847000
290942000 6747000
290812000 6518000
291134000 6423000
291077000 6288000
291067000 6429000
290925000 6422000
290899000 6378000
291018000 6355000
290989000 6032000
290786000 5966000
290962000 6605000
291019000 6859000
290948000 6659000
291045000 6356000
290836000 6124000
290655000 6284000
290970000 6635000
291088000 6766000
290971000 6813000
290936000 6821000
291229000 6992000
291233000 7237000
290907000 6645000
290486000 6660000
290598000 6900000
291080000 6631000
291175000 6846000
291102000 6882000
290771000 6461000
290888000 6904000
291080000 6890000
291133000 6711000
290880000 6745000
290880000 6910000
290945000 6399000
290862000 6552000
290867000 6668000
290976000 6463000
290862000 6480000
290983000 6407000
291085000 6343000
290776000 6425000
290680000 6393000
290989000 6424000
290778000 6505000
290858000 6310000
291021000 6230000
291177000 5885000
291086000 5581000
290870000 6437000
290878000 6776000
290855000 6878000
290968000 6838000
291053000 7236000
290818000 7447000
290910000 6605000
290705000 6590000
290779000 6406000
291063000 6442000
291239000 6396000
291124000 6263000
290866000 6264000
290987000 5893000
290877000 5587000
290908000 6861000
290952000 7238000
290777000 7522000
291018000 6662000
291238000 6874000
290995000 6859000
290780000 6612000
290468000 6451000
290552000 6154000
291017000 6376000
291186000 6280000
291339000 6284000
291081000 6346000
290727000 6525000
290786000 6309000
290973000 6346000
291388000 6507000
291255000 6325000
290935000 6480000
290707000 6373000
290655000 6535000
290962000 6486000
290831000 6445000
290752000 6522000
291002000 6418000
291115000 6124000
290939000 6093000
290857000 6799000
291041000 7176000
290874000 7419000
290924000 6513000
290788000 6544000
290773000 6672000
290962000 6135000
290902000 6507000
290755000 6669000
290912000 6675000
290889000 6554000
290942000 6434000
291080000 6378000
290840000 6356000
290837000 6522000
291063000 6713000
290961000 6664000
290858000 6675000
290915000 6557000
290936000 6815000
290851000 6650000
290920000 6506000
290959000 6666000
290846000 6647000
290877000 6602000
290815000 6922000
290667000 6675000
290878000 6296000
290760000 6382000
290633000 6584000
290922000 6655000
290651000 6704000
290686000 6472000
291012000 6370000
290991000 6075000
290786000 6031000
290986000 6644000
290971000 6681000
290896000 6553000
290963000 6432000
290888000 6111000
290699000 6260000
290965000 6597000
290879000 6849000
290854000 6644000
291071000 6416000
290947000 6174000
290808000 6321000
290986000 6700000
290825000 6622000
290865000 6482000
291037000 6385000
290845000 6346000
290858000 6175000
291028000 6381000
290843000 6428000
290811000 6550000
291041000 6358000
291001000 5966000
290717000 6090000
290883000 6583000
290803000 6765000
290752000 6853000
290926000 6486000
290888000 6686000
290808000 6522000
290843000 6387000
290767000 6738000
290730000 6866000
291023000 6656000
291068000 6701000
290936000 6703000
291012000 6530000
291001000 6405000
290942000 6397000
291139000 6457000
291093000 6208000
290940000 6319000
290977000 6641000
290770000 6761000
290767000 6575000
291041000 6445000
290916000 6405000
290849000 6456000
291107000 6477000
291197000 6338000
291023000 6328000
290782000 6595000
291048000 6306000
291039000 6188000
291067000 6373000
291205000 5836000
290973000 6210000
291010000 6594000
290776000 6839000
290903000 6683000
291165000 6442000
291040000 6145000
290892000 6313000
290974000 6635000
290927000 6911000
290880000 6672000
291096000 6446000
291020000 6376000
290939000 6378000
290951000 6370000
290976000 5951000
290866000 5937000
290957000 6727000
290946000 7007000
290966000 7157000
290990000 6473000
290894000 6390000
290839000 6528000
290983000 6627000
290931000 6652000
290936000 6547000
290993000 6410000
290767000 6358000
290802000 6556000
291034000 6760000
290823000 6598000
290749000 6531000
290833000 6547000
290980000 6931000
290942000 6934000
290920000 6408000
290774000 6557000
290867000 6691000
291105000 6718000
291224000 6881000
291224000 7053000
291148000 6610000
291001000 6797000
291161000 6760000
291145000 6479000
291161000 6884000
291002000 6737000
290981000 6457000
290799000 6293000
290711000 6444000
290979000 6678000
291318000 6840000
291046000 6812000
290561000 6569000
290040000 6381000
289595000 6557000
290930000 6621000
290933000 6768000
290961000 6881000
290915000 6494000
290890000 6586000
290877000 6419000
290946000 6350000
290875000 6603000
290805000 6668000
290924000 6599000
290995000 6706000
291086000 6707000
291119000 6705000
290936000 6734000
290980000 6906000
291051000 6685000
291044000 6848000
290870000 6822000
290950000 6547000
290912000 6758000
290858000 6618000
291002000 5992000
291123000 5429000
291121000 4875000
290876000 6372000
290860000 6761000
290852000 6863000
290964000 7057000
290966000 7590000
290917000 8087000
290928000 6648000
290719000 6680000
290683000 6813000
290922000 6479000
290890000 6113000
290727000 6237000
290955000 6594000
290772000 6400000
290742000 6591000
290944000 6604000
290949000 6400000
290867000 6388000
291139000 6491000
291095000 6336000
291221000 6290000
291062000 6348000
290891000 6138000
291033000 5947000
291019000 6407000
290871000 6312000
290889000 6141000
291068000 6371000
290959000 6257000
290805000 6309000
290895000 6403000
291310000 6305000
291117000 6159000
290874000 6566000
290597000 6615000
290518000 6425000
291091000 6464000
291207000 6351000
291083000 6260000
290980000 6373000
291007000 6156000
290942000 5997000
291143000 6484000
291277000 6215000
291046000 6250000
290821000 6564000
290722000 6373000
290670000 6206000
291002000 6469000
290747000 6361000
290949000 6372000
291150000 6698000
291517000 6589000
291395000 6394000
290691000 6358000
290364000 6677000
290149000 6912000
291022000 6099000
291159000 5613000
291045000 5178000
290828000 6428000
290801000 6793000
290776000 6925000
290992000 6923000
290905000 7290000
290778000 7628000
291117000 6620000
291180000 6840000
291067000 6907000
290942000 6532000
290667000 6560000
290821000 6684000
291238000 6586000
291249000 6757000
291186000 6933000
290907000 6869000
290916000 7213000
290876000 7553000
291042000 6753000
290750000 6946000
290934000 7130000
290776000 6578000
290487000 6603000
290598000 6259000
290993000 6357000
291215000 6236000
291105000 6050000
290966000 6428000
291108000 6096000
290911000 6125000
290980000 6583000
290861000 6798000
290915000 6616000
291090000 6365000
290914000 6247000
290967000 6053000
291066000 6422000
291012000 6238000
290949000 6187000
291110000 6454000
291015000 6380000
291089000 6275000
291041000 6367000
290797000 6398000
290727000 6253000
290934000 6475000
290882000 6595000
290792000 6535000
290859000 6618000
290895000 6869000
290877000 6972000
290928000 6485000
290749000 6547000
290830000 6690000
290863000 6592000
290997000 6802000
291020000 6906000
290936000 6396000
290742000 6430000
290605000 6394000
290980000 6432000
290833000 6631000
290883000 6460000
291093000 6418000
290929000 6404000
290899000 6396000
290991000 6346000
290692000 6618000
290614000 6441000
290789000 6508000
290664000 6901000
290414000 6863000
290961000 6439000
290804000 6434000
290708000 6353000
290865000 6573000
290772000 6776000
290605000 6753000
290972000 6648000
290935000 6872000
290808000 6722000
290942000 6530000
291159000 6391000
291083000 6281000
290983000 6370000
290719000 6288000
290808000 6078000
290959000 6417000
290647000 6627000
290795000 6450000
291098000 6417000
291124000 6177000
290962000 6113000
291228000 6317000
290996000 6066000
290845000 5896000
291048000 6405000
290901000 6384000
290821000 6322000
291013000 6501000
290953000 6266000
290898000 6425000
297161000 8310000
291154000 6623000
290931000 6729000
291008000 6606000
291042000 6561000
291041000 6471000
291058000 6494000
319974000 6781000
291075000 6552000
291074000 6441000
291033000 6550000
291067000 6575000
291057000 6582000
291099000 6424000
291033000 6550000
290993000 6544000
291033000 6547000
291033000 6553000
291205000 6681000
291167000 6691000
291115000 6666000
291114000 6566000
291017000 6627000
290947000 6494000
290952000 6534000
290923000 6644000
291072000 6595000
291101000 6492000
291033000 6550000
291249000 6587000
291056000 6581000
291124000 6457000
291033000 6550000
290817000 6541000
291165000 6589000
291018000 6499000
291033000 6550000
291027000 6562000
291143000 6619000
291046000 6505000
291033000 6550000
291027000 6566000
291146000 6639000
291031000 6514000
291033000 6550000
291248000 6562000
291037000 6515000
290907000 6544000
291033000 6550000
291071000 6560000
291029000 6589000
291148000 6458000
291033000 6550000
290764000 6553000
291131000 6646000
291046000 6511000
291033000 6550000
291317000 6581000
291056000 6580000
291134000 6473000
291033000 6550000
290733000 6538000
291059000 6698000
291107000 6488000
291033000 6550000
291043000 6609000
291024000 6498000
290952000 6501000
291033000 6550000
290767000 6516000
291036000 6547000
291030000 6553000
291599000 6559000
291084000 6735000
291114000 6348000
291033000 6550000
290670000 6563000
291091000 6674000
291057000 6517000
291033000 6550000
291499000 6571000
290928000 6556000
291247000 6660000
291080000 6663000
290828000 6564000
291036000 6611000
291158000 6603000
291011000 6468000
291006000 6478000
290945000 6425000
291023000 6554000
290986000 6484000
290949000 6509000
290292000 6554000
291036000 6546000
291030000 6554000
290999000 6559000
291061000 6541000
291005000 6559000
291014000 6556000
291046000 6547000
291020000 6553000
291008000 6553000
291043000 6556000
291081000 6537000
291033000 6550000
258008000 6578000
291040000 6615000
291015000 6550000
291033000 6550000
324311000 6632000
291087000 6658000
291351000 6506000
291108000 6556000
290888000 6602000
291079000 6469000
290958000 6544000
291321000 6600000
291099000 6483000
290962000 6483000
291033000 6550000
290355000 6575000
291067000 6518000
290999000 6582000
290930000 6578000
291087000 6635000
291170000 6450000
291033000 6550000
254008000 7344000
291270000 6548000
290878000 6596000
291001000 6553000
291061000 6547000
291037000 6550000
320976000 6806000
290881000 6713000
291267000 6856000
291202000 6628000
291011000 6494000
290910000 6389000
290864000 6472000
276961000 6556000
291087000 6576000
290981000 6605000
291033000 6550000
287218000 6594000
290897000 6530000
290866000 6702000
291020000 6684000
291141000 6590000
291418000 6519000
291236000 6425000
290972000 6535000
290906000 6534000
290843000 6541000
293002000 6556000
291038000 6546000
291036000 6560000
291033000 6550000
277204000 6797000
291029000 6553000
291022000 6539000
291033000 6550000
291027000 6566000
291033000 6553000
291033000 6547000
312921000 6593000
291131000 6663000
291379000 6467000
291305000 6688000
291081000 6753000
290845000 6605000
290751000 6625000
291037000 6483000
291036000 6391000
291043000 6337000
281226000 6632000
291181000 6745000
291169000 7054000
291071000 7268000
290817000 6605000
291101000 6768000
291217000 6738000
291238000 6543000
291403000 6775000
291633000 6697000
291273000 6539000
290867000 6576000
290786000 6550000
290881000 6545000
290738000 6489000
290643000 6412000
290947000 6568000
290999000 6725000
290864000 6678000
290834000 6662000
290987000 6376000
290933000 6253000
291040000 6401000
290989000 6190000
290983000 6079000
291148000 6546000
291137000 6244000
291167000 6275000
300830000 6781000
291284000 6613000
291333000 7039000
291146000 7150000
290979000 6439000
291234000 6194000
291002000 6178000
290887000 6649000
290962000 6374000
290951000 6322000
303471000 6800000
290898000 6574000
290740000 6842000
290964000 6784000
291155000 6547000
291309000 6300000
291102000 6316000
290945000 7006000
290910000 6653000
291077000 6924000
291143000 6709000
291059000 6480000
291015000 6324000
290923000 6391000
268411000 6622000
291187000 6554000
291168000 6590000
291040000 6591000
290980000 6624000
290950000 6567000
290889000 6534000
291077000 6532000
291123000 6527000
291170000 6525000
291433000 6684000
291210000 6690000
291516000 6579000
291699000 6682000
291050000 6686000
291106000 6950000
290871000 6880000
290850000 6520000
290651000 6638000
290501000 6620000
291025000 6402000
290890000 6109000
291061000 6018000
290655000 6591000
291115000 6650000
291086000 6686000
291033000 6550000
302315000 6631000
291175000 6559000
291703000 6561000
291301000 6569000
290944000 6554000
290424000 6510000
290765000 6531000
291889000 6560000
291175000 6480000
290879000 6798000
290952000 6646000
291031000 6491000
291048000 6450000
291114000 6454000
291852000 6637000
291034000 6673000
290965000 6837000
291004000 6619000
291030000 6555000
291057000 6425000
291062000 6481000
300861000 6541000
291079000 6635000
290985000 6731000
290917000 6662000
291061000 6505000
291106000 6465000
291149000 6438000
284908000 6593000
290849000 6594000
290938000 6837000
291098000 6735000
291123000 6493000
291084000 6333000
290968000 6365000
289089000 6560000
291242000 6590000
290973000 6713000
290999000 6556000
291058000 6544000
291042000 6550000
291411000 6587000
291197000 6505000
291344000 6661000
291221000 6797000
290753000 6709000
290682000 6276000
290845000 6303000
286761000 6575000
291292000 6579000
291619000 6537000
291836000 6678000
291048000 6661000
290813000 6485000
290724000 6516000
290875000 6509000
290623000 6533000
290530000 6591000
291026000 6418000
290686000 6539000
290836000 6425000
291101000 6540000
291171000 6546000
291239000 6540000
303758000 6563000
290882000 6545000
290866000 6729000
291021000 6740000
291122000 6625000
291376000 6636000
291273000 6472000
290986000 6473000
290897000 6418000
290805000 6438000
279296000 6625000
291027000 6717000
291009000 6568000
291033000 6550000
291011000 6815000
291033000 6547000
291033000 6553000
291033000 6550000
290954000 6581000
291020000 6782000
291005000 6779000
291001000 6629000
291041000 6597000
291005000 6678000
291103000 6627000
291092000 6466000
291076000 6462000
291017000 6486000
291122000 6345000
291046000 6281000
291033000 6554000
291043000 6546000
291028000 6544000
291033000 6550000
291030000 6559000
291019000 6557000
291031000 6540000
291033000 6550000
291039000 6547000
291028000 6562000
291028000 6538000
291033000 6550000
302742000 6637000
290980000 6572000
290851000 6700000
290927000 6588000
291038000 6526000
291216000 6486000
291139000 6512000
285515000 6653000
291136000 6575000
291298000 6810000
291098000 6794000
290592000 6508000
290101000 6566000
289696000 6372000
291032000 6428000
291519000 6522000
291701000 6497000
291236000 6528000
291413000 6605000
291596000 6644000
291123000 6547000
291042000 6417000
291074000 6443000
291654000 6594000
290899000 6722000
291254000 6654000
291274000 6706000
290919000 6587000
290670000 6685000
290583000 6572000
290989000 6429000
291166000 6520000
291167000 6391000
291054000 6537000
291081000 6538000
291108000 6531000
295737000 6619000
290985000 6687000
291045000 6440000
291033000 6550000
282854000 6875000
291407000 6544000
290959000 6594000
290983000 6553000
291050000 6550000
291067000 6547000
291083000 6547000
291462000 6550000
291165000 6585000
291004000 6606000
291033000 6550000
292148000 6556000
291445000 6562000
291967000 6592000
292305000 6619000
290540000 6553000
290033000 6590000
289549000 6500000
291100000 6527000
291175000 6539000
291245000 6531000
297652000 6600000
291066000 6663000
291253000 6562000
291258000 6591000
290950000 6552000
290629000 6643000
290808000 6509000
286158000 6578000
291163000 6534000
291199000 6616000
291061000 6625000
290958000 6567000
290886000 6478000
291005000 6475000
295752000 7488000
291075000 6643000
290858000 6609000
291008000 6556000
291042000 6551000
291048000 6541000
291058000 6544000
308636000 51881000
