816
1011821 47109906
9819410 26267947
5423110 33844238
0 33844238
4396300 16922119
0 9345828
0 0
9819410 7576291
14215710 0
19638820 0
15242520 16922119
19638820 24498410
19638820 33844238
1011821 47109906
58074312 74467302
21673772 5044582
21545871 4737260
21545871 4219688
21775799 4460564
25600181 4268245
26279685 4184815
23504247 5344283
25252438 5005858
26739541 4068570
22925387 4831944
22780743 3481176
22668461 2371395
21582755 3648468
19638820 2302297
19638820 383608
21775799 4724284
23922223 3304701
24521412 2813125
23565578 4088164
23504712 2091689
23831626 0
22188703 2914633
22832484 2150536
24778390 441731
23373916 4153111
23541947 3353831
23966879 1418187
22223834 3515618
25025724 1501056
26739540 546351
23702272 4483336
25683876 5013857
27686304 4649794
22733664 5382354
22934008 5258527
23588173 4696292
58074312 74467302
120275068 60869304
64185076 8600727
61038474 8620355
58074312 9485580
65935053 8243849
63524952 9092294
62564673 10055180
66878560 8180410
67543677 9490806
67650141 9811065
67768275 9660765
68164098 11968998
68164098 13844762
67176760 9045700
67314605 9926788
67190286 11066510
67087262 8701885
67110446 9511803
66987407 10322543
66998362 9056911
68005572 10133428
68935034 10636404
68172780 8420395
69317205 8811360
70449854 8811360
69954982 7881401
67674021 8060163
69800645 7846527
72008163 7396051
76827096 6821782
81675756 6532961
71095209 7647990
68187109 7934943
70341653 7707034
67791061 7816420
68547060 7876011
69164962 7707034
67608137 7763433
67397560 8037462
67163235 7567539
66970726 7468216
67055033 6858113
67055033 6416716
67176760 7753853
66844826 5779772
66784530 5417010
66718574 5124825
66449718 2644808
65513162 0
66595575 6240151
65918244 3620521
64458198 2522514
65651467 6734325
64997914 7198068
63308558 6974691
66463499 7787089
65761581 7952132
65053307 7811654
66870550 7820668
66513676 7861827
66243522 7707034
66917612 7732914
66790526 7665689
66554602 7462919
66913879 7655463
66553730 7439671
66216472 7439671
67054391 7881401
66900759 7800029
66757479 7800029
66865681 7881401
66554602 7881401
66243522 7881401
67062427 7881401
67104626 8098392
67068559 8206887
120275068 60869304
146141196 11170644
124350218 4331400
122175068 3018750
122786239 2865537
122482049 2956025
122053193 3281250
122230295 3301258
121526312 3731320
120759443 4240625
122223809 3247170
121792531 3404727
120943818 3721875
122744716 2870618
122550793 2865625
121946943 2865625
122807341 2831250
122422924 2650000
121568818 2650000
122787552 2831250
122396945 2637500
121512568 2637500
122837923 2831250
122426610 2584375
121434443 2584375
122514321 2831250
121862631 2600000
120834443 2600000
122188137 2831250
121619902 2921875
121421943 2921875
121919570 2831250
121085874 3113600
120275068 3478125
122039262 3195775
121295111 3634566
120690693 4240625
122411243 3271265
122318663 3451859
122484443 3309375
122516045 3118332
122241528 3673237
122181318 3909375
122789858 3067388
122817089 2976221
122825068 2959375
124350218 4331400
125559443 4115625
122925066 2672896
122973933 2527581
123009443 2406250
123173826 2509001
123249961 2321754
123165693 2406250
123027591 2653245
123564873 2285139
124115693 2037500
123400888 2583611
124010710 2450000
124193818 2450000
123483513 2831250
124002350 2740625
124278193 2740625
123205240 2831250
123844052 3062500
124865693 3062500
122890657 2831250
123274282 3078125
124265693 3078125
122929253 2831250
123304528 3025000
124187568 3025000
122923344 2831250
123279289 3012500
124131318 3012500
123262308 2831250
123955961 2922846
124803193 2606250
123699555 2513812
124473288 2220803
125365693 1628125
123547907 2367789
124311293 1909057
125093818 1315625
122784092 2881283
122918943 2815602
123256318 2634375
124350218 4331400
122103193 0
146141196 11170644
172007324 5570644
150216346 4328275
148041196 3015625
148652367 2862412
148348177 2952900
147919321 3278125
148096423 3298133
147392440 3725070
146625571 4234375
148089937 3244045
147658659 3401602
146809946 3718750
148610844 2867493
148416921 2862500
147813071 2862500
148673469 2828125
148289052 2646875
147434946 2646875
148653680 2828125
148263073 2634375
147378696 2634375
148704051 2828125
148292738 2584375
147300571 2584375
148380449 2828125
147728759 2593750
146700571 2593750
148054265 2828125
147486030 2918750
147288071 2918750
147785698 2828125
146952002 3110475
146141196 3475000
147905390 3192650
147161239 3631441
146556821 4237500
148277371 3268140
148184791 3448734
148350571 3306250
148382173 3115207
148107656 3670112
148047446 3906250
148655986 3064263
148683217 2973096
148691196 2956250
150216346 4328275
151425571 4112500
148790710 2670792
148840063 2527230
148875571 2406250
149040348 2505595
149116128 2315465
149031821 2400000
148893719 2650120
149431001 2282014
149981821 2034375
149267016 2580486
149876838 2446875
150059946 2446875
149349641 2828125
149868478 2737500
150144321 2737500
149071368 2828125
149710180 3062500
150731821 3062500
148756785 2828125
149140410 3071875
150131821 3071875
148795381 2828125
149170656 3021875
150053696 3021875
148789472 2828125
149145417 3009375
149997446 3009375
149128436 2828125
149822089 2919721
150669321 2603125
149565683 2510687
150339416 2220803
151231821 1628125
149414035 2364664
150177421 1905932
150959946 1312500
148650220 2878158
148785071 2809352
149122446 2628125
150216346 4328275
147969321 0
172007324 5570644
197873452 23145644
176082474 4331400
173907324 3018750
174518495 2865537
174214305 2956025
173785449 3281250
173962551 3301258
173258568 3728195
172491699 4237500
173956065 3247170
173524787 3407852
172676074 3725000
174476972 2870618
174283049 2865625
173679199 2865625
174539597 2831250
174155180 2650000
173301074 2650000
174519808 2831250
174129201 2637500
173244824 2637500
174570179 2831250
174158866 2584375
173166699 2584375
174246577 2831250
173594887 2596875
172566699 2596875
173920393 2831250
173352158 2921875
173154199 2921875
173651826 2831250
172818130 3113600
172007324 3478125
173771518 3195775
173027367 3637691
172422949 4243750
174143499 3271265
174050919 3451859
174216699 3309375
174248301 3118332
173973784 3670112
173913574 3906250
174522114 3067388
174549345 2979346
174557324 2962500
176082474 4331400
177291699 4115625
174656891 2673805
174706190 2527269
174741699 2406250
174906082 2509001
174982217 2321754
174897949 2406250
174759847 2653245
175297129 2285139
175847949 2037500
175133144 2583611
175742966 2446875
175926074 2446875
175215769 2831250
175734606 2740625
176010449 2740625
174937496 2831250
175576308 3065625
176597949 3065625
174622913 2831250
175006538 3078125
175997949 3078125
174661509 2831250
175036784 3025000
175919824 3025000
174655600 2831250
175011545 3012500
175863574 3012500
174994564 2831250
175688217 2922846
176535449 2606250
175431811 2513812
176205544 2220803
177097949 1628125
175280163 2367789
176043549 1909057
176826074 1315625
174516348 2881283
174651199 2815602
174988574 2634375
176082474 4331400
173835449 0
197873452 23145644
223757585 17132987
201948602 4331400
199773452 3018750
200384623 2865537
200080433 2956025
199651577 3281250
199828679 3301258
199124696 3728195
198357827 4237500
199822193 3247170
199390915 3407852
198542202 3725000
200343100 2870618
200149177 2865625
199545327 2865625
200405725 2831250
200021308 2650000
199167202 2650000
200385936 2831250
199995329 2637500
199110952 2637500
200436307 2831250
200024994 2584375
199032827 2584375
200112705 2831250
199461015 2600000
198432827 2600000
199786521 2831250
199218286 2921875
199020327 2921875
199517954 2831250
198684258 3110475
197873452 3475000
199637646 3195775
198893495 3637691
198289077 4243750
200009627 3271265
199917047 3451859
200082827 3309375
200114429 3118332
199839912 3670112
199779702 3906250
200388242 3067388
200415473 2979346
200423452 2962500
201948602 4331400
203157827 4115625
200523019 2673805
200572318 2527269
200607827 2406250
200772210 2509001
200848345 2321754
200764077 2406250
200625975 2653245
201163257 2285139
201714077 2037500
200999272 2583611
201609094 2450000
201792202 2450000
201081897 2831250
201600734 2740625
201876577 2740625
200803624 2831250
201442436 3062500
202464077 3062500
200489041 2831250
200872666 3078125
201864077 3078125
200527637 2831250
200902912 3025000
201785952 3025000
200521728 2831250
200877673 3012500
201729702 3012500
200860692 2831250
201554345 2922846
202401577 2606250
201297939 2513812
202071672 2220803
202964077 1628125
201146291 2367789
201909677 1909057
202692202 1315625
200382476 2881283
200517327 2815602
200854702 2634375
201948602 4331400
199701577 0
223757585 17132987
291115687 86511430
231649258 9148909
228116036 11787668
223757585 11787668
227290807 5893834
223757585 3255075
223757585 0
231649258 2638760
235182480 1
239540931 1
236007709 5893834
239540931 8532593
239540931 11787667
291115687 86511430
307111954 80276633
293598069 5334375
292187276 6160811
291343812 7259375
294372223 6432939
293984437 7763447
293984437 9093750
295215687 6774777
295593041 7965239
295956312 9012500
295082295 5375828
294993634 5392396
294843812 5446875
293784837 5854663
292932371 7186970
292662562 8284375
294945878 6431780
295009437 7418240
295009437 8103125
295215687 7095067
296213070 7929712
297021937 8821875
295869547 6055568
296499686 6660762
296900062 7065625
295229601 5435421
295242679 5517191
295256312 5634375
295240108 5544282
295262946 5763658
295278187 5934375
295230928 5505092
295237562 5725955
295237562 5565625
295215687 6204887
295770448 7218489
296465687 7631249
295910926 5747135
296505349 5756245
296940687 5756245
295966746 5334375
296417433 4963045
296675062 4712505
295473316 5083835
295613955 4862156
295743812 4643751
295475401 4897565
295656401 4462436
295821937 4021875
295546760 4453254
295759194 3679454
295853187 3259375
295666467 3319730
295263440 1525679
294940687 0
295140216 4977615
295040103 4323393
295006312 3731250
295181896 4742232
295283523 4149079
295262562 4203125
295382621 4903950
295453970 4594572
295471937 4540625
295233654 5280428
295166766 5384068
295278187 5250000
295749116 4692523
296464634 4455847
297484437 4390625
295293498 5806901
295352501 6260705
295368812 6618750
295237727 5818178
295118763 6162374
295209437 5971875
295088664 5601241
295006485 5824110
294956312 5984375
296965862 7084550
296937562 8381250
295839650 5020671
296463092 4368928
296681312 3837500
295433907 4802947
295405369 4724832
295446937 4637500
295622479 4479735
295593474 3781515
295559437 3034375
295197146 4927383
295152890 4511666
295093812 4093750
295325531 5345822
295443719 5350392
295550062 5375000
295716940 5450363
296183126 5509283
296684437 5646875
295293153 5355637
295296970 5362073
295362562 5384375
296965862 7084550
298656312 4856250
295215687 4893205
295098692 4616111
295034437 4475000
295132025 4894295
294916177 4522057
294709437 4290625
294954565 5042065
294708652 4889613
294484437 4765625
294767258 5086398
294366076 4966695
293975062 4859375
294433659 5119736
293513947 4966127
293606312 4987500
294464043 5160447
293852813 5163517
293303187 5168750
295070381 4841974
294922539 4358718
294790687 4018750
294681910 3958079
293672600 2872404
292490687 2043750
294033774 4505721
292657928 3918750
291150062 3918750
295215687 8834375
295714436 5334375
296554926 5612920
297271937 6115625
295932698 5837080
296502227 6547131
296687562 7025000
295235388 5385173
295278477 5538407
295303187 5609375
293763826 5541165
292243340 6108770
291115687 7465625
295085439 5491098
294980146 5664758
294878187 5834375
294789923 4067637
294434437 3091713
294434437 2140625
295215687 4729129
295426311 4091286
295721937 3706250
295511313 4949339
295779622 4778125
296312562 4778125
293534437 13981250
295219807 5562884
295234066 5786943
295246937 6012500
295262304 6151287
295377039 6910506
295493812 7462500
295504018 6697337
295688633 7807970
295543812 8834375
295195951 5310890
295197969 5303870
295175062 5278125
294640661 4688090
293857953 3987496
293206312 3268750
294564046 4615629
294315687 3753364
294315687 4196875
295215687 4555749
295219537 3819640
295321937 3403125
295318092 4917860
295269372 4944110
295562562 4837500
295411562 5263150
295874840 5281252
296721937 4909375
295323542 5287026
295443853 5222515
295568812 5140625
307111954 80276633
322352601 60098343
311083776 4117390
310025392 4297407
309099932 4297407
310564128 4728873
308424234 6243493
307573807 7196861
310173918 6586421
312496010 8939482
313859033 10027283
313288435 5892106
312720331 5908944
313156212 7300413
311959846 5140533
311840113 6310153
311670248 6748137
311682631 5111155
311801811 6116708
311951377 6523774
312206414 5750911
315306745 6520650
316228543 6679102
312739216 4885008
313631118 4866942
314541773 4866942
312313862 4728873
311706813 4230690
311469442 4004009
310712438 3660786
309903156 2242431
309903156 690346
311830893 2688755
315287330 936835
316790800 0
313631694 3606765
314570076 3468118
315224513 5557288
312145742 5733969
311725327 5522772
312774681 5522772
312713220 4728873
313964096 2243817
314200403 1553279
312046422 4099056
312112022 3157324
312112022 2467988
311830893 4090423
310531561 3624319
310043720 3624319
311157947 4728873
310556022 4608062
309883075 4608062
310247994 4728873
308690440 4970495
307111954 4970495
311306229 4728873
310907185 5068453
310907185 4418217
311830893 4448671
311417215 3876598
311208395 3762387
311502737 4549393
310768237 4486037
310445332 4728873
311659614 4857681
311161087 4849684
310927266 4849684
311537158 4728873
311292739 4493007
311027670 4366441
322352601 60098343
361147784 105314703
322704561 2162983
323426742 0
325384771 0
324213327 3710613
324394737 5438376
325585576 6333926
322647460 3932363
322794374 3143833
322794374 2519769
322352601 2964545
323075503 2086417
323075503 1363435
322352601 3176971
324224594 4054916
324400821 4124821
323104548 4008894
323709633 3375122
324139774 2882197
322792277 3206762
323769069 1139073
324601627 1139073
322629269 3710613
322834121 3417215
323155825 3417215
323208287 3710613
324023888 2941366
324762272 2588800
361147784 105314703
413417045 105193894
361499744 2162984
362221925 0
364179954 0
363008510 3710614
363189920 5438378
364380759 6333928
361442643 3932364
361589557 3143834
361589557 2519769
361147784 2964546
361870686 2086418
361870686 1363436
361147784 3176972
363019777 4054917
363196004 4124822
361899731 4008895
362504816 3375123
362934957 2882198
361587460 3206763
362564252 1139074
363396810 1139074
361424452 3710614
361629304 3417216
361951008 3417216
362003470 3710614
362819071 2941367
363557455 2588801
413417045 105193894
