86
5004 388
5080 404
5964 110
7948 1268
7506 2300
7394 2462
7413 2750
7548 2931
5067 5413
4928 5274
4619 5277
4477 5413
374 9351
0 9710
294 10015
452 10176
1188 10912
1349 11072
1774 11288
2076 10968
5948 6887
6083 6745
6084 6440
5948 6300
5948 6300
5949 6298
5948 6298
8439 3808
8702 4045
8950 4065
9186 4001
9641 3876
9895 4322
10167 4647
10044 4768
9862 4952
9879 5262
10083 5466
10287 5670
10598 5687
10780 5505
11594 4692
11776 4508
11759 4198
11554 3995
11370 3810
11103 3786
10917 3918
10359 3292
10652 3198
9916 2383
8537 974
7544 0
6254 1
5004 388
5004 388
13490 631
14786 1926
14536 2804
13658 3054
12362 1758
11776 2344
13265 4490
15021 4156
21184 10718
22128 11669
23401 10243
22518 9431
15933 3203
16334 1427
14120 0
13490 631
21596 9828
21764 9660
22036 9660
22204 9828
22372 9996
22372 10268
22204 10436
22036 10603
21764 10603
21596 10436
21428 10268
21428 9996
21596 9828
13490 631
