1437
58887 47531
14737 17374
8139 22386
0 22386
6598 11193
0 6182
0 0
14737 5011
21335 0
29474 0
22876 11193
29474 16204
29474 22386
58887 47531
100930 15706
61430 660
60291 851
58887 851
60025 425
58887 235
58887 0
61430 190
62568 0
63973 0
62834 425
63973 616
63973 851
100930 15706
116917 16634
100930 0
116917 16634
153970 38480
125742 5684
133796 8311
132333 8380
138437 6043
131263 8375
134021 8660
142657 6259
161475 7176
161963 7153
140387 5951
143734 6874
150513 6988
146679 6088
150306 7060
150100 4551
139694 3465
145993 999
141981 0
135888 4975
135595 3390
132046 9204
139900 5974
116917 5619
116917 5619
139900 5974
139223 3211
139223 3211
153970 38480
201995 35018
168293 13067
165128 29218
161963 16151
165128 0
201995 35018
228580 34464
211719 15266
211695 14543
210973 29007
232607 14622
211851 0
211510 14543
211797 13820
210997 14543
211719 15266
211092 14543
211797 13820
210997 14543
211719 15266
211091 14543
211797 13820
210998 14543
211719 15266
211091 14543
211797 13820
210998 14543
211719 15266
201995 14543
211797 13820
210997 14543
211719 15266
211092 14543
211797 13820
210997 14543
211719 15266
211091 14543
211797 13820
210998 14543
211719 15266
211091 14543
211797 13820
210998 14543
228580 34464
293558 71127
234919 55463
233964 53126
235131 50841
233436 53126
234921 55411
234936 53126
234740 59348
235036 53126
232607 105741
242414 53126
237468 0
234889 53126
235289 47413
234864 53126
235131 50841
233436 53126
234921 55411
233857 53126
235134 50789
233432 53126
293558 71127
324509 71127
295869 55463
294914 53126
296082 50841
294386 53126
295872 55411
295886 53126
295691 59348
295986 53126
293558 105741
303364 53126
298419 0
295839 53126
296239 47413
295814 53126
296082 50841
294386 53126
295872 55411
294808 53126
296084 50789
294383 53126
324509 71127
382129 75656
340053 46773
338109 45220
340027 47304
324906 45220
337891 90263
379237 45396
341133 0
324509 45220
340234 43135
338190 45220
340208 43667
337071 45220
382129 75656
412080 71148
384441 56738
383486 54347
384653 52009
382958 54347
384443 56684
384458 54347
384262 60713
384558 54347
382129 108172
391936 54347
386990 0
384411 54347
384811 48503
384386 54347
384653 52009
382958 54347
384443 56684
383379 54347
384656 51956
382954 54347
412080 71148
471580 71308
413634 56738
412611 54347
413713 52009
412083 54347
413634 56684
413583 54347
413567 60713
413683 54347
412767 108172
421061 54347
414590 0
413536 54347
413772 48503
413511 54347
413713 52009
412083 54347
413634 56684
412505 54347
413714 51956
412080 54347
471580 71308
515834 34913
472387 1176
472223 1352
472205 1570
472581 1173
472581 1179
472580 1185
472576 1287
472615 1396
472684 1473
472529 2332
471581 1166
472519 1082
472428 1030
472324 1030
472576 1166
472570 1166
472565 1166
472581 1166
472581 1166
472581 1166
472581 1166
472580 1166
472580 1166
472581 1166
472581 1166
472581 1166
472389 1178
472227 1369
472217 1603
472570 1407
472724 1603
472925 1603
472685 1166
472781 1113
472851 1029
473583 1166
472529 2333
472506 1243
472455 1352
472450 1473
472571 1400
472730 1589
472937 1589
472782 1166
472954 988
472974 764
472581 1165
472582 1165
472582 1164
472582 1160
472582 1154
472582 1147
472587 1045
472547 936
472478 859
472633 0
473582 1166
472644 1250
472735 1303
472839 1303
472587 1166
472592 1166
472597 1166
472775 1156
472937 964
472948 730
472592 925
472438 729
472238 729
472477 1166
472381 1219
472311 1303
471580 1166
472634 0
472657 1089
472707 980
472712 859
472592 933
472432 743
472225 743
472576 1166
472570 1166
472565 1166
515834 34913
572277 51591
528811 12310
528803 12312
528796 12313
522714 12356
517255 17685
515834 24621
529098 12310
529905 5969
535293 1006
541389 965
528843 12310
528869 12310
528894 12310
534945 12310
539606 17288
539708 23656
529217 12310
528471 5344
523798 0
517662 0
528798 12310
528780 12308
528760 12308
572277 51591
618805 72482
574068 11192
572458 13470
572513 16163
576333 10570
576338 10694
576348 10819
576331 10448
576330 10452
576331 10456
576370 21438
584134 10444
576293 0
576369 10138
576387 9825
576380 9506
576276 7751
574570 5474
572277 4725
618805 72482
636947 48556
620395 10065
618895 12114
618805 14535
622372 9506
622370 9618
622372 9729
622376 9396
622376 9400
622376 9403
621849 19279
629079 9392
622877 0
622425 9117
622456 8836
622467 8549
622467 6971
621118 4922
619186 4249
636947 48556
676388 68175
672808 70651
670341 74495
669841 78897
655850 329
655847 362
655844 394
655798 811
655769 1335
655769 1863
655853 766
655879 1229
655922 1688
680338 297
695703 68472
655718 197
655583 96
655444 0
636947 297
676388 68175
758800 78191
714085 24088
740297 10313
715878 6850
715323 6439
713904 2880
711631 0
695703 10313
758800 78191
776942 48556
760390 10065
758891 12114
758800 14535
762367 9506
762365 9618
762367 9729
762372 9396
762371 9400
762371 9403
761844 19279
769074 9392
762873 0
762420 9117
762451 8836
762462 8549
762462 6971
761113 4922
759182 4249
776942 48556
816383 68175
812803 70651
810336 74495
809836 78897
795845 329
795843 362
795839 394
795794 811
795764 1335
795764 1863
795849 766
795874 1229
795917 1688
820333 297
835699 68472
795713 197
795578 96
795439 0
776942 297
816383 68175
898796 78191
854080 24088
880292 10313
855874 6850
855318 6439
853899 2880
851627 0
835699 10313
898796 78191
928331 33920
902648 14966
902166 14469
902641 15136
898894 14469
902112 28881
912358 14525
902915 0
898796 14469
902692 13802
902186 14469
902686 13972
901909 14469
928331 33920
965656 35174
930841 39348
934077 19505
931554 0
928331 19167
965656 35174
996072 32470
966165 17746
965955 16998
966212 16267
965838 16998
966165 17729
966169 16998
966126 18989
966191 16998
965656 33834
967815 16998
966726 0
966158 16998
966246 15171
966153 16998
966212 16267
965838 16998
966165 17729
965931 16998
966212 16251
965838 16998
996072 32470
1018999 32470
996645 17746
996408 16998
996698 16267
996278 16998
996646 17729
996649 16998
996601 18989
996674 16998
996072 33834
998502 16998
997277 0
996638 16998
996737 15171
996631 16998
996698 16267
996278 16998
996646 17729
996382 16998
996698 16251
996277 16998
1018999 32470
1041677 32477
1019571 18154
1019335 17389
1019624 16641
1019204 17389
1019572 18137
1019576 17389
1019527 19426
1019600 17389
1018999 34611
1021429 17389
1020203 0
1019564 17389
1019663 15519
1019558 17389
1019624 16641
1019204 17389
1019572 18137
1019308 17389
1019625 16624
1019203 17389
1041677 32477
1071678 32528
1042062 18154
1041809 17389
1042082 16641
1041678 17389
1042062 18137
1042050 17389
1042045 19426
1042074 17389
1041847 34611
1043903 17389
1042299 0
1042038 17389
1042096 15519
1042032 17389
1042082 16641
1041678 17389
1042062 18137
1041782 17389
1042082 16624
1041677 17389
1071678 32528
1097901 20883
1071878 376
1071837 432
1071833 502
1071926 375
1071926 377
1071926 379
1071925 412
1071935 447
1071952 471
1071913 746
1071678 373
1071911 346
1071888 330
1071862 330
1071925 373
1071923 373
1071922 373
1071926 373
1071926 373
1071926 373
1071926 373
1071926 373
1071926 373
1071926 373
1071926 373
1071926 373
1071878 377
1071838 438
1071836 513
1071923 450
1071962 513
1072011 513
1071952 373
1071976 356
1071993 329
1072174 373
1071913 746
1071907 398
1071895 433
1071894 471
1071923 448
1071963 508
1072014 508
1071976 373
1072018 316
1072023 244
1071926 373
1071926 373
1071926 373
1071926 371
1071926 369
1071926 367
1071927 334
1071918 300
1071901 275
1071939 0
1072174 373
1071942 400
1071964 417
1071990 417
1071927 373
1071929 373
1071930 373
1071974 370
1072014 308
1072017 233
1071929 296
1071891 233
1071841 233
1071900 373
1071877 390
1071859 417
1071678 373
1071939 0
1071945 348
1071957 314
1071959 275
1071929 298
1071889 238
1071838 238
1071925 373
1071923 373
1071922 373
1097901 20883
1127144 26220
1101117 3939
1101115 3940
1101113 3940
1099606 3954
1098253 5659
1097901 7878
1101188 3939
1101388 1910
1102723 322
1104234 309
1101125 3939
1101131 3939
1101137 3939
1102637 3939
1103792 5531
1103817 7569
1101217 3939
1101032 1710
1099874 0
1098354 0
1101113 3939
1101109 3938
1101104 3938
1127144 26220
1153931 32904
1127588 3581
1127189 4310
1127203 5171
1128149 3382
1128151 3422
1128153 3462
1128149 3343
1128149 3344
1128149 3346
1128159 6859
1130082 3342
1128139 0
1128158 3244
1128163 3144
1128161 3042
1128135 2480
1127712 1751
1127144 1512
1153931 32904
1172073 48556
1155520 10065
1154021 12114
1153931 14535
1157498 9506
1157496 9618
1157498 9729
1157502 9396
1157502 9400
1157502 9403
1156975 19279
1164204 9392
1158003 0
1157551 9117
1157582 8836
1157593 8549
1157592 6971
1156243 4922
1154312 4249
1172073 48556
1211513 68175
1207934 70651
1205467 74495
1204967 78897
1190975 329
1190973 362
1190970 394
1190924 811
1190895 1335
1190895 1863
1190979 766
1191004 1229
1191048 1688
1215463 297
1230829 68472
1190844 197
1190709 96
1190570 0
1172073 297
1211513 68175
1293926 78191
1249210 24088
1275423 10313
1251004 6850
1250448 6439
1249029 2880
1246757 0
1230829 10313
1293926 78191
1312068 48556
1295516 10065
1294016 12114
1293926 14535
1297493 9506
1297491 9618
1297493 9729
1297497 9396
1297497 9400
1297497 9403
1296970 19279
1304200 9392
1297998 0
1297546 9117
1297577 8836
1297588 8549
1297588 6971
1296239 4922
1294307 4249
1312068 48556
1351509 68175
1347929 70651
1345462 74495
1344962 78897
1330971 329
1330968 362
1330965 394
1330919 811
1330890 1335
1330890 1863
1330974 766
1331000 1229
1331043 1688
1355459 297
1370824 68472
1330839 197
1330704 96
1330565 0
1312068 297
1351509 68175
1433921 78191
1389206 24088
1415418 10313
1390999 6850
1390444 6439
1389025 2880
1386753 0
1370824 10313
1433921 78191
1451362 32744
1434852 23037
1434447 22048
1434935 21159
1434614 22174
1434417 22406
1434406 22672
1434896 22058
1434895 22067
1434895 22076
1434896 22049
1434896 22049
1434896 22049
1434896 22049
1434896 22050
1434896 22051
1434896 22049
1434896 22049
1434896 22049
1434846 23187
1434595 22181
1434400 22374
1434390 22588
1434896 22058
1434896 22067
1434896 22076
1434896 22048
1434896 22049
1434896 22049
1434896 22049
1434896 22050
1434896 22051
1434896 22048
1434896 22049
1434896 22049
1433921 44092
1437772 22048
1435871 0
1434896 22043
1434897 22041
1434898 22033
1434898 22025
1434906 21823
1434709 21621
1434394 21489
1434946 20924
1434896 22043
1434897 22041
1434897 22033
1434898 22025
1434914 21649
1434509 21325
1433993 21325
1434890 22048
1434884 22048
1434878 22048
1434895 22048
1434893 22048
1434892 22048
1451362 32744
1468272 17531
1452017 1089
1451786 1101
1451592 1127
1451905 1174
1452164 1131
1452089 1173
1452049 1221
1452237 1094
1452263 1170
1452266 1097
1451858 2005
1451859 2006
1452602 1989
1452310 1098
1452409 923
1453008 825
1453718 871
1452976 1141
1453563 1315
1453692 1505
1452310 1098
1452266 1096
1452712 53
1452593 0
1451362 24
1452079 1048
1451860 1011
1451622 987
1451879 1071
1468272 17531
1485084 17260
1468789 3011
1468509 3030
1468272 3072
1469099 3676
1469048 3016
1469000 3012
1468951 3011
1468974 3019
1468868 3030
1468794 3052
1469087 2477
1468968 3079
1468877 3147
1468828 3224
1469056 3019
1469089 3142
1469092 3025
1469092 3028
1469092 3030
1469092 3025
1469092 3028
1469092 3031
1469006 5908
1469146 3027
1469266 2745
1469994 2587
1470857 2660
1469955 3095
1470669 3376
1470826 3681
1469146 3027
1469183 0
1469020 3016
1469043 2927
1468939 2834
1468794 2749
1469017 3600
1469021 2983
1468918 2945
1468802 2919
1469043 3011
1468996 3003
1468951 2998
1469175 2386
1468865 2946
1468598 2885
1468309 2848
1469072 3706
1469011 3006
1468918 2992
1468819 2984
1469023 3016
1468956 3013
1468895 3013
1469112 2347
1485084 17260
1503226 48556
1486674 10065
1485174 12114
1485084 14535
1488651 9506
1488649 9618
1488651 9729
1488655 9396
1488655 9400
1488655 9403
1488128 19279
1495358 9392
1489156 0
1488704 9117
1488735 8836
1488746 8549
1488746 6971
1487396 4922
1485465 4249
1503226 48556
1542667 68175
1539087 70651
1536620 74495
1536120 78897
1522129 329
1522126 362
1522123 394
1522077 811
1522048 1335
1522048 1863
1522132 766
1522157 1229
1522201 1688
1546617 297
1561982 68472
1521997 197
1521862 96
1521723 0
1503226 297
1542667 68175
1625079 78191
1580364 24088
1606576 10313
1582157 6850
1581602 6439
1580183 2880
1577910 0
1561982 10313
1625079 78191
1643221 48556
1626669 10065
1625170 12114
1625079 14535
1628646 9506
1628644 9618
1628646 9729
1628651 9396
1628650 9400
1628650 9403
1628123 19279
1635353 9392
1629152 0
1628699 9117
1628730 8836
1628741 8549
1628741 6971
1627392 4922
1625461 4249
1643221 48556
1682662 68175
1679082 70651
1676615 74495
1676115 78897
1662124 329
1662122 362
1662118 394
1662073 811
1662043 1335
1662043 1863
1662128 766
1662153 1229
1662196 1688
1686612 297
1701978 68472
1661992 197
1661857 96
1661718 0
1643221 297
1682662 68175
1765075 78191
1720359 24088
1746571 10313
1722153 6850
1721597 6439
1720178 2880
1717906 0
1701978 10313
1765075 78191
1783217 48556
1766664 10065
1765165 12114
1765075 14535
1768642 9506
1768639 9618
1768641 9729
1768646 9396
1768645 9400
1768646 9403
1768118 19279
1775348 9392
1769147 0
1768695 9117
1768726 8836
1768736 8549
1768736 6971
1767387 4922
1765456 4249
1783217 48556
1822657 68175
1819077 70651
1816611 74495
1816110 78897
1802119 329
1802117 362
1802114 394
1802068 811
1802039 1335
1802039 1863
1802123 766
1802148 1229
1802192 1688
1826607 297
1841973 68472
1801987 197
1801853 96
1801714 0
1783217 297
1822657 68175
1905070 78191
1860354 24088
1886567 10313
1862148 6850
1861592 6439
1860173 2880
1857901 0
1841973 10313
1905070 78191
1923212 48556
1906660 10065
1905160 12114
1905070 14535
1908637 9506
1908635 9618
1908637 9729
1908641 9396
1908641 9400
1908641 9403
1908114 19279
1915344 9392
1909142 0
1908690 9117
1908721 8836
1908732 8549
1908732 6971
1907382 4922
1905451 4249
1923212 48556
1962653 68175
1959073 70651
1956606 74495
1956106 78897
1942115 329
1942112 362
1942109 394
1942063 811
1942034 1335
1942034 1863
1942118 766
1942143 1229
1942187 1688
1966603 297
1981968 68472
1941983 197
1941848 96
1941709 0
1923212 297
1962653 68175
2045065 78191
2000350 24088
2026562 10313
2002143 6850
2001588 6439
2000169 2880
1997896 0
1981968 10313
2045065 78191
2081670 17837
2045748 1089
2045518 1101
2045324 1127
2045639 1174
2045896 1131
2045822 1173
2045784 1221
2045968 1094
2045996 1170
2045997 1097
2045614 2005
2045614 2006
2046356 1989
2046042 1098
2046136 923
2046732 825
2047443 871
2046709 1141
2047300 1315
2047434 1505
2046042 1098
2045997 1096
2046416 53
2046296 0
2045065 24
2045809 1048
2045589 1011
2045350 987
2045609 1071
2081670 17837
2118089 17565
2082185 3011
2081905 3030
2081670 3072
2082053 3149
2082365 3079
2082276 3147
2082230 3224
2082452 3019
2082488 3142
2082488 3025
2082488 3028
2082488 3030
2082488 3025
2082488 3028
2082488 3031
2082477 5908
2082542 3027
2082655 2745
2083379 2587
2084244 2660
2083354 3095
2084075 3376
2084239 3681
2082542 3027
2082500 0
2082416 3016
2082437 2927
2082331 2834
2082183 2749
2082060 2836
2082259 2946
2081991 2885
2081700 2848
2082016 2982
2118089 17565
2143872 30116
2118089 0
2143872 30116
2169721 30182
2143872 0
2169721 30182
2195193 30710
2169721 0
2195193 30710
2220546 31292
2195193 0
2220546 31292
2246816 31260
2220546 0
2246816 31260
2273079 31917
2246816 0
2273079 31917
2298875 30147
2273079 0
2298875 30147
2324933 30538
2298875 0
2324933 30538
2351671 32712
2325330 3391
2324933 4121
2324947 4982
2325891 3191
2325891 3230
2325893 3270
2325890 3152
2325890 3156
2325890 3157
2325900 6480
2326256 3151
2325881 0
2325890 3150
2325890 3149
2325890 3148
2325888 3111
2325888 3070
2325887 3029
2325877 2312
2326256 1603
2326793 1345
2325790 3066
2325680 2996
2325565 2948
2351671 32712
2415801 35599
2372458 3684
2351671 1959
2375049 2244
2399527 1994
2378849 0
2375008 1969
2415801 35599
2479226 34862
2438514 1613
2435870 3053
2415801 1609
2438551 1772
2462170 1609
2438851 1653
2438948 1566
2442180 0
2479226 34862
2500544 10789
2481306 1037
2481767 1139
2481966 990
2481355 1160
2480962 1135
2480875 1127
2480528 1233
2479882 1125
2479226 1173
2481178 1292
2481178 0
2481178 0
2481835 1244
2482480 1352
2483130 1411
2481265 1300
2481657 1325
2481480 1457
2480978 1442
2480517 1339
2480390 1595
2481178 1292
2481178 2585
2481178 2585
2500544 10789
2520698 10813
2501460 1060
2501921 1163
2502120 1013
2501362 1294
2501375 1274
2501377 1258
2501332 1316
2501326 0
2501326 0
2501346 1337
2501338 1364
2501293 1397
2501133 1465
2500672 1363
2500544 1618
2501332 1316
2501332 2608
2501332 2608
2520698 10813
2548432 11660
2523978 1218
2523481 1117
2523337 1081
2522933 1012
2521842 899
2520698 779
2524006 1287
2523075 1212
2523108 1146
2524052 1292
2524052 0
2524052 0
2524019 1358
2524950 1434
2524996 1439
2525197 1413
2526287 1526
2527407 1806
2524195 1328
2524693 1429
2524767 1503
2524052 1292
2521266 907
2520964 1201
2523750 1586
2527159 2685
2527141 2676
2548432 11660
2566247 8159
2548463 374
2548719 0
2548681 1086
2548432 708
2566247 8159
2584031 8159
2566247 374
2566503 0
2566323 1252
2584031 8159
2620169 15511
2584172 657
2584156 851
2584155 879
2584158 822
2584154 985
2584151 1148
2584164 877
2584159 1095
2584172 1312
2584031 665
2584161 440
2584172 220
2584167 0
2584165 496
2584164 333
2584169 170
2584166 601
2584160 539
2584178 483
2584303 618
2620169 15511
2656239 15321
2620560 0
2620617 13
2620698 13
2620644 91
2620764 91
2620883 90
2620525 227
2620406 89
2620287 89
2620169 92
2620437 93
2620320 158
2620369 73
2620505 44
2656239 15321
2692377 15511
2656381 657
2656364 851
2656363 879
2656366 822
2656363 985
2656359 1148
2656372 877
2656367 1095
2656380 1312
2656239 665
2656369 440
2656380 220
2656376 0
2656373 496
2656373 333
2656377 170
2656374 601
2656368 539
2656386 483
2656511 618
2692377 15511
2728448 15321
2692768 0
2692825 13
2692907 13
2692853 91
2692972 91
2693092 90
2692733 227
2692614 89
2692496 89
2692377 92
2692645 93
2692528 158
2692577 73
2692713 44
2728448 15321
2766791 15486
2728448 9181
2731139 4376
2732177 4225
2733429 4225
2732117 4575
2733113 4709
2733391 4894
2728448 0
2766791 15486
2803289 9396
2766791 0
2803289 9396
2839058 11351
2803289 0
2839058 11351
2873902 12985
2839058 78
2839523 0
2840096 0
2873902 12985
2908261 13985
2873902 128
2874381 29
2875031 0
2908261 13985
