295
7984 2237
1849 1968
1694 3290
1687 3369
1883 3076
2356 3590
2328 3740
1954 2131
1952 2721
2388 3331
1847 2119
1726 2255
1618 2391
1748 1571
1462 1133
1259 931
1768 1767
843 1246
653 1177
1914 1957
1109 1110
1019 1200
1890 2072
2679 2928
2759 2916
2232 2327
3232 3018
3306 3124
2054 2088
2545 2982
2549 2988
1794 2272
1739 2478
1669 2727
1647 1627
689 1350
0 1350
1409 1981
470 1967
296 1997
1332 2092
264 3401
413 3550
2098 2098
2882 754
3531 643
2168 1949
3626 2224
3843 2209
2198 1966
2901 2337
3294 2394
1608 1901
1224 1975
909 2290
811 3151
950 4233
1403 4697
1981 1981
1980 1983
1981 1984
1982 1982
1983 1983
1984 1984
1982 1982
1983 1983
1984 1984
1982 1982
1983 1983
1984 1984
2445 2433
3525 2568
4693 1400
2275 1688
2360 1332
2306 984
2069 2382
2395 3015
2381 3219
1967 2198
2238 3652
2206 3840
1871 2630
526 3416
644 3534
2129 2129
3439 1061
3550 412
2010 1807
1996 869
1996 297
1981 1291
1705 334
1350 0
2230 1911
2439 1852
2731 1665
1986 1985
2877 2479
2984 2553
2088 2055
2778 3055
3125 3306
1968 2061
2825 2850
2915 2759
2072 1891
1224 1082
1200 1015
1913 1791
1395 870
1181 656
1778 1779
1337 1490
928 1256
2116 1874
2255 1756
2393 1622
2592 2416
3182 2415
3331 2387
2131 1954
2645 2427
3741 2328
2059 1974
3382 1819
3368 1687
1965 1826
741 1980
659 2019
1764 1908
616 1678
500 1628
1865 1930
1295 1660
581 1481
2174 1651
2179 1301
2062 996
2273 2272
2542 2427
2863 2106
2332 1630
2588 1239
2734 866
2453 2130
2851 2182
2943 2225
2074 2023
2193 1956
2300 1593
2156 1384
2262 821
2194 790
1912 1951
1391 2934
1427 3294
1705 1788
1475 1710
1144 1650
2060 1594
2002 1256
1787 1034
1981 1980
1982 1978
1981 1978
1979 1979
1977 1976
1975 1974
1759 1765
1415 1705
1028 1785
1920 1650
1845 1419
1653 1143
2340 2018
3324 1499
3293 1431
1950 1913
1388 2015
791 2190
1617 2088
1550 2211
1593 2303
2024 2074
2076 2472
2225 2944
1608 2126
1216 2383
865 2734
1661 2301
1815 2571
2106 2862
1676 1865
1326 1870
997 2062
1802 1267
1528 697
1478 581
1930 1865
1704 714
1631 497
2020 1900
2174 678
2018 662
7984 2237
13050 8410
9778 593
10212 363
10837 989
9336 1198
9297 1342
9172 1467
14279 8903
13686 9496
13415 9767
12317 10866
12099 9358
13050 8410
17175 4583
9674 763
9940 620
10391 444
9671 955
9860 950
10034 1122
9415 1278
8992 1566
8370 2187
8973 1401
8718 1764
8450 1494
8987 849
8742 583
9030 338
15725 6054
9499 837
9831 586
10172 586
9461 1116
9659 1118
9797 1254
9487 1351
8891 1813
8610 2093
8966 1404
8250 2166
7984 2331
8989 1281
8796 761
8931 438
9395 784
9707 327
10036 0
13050 8410
24884 10839
19890 1060
20119 626
19494 0
18818 1532
18251 2431
17880 2804
18270 2680
19776 2896
20727 1948
28708 6713
19723 1167
19864 900
20041 449
19527 1166
19535 978
19361 805
18948 1648
17628 2761
17921 3273
19636 1852
19900 2096
20145 1809
17897 3033
19646 1342
19899 1008
19899 668
19366 1378
19365 1179
19230 1044
18616 1616
17636 2910
17175 3498
19205 1849
19726 2042
20047 1906
19699 1445
20157 1134
20484 804
24884 10839
