3085
1011821 47109906
9819410 26267947
5423110 33844238
0 33844238
4396300 16922119
0 9345828
0 0
9819410 7576291
14215710 0
19638820 0
15242520 16922119
19638820 24498410
19638820 33844238
17664263 81010059
9819410 20037395
8353977 22562825
6546273 22562825
8011707 16922119
6546274 14396689
6546274 11281413
9819410 13806843
11284843 11281413
13092547 11281413
11627113 16922119
13092547 19447549
13092547 22562825
55114357 16922119
9819410 20037395
8353977 22562825
6546274 22562825
8011706 16922119
6546273 14396689
6546273 11281413
9819410 13806843
11284843 11281412
13092547 11281412
11627113 16922119
13092546 19447550
13092546 22562826
1011821 47109906
93549849 74467302
57149309 5044582
57021408 4737260
57021408 4219688
57251336 4460564
61075718 4268245
61755222 4184815
58979784 5344283
60727975 5005858
62215078 4068570
58400924 4831944
58256280 3481176
58143998 2371395
57058292 3648468
55114357 2302297
55114357 383608
57251336 4724284
59397760 3304701
59996949 2813125
59041115 4088164
58980249 2091689
59307163 0
57664240 2914633
58308021 2150536
60253927 441731
58849453 4153111
59017484 3353831
59442416 1418187
57699371 3515618
60501261 1501056
62215077 546351
59177809 4483336
61159413 5013857
63161841 4649794
58209201 5382354
58409545 5258527
59063710 4696292
71323967 112739904
57217327 5385864
57174694 5283424
57174694 5110894
57251336 5191194
58526130 5127084
58752631 5099274
57827485 5485764
58410216 5372954
58905917 5060524
57634532 5314984
57586317 4864734
57548890 4494804
57186988 4920494
56539009 4471774
56539009 3832204
57251336 5279104
57966811 4805904
58166541 4642044
57847929 5067064
57827640 4401564
57936611 3704344
57388971 4675875
57603564 4421176
58252200 3851575
57784041 5088706
57840052 4822279
57981696 4177065
57400681 4876208
58334644 4204688
58905916 3886453
57893494 5198781
58554028 5375621
59221504 5254267
57570625 5498454
57637406 5457178
57855461 5269767
92321246 17851337
57217327 5385864
57174693 5283424
57174693 5110894
57251336 5191194
58526130 5127084
58752632 5099274
57827485 5485764
58410215 5372954
58905916 5060524
57634532 5314984
57586318 4864734
57548890 4494804
57186988 4920494
56539010 4471774
56539010 3832204
57251336 5279104
57966811 4805904
58166540 4642044
57847929 5067064
57827641 4401564
57936612 3704334
57388971 4675885
57603564 4421186
58252200 3851585
57784041 5088706
57840052 4822279
57981696 4177065
57400681 4876208
58334644 4204688
58905916 3886453
57893494 5198781
58554028 5375621
59221504 5254267
57570625 5498454
57637406 5457178
57855461 5269767
93549849 74467302
131985341 74467302
95584801 5044582
95456900 4737260
95456900 4219688
95686828 4460564
99511210 4268245
100190714 4184815
97415276 5344283
99163467 5005858
100650570 4068570
96836416 4831944
96691772 3481176
96579490 2371395
95493784 3648468
93549849 2302297
93549849 383608
95686828 4724284
97833252 3304701
98432441 2813125
97476607 4088164
97415741 2091689
97742655 0
96099732 2914633
96743513 2150536
98689419 441731
97284945 4153111
97452976 3353831
97877908 1418187
96134863 3515618
98936753 1501056
100650569 546351
97613301 4483336
99594905 5013857
101597333 4649794
96644693 5382354
96845037 5258527
97499202 4696292
131985341 74467302
194186097 60869304
138096105 8600727
134949503 8620355
131985341 9485580
139846082 8243849
137435981 9092294
136475702 10055180
140789589 8180410
141454706 9490806
141561170 9811065
141679304 9660765
142075127 11968998
142075127 13844762
141087789 9045700
141225634 9926788
141101315 11066510
140998291 8701885
141021475 9511803
140898436 10322543
140909391 9056911
141916601 10133428
142846063 10636404
142083809 8420395
143228234 8811360
144360883 8811360
143866011 7881401
141585050 8060163
143711674 7846527
145919192 7396051
150738125 6821782
155586785 6532961
145006238 7647990
142098138 7934943
144252682 7707034
141702090 7816420
142458089 7876011
143075991 7707034
141519166 7763433
141308589 8037462
141074264 7567539
140881755 7468216
140966062 6858113
140966062 6416716
141087789 7753853
140755855 5779772
140695559 5417010
140629603 5124825
140360747 2644808
139424191 0
140506604 6240151
139829273 3620521
138369227 2522514
139562496 6734325
138908943 7198068
137219587 6974691
140374528 7787089
139672610 7952132
138964336 7811654
140781579 7820668
140424705 7861827
140154551 7707034
140828641 7732914
140701555 7665689
140465631 7462919
140824908 7655463
140464759 7439671
140127501 7439671
140965420 7881401
140811788 7800029
140668508 7800029
140776710 7881401
140465631 7881401
140154551 7881401
140973456 7881401
141015655 8098392
140979588 8206887
160760352 109757171
140090561 8121171
139041694 8127711
138053640 8416121
140673886 8002221
139870519 8285031
139550426 8605991
140988389 7981071
141210095 8417871
141245583 8524631
141284961 8474521
141416902 9243931
141416902 9869181
141087789 8269501
141133737 8563201
141092299 8943111
141057957 8154891
141065685 8424861
141024672 8695111
141028323 8273241
141364059 8632081
141673880 8799731
141419796 8061071
141801271 8191391
142178820 8191391
142013863 7881401
141253543 7940991
141962418 7869781
142698256 7719611
144304567 7528191
145920787 7431921
142393939 7803591
141424572 7899241
142142753 7823271
141292556 7859741
141544556 7879601
141750523 7823281
141231582 7842081
141161389 7933421
141083279 7776781
141019111 7743671
141047213 7540301
141047213 7393171
141087789 7838891
140977145 7180861
140957046 7059941
140935060 6962541
140845442 6135871
140533256 5254271
140894061 7334311
140668284 6461101
140181602 6095101
140579358 7499041
140361507 7653621
139798388 7579161
140850036 7849971
140616063 7904981
140379972 7858151
140985719 7861161
140866761 7874901
140776709 7823281
141001407 7831911
140959045 7809501
140880403 7741911
141000162 7806081
140880113 7734151
140767693 7734151
141047000 7881401
140995789 7854281
140948029 7854281
140984096 7881401
140880403 7881401
140776710 7881401
141049678 7881401
141063744 7953731
141051722 7989901
186382737 7881401
140090561 8121171
139041693 8127711
138053639 8416121
140673887 8002221
139870520 8285031
139550427 8606001
140988389 7981061
141210095 8417861
141245583 8524621
141284960 8474521
141416901 9243931
141416901 9869181
141087789 8269501
141133738 8563201
141092299 8943111
141057956 8154891
141065684 8424861
141024671 8695111
141028323 8273241
141364060 8632081
141673881 8799731
141419795 8061071
141801270 8191391
142178820 8191391
142013863 7881401
141253543 7940991
141962417 7869781
142698257 7719611
144304568 7528191
145920788 7431921
142393939 7803591
141424572 7899241
142142753 7823271
141292556 7859741
141544556 7879601
141750523 7823281
141231582 7842081
141161389 7933421
141083279 7776781
141019111 7743671
141047213 7540311
141047213 7393171
141087789 7838891
140977145 7180861
140957046 7059941
140935060 6962541
140845442 6135871
140533256 5254271
140894061 7334311
140668284 6461101
140181602 6095101
140579358 7499041
140361507 7653621
139798388 7579161
140850036 7849971
140616063 7904981
140379972 7858151
140985719 7861161
140866761 7874901
140776709 7823281
141001407 7831911
140959045 7809501
140880403 7741911
141000162 7806091
140880113 7734151
140767693 7734151
141047000 7881401
140995789 7854281
140948029 7854281
140984096 7881401
140880403 7881401
140776710 7881401
141049678 7881401
141063744 7953731
141051722 7989901
194186097 60869304
256386853 60869304
200296861 8600727
197150259 8620355
194186097 9485580
202046838 8243849
199636737 9092294
198676458 10055180
202990345 8180410
203655462 9490806
203761926 9811065
203880060 9660765
204275883 11968998
204275883 13844762
203288545 9045700
203426390 9926788
203302071 11066510
203199047 8701885
203222231 9511803
203099192 10322543
203110147 9056911
204117357 10133428
205046819 10636404
204284565 8420395
205428990 8811360
206561639 8811360
206066767 7881401
203785806 8060163
205912430 7846527
208119948 7396051
212938881 6821782
217787541 6532961
207206994 7647990
204298894 7934943
206453438 7707034
203902846 7816420
204658845 7876011
205276747 7707034
203719922 7763433
203509345 8037462
203275020 7567539
203082511 7468216
203166818 6858113
203166818 6416716
203288545 7753853
202956611 5779772
202896315 5417010
202830359 5124825
202561503 2644808
201624947 0
202707360 6240151
202030029 3620521
200569983 2522514
201763252 6734325
201109699 7198068
199420343 6974691
202575284 7787089
201873366 7952132
201165092 7811654
202982335 7820668
202625461 7861827
202355307 7707034
203029397 7732914
202902311 7665689
202666387 7462919
203025664 7655463
202665515 7439671
202328257 7439671
203166176 7881401
203012544 7800029
202869264 7800029
202977466 7881401
202666387 7881401
202355307 7881401
203174212 7881401
203216411 8098392
203180344 8206887
256386853 60869304
279592323 32230515
291286924 0
273836888 20054565
256386853 0
271973059 62726121
279653566 0
273836888 6684854
268020210 0
319131836 0
279653566 0
273836888 6684854
268020210 0
279592323 32230515
344997964 9855019
323206986 3015775
321031836 1703125
321643007 1549912
321338817 1640400
320909961 1965625
321087063 1985633
320383080 2415695
319616211 2925000
321080577 1931545
320649299 2089102
319800586 2406250
321601484 1554993
321407561 1550000
320803711 1550000
321664109 1515625
321279692 1334375
320425586 1334375
321644320 1515625
321253713 1321875
320369336 1321875
321694691 1515625
321283378 1268750
320291211 1268750
321371089 1515625
320719399 1284375
319691211 1284375
321044905 1515625
320476670 1606250
320278711 1606250
320776338 1515625
319942642 1797975
319131836 2162500
320896030 1880150
320151879 2318941
319547461 2925000
321268011 1955640
321175431 2136234
321341211 1993750
321372813 1802707
321098296 2357612
321038086 2593750
321646626 1751763
321673857 1660596
321681836 1643750
323206986 3015775
324416211 2800000
321781834 1357271
321830701 1211956
321866211 1090625
322030594 1193376
322106729 1006129
322022461 1090625
321884359 1337620
322421641 969514
322972461 721875
322257656 1267986
322867478 1134375
323050586 1134375
322340281 1515625
322859118 1425000
323134961 1425000
322062008 1515625
322700820 1746875
323722461 1746875
321747425 1515625
322131050 1762500
323122461 1762500
321786021 1515625
322161296 1709375
323044336 1709375
321780112 1515625
322136057 1696875
322988086 1696875
322119076 1515625
322812729 1607221
323659961 1290625
322556323 1198187
323330056 905178
324222461 312500
322404675 1052164
323168061 593432
323950586 0
321640860 1565658
321775711 1499977
322113086 1318750
323206986 3015775
344997964 9855019
331443672 88508555
322206886 2015675
321481836 1578125
321685560 1527054
321584163 1557216
321441211 1665625
321500245 1672294
321265584 1815648
321009961 1985416
321498083 1654265
321354324 1706784
321071419 1812500
321671719 1528748
321607078 1527084
321405794 1527084
321692594 1515625
321564455 1455208
321279753 1455208
321685997 1515625
321555795 1451042
321261003 1451042
321702788 1515625
321565683 1433333
321234961 1433333
321594920 1515625
321377690 1438542
321034961 1438542
321486192 1515625
321296781 1545833
321230794 1545833
321396670 1515625
321118771 1609742
320848503 1731250
321436567 1637133
321188517 1783397
320987044 1985417
321560561 1662296
321529701 1722494
321584961 1675000
321595495 1611319
321503989 1796287
321483919 1875000
321686766 1594337
321695843 1563948
321698503 1558333
322206886 2015675
322609961 1943750
321731835 1462840
321748124 1414402
321759961 1373958
321814755 1408209
321840134 1345793
321812044 1373959
321766010 1456290
321945104 1333588
322128711 1251041
321890443 1433079
322093717 1388542
322154753 1388542
321917984 1515625
322090930 1485417
322182878 1485417
321825227 1515625
322038164 1592708
322378711 1592708
321720366 1515625
321848241 1597917
322178711 1597917
321733231 1515625
321858323 1580208
322152669 1580208
321731261 1515625
321849910 1576042
322133919 1576042
321844249 1515625
322075467 1546157
322357878 1440625
321989998 1409812
322247909 1312142
322545378 1114583
321939449 1361138
322193911 1208227
322454753 1010417
321684844 1532302
321729794 1510405
321842253 1450000
322206886 2015675
321457878 571875
367001784 1515624
322206886 2015675
321481836 1578125
321685559 1527054
321584163 1557217
321441211 1665625
321500245 1672295
321265584 1815649
321009961 1985417
321498083 1654265
321354323 1706784
321071419 1812500
321671719 1528748
321607078 1527083
321405794 1527083
321692594 1515625
321564455 1455209
321279753 1455209
321685997 1515625
321555795 1451041
321261003 1451041
321702786 1515625
321565683 1433334
321234961 1433334
321594920 1515625
321377690 1438541
321034961 1438541
321486192 1515625
321296780 1545834
321230794 1545834
321396670 1515625
321118771 1609741
320848503 1731250
321436567 1637133
321188517 1783397
320987044 1985416
321560561 1662297
321529701 1722495
321584961 1675000
321595495 1611319
321503989 1796288
321483919 1875000
321686766 1594338
321695843 1563949
321698506 1558334
322206886 2015675
322609961 1943750
321731835 1462840
321748124 1414402
321759961 1373958
321814755 1408209
321840134 1345793
321812044 1373958
321766011 1456290
321945105 1333588
322128711 1251042
321890443 1433079
322093717 1388542
322154753 1388542
321917984 1515625
322090930 1485416
322182878 1485416
321825226 1515625
322038164 1592709
322378711 1592709
321720365 1515625
321848240 1597916
322178711 1597916
321733231 1515625
321858322 1580209
322152669 1580209
321731261 1515625
321849910 1576041
322133919 1576041
321844250 1515625
322075467 1546157
322357878 1440625
321989998 1409813
322247909 1312143
322545378 1114584
321939449 1361138
322193911 1208227
322454752 1010416
321684844 1532303
321729795 1510405
321842253 1450000
322206886 2015675
321457878 571875
344997964 9855019
392867912 11170644
371076934 4331400
368901784 3018750
369512955 2865537
369208765 2956025
368779909 3281250
368957011 3301258
368253028 3731320
367486159 4240625
368950525 3247170
368519247 3404727
367670534 3721875
369471432 2870618
369277509 2865625
368673659 2865625
369534057 2831250
369149640 2650000
368295534 2650000
369514268 2831250
369123661 2637500
368239284 2637500
369564639 2831250
369153326 2584375
368161159 2584375
369241037 2831250
368589347 2600000
367561159 2600000
368914853 2831250
368346617 2921875
368148658 2921875
368646286 2831250
367812590 3113600
367001784 3478125
368765978 3195775
368021827 3634566
367417409 4240625
369137959 3271265
369045379 3451859
369211159 3309375
369242761 3118332
368968244 3673237
368908034 3909375
369516574 3067388
369543805 2976221
369551784 2959375
371076934 4331400
372286159 4115625
369651782 2672896
369700649 2527581
369736159 2406250
369900542 2509001
369976677 2321754
369892409 2406250
369754307 2653245
370291589 2285139
370842409 2037500
370127604 2583611
370737426 2450000
370920534 2450000
370210229 2831250
370729066 2740625
371004909 2740625
369931956 2831250
370570768 3062500
371592409 3062500
369617373 2831250
370000998 3078125
370992409 3078125
369655969 2831250
370031244 3025000
370914284 3025000
369650060 2831250
370006005 3012500
370858034 3012500
369989024 2831250
370682677 2922846
371529909 2606250
370426271 2513812
371200004 2220803
372092409 1628125
370274623 2367789
371038009 1909057
371820534 1315625
369510808 2881283
369645659 2815602
369983034 2634375
371076934 4331400
368829909 0
392867912 11170644
418734040 5570644
396943062 4328275
394767912 3015625
395379083 2862412
395074893 2952900
394646037 3278125
394823139 3298133
394119156 3725070
393352287 4234375
394816653 3244045
394385375 3401602
393536662 3718750
395337560 2867493
395143637 2862500
394539787 2862500
395400185 2828125
395015768 2646875
394161662 2646875
395380396 2828125
394989789 2634375
394105412 2634375
395430767 2828125
395019454 2584375
394027287 2584375
395107165 2828125
394455475 2593750
393427287 2593750
394780981 2828125
394212745 2918750
394014786 2918750
394512414 2828125
393678718 3110475
392867912 3475000
394632106 3192650
393887955 3631441
393283537 4237500
395004087 3268140
394911507 3448734
395077287 3306250
395108889 3115207
394834372 3670112
394774162 3906250
395382702 3064263
395409933 2973096
395417912 2956250
396943062 4328275
398152287 4112500
395517426 2670792
395566779 2527230
395602287 2406250
395767064 2505595
395842844 2315465
395758537 2400000
395620435 2650120
396157717 2282014
396708537 2034375
395993732 2580486
396603554 2446875
396786662 2446875
396076357 2828125
396595194 2737500
396871037 2737500
395798084 2828125
396436896 3062500
397458537 3062500
395483501 2828125
395867126 3071875
396858537 3071875
395522097 2828125
395897372 3021875
396780412 3021875
395516188 2828125
395872133 3009375
396724162 3009375
395855152 2828125
396548805 2919721
397396037 2603125
396292399 2510687
397066132 2220803
397958537 1628125
396140751 2364664
396904137 1905932
397686662 1312500
395376936 2878158
395511787 2809352
395849162 2628125
396943062 4328275
394696037 0
405179748 87955430
395942962 3328175
395217912 2890625
395421635 2839554
395320239 2869716
395177287 2978125
395236321 2984794
395001660 3127106
394746037 3296875
395234159 2966765
395090399 3019284
394807495 3125000
395407794 2841247
395343153 2839583
395141870 2839583
395428669 2828125
395300530 2767708
395015828 2767708
395422073 2828125
395291871 2763542
394997078 2763542
395438864 2828125
395301759 2746875
394971037 2746875
395330996 2828125
395113766 2750000
394771037 2750000
395222268 2828125
395032856 2858333
394966870 2858333
395132746 2828125
394854847 2922242
394584578 3043750
395172643 2949634
394924593 3095897
394723120 3297917
395296637 2974797
395265777 3034995
395321037 2987500
395331571 2923819
395240065 3108787
395219995 3187500
395422842 2906838
395431919 2876449
395434579 2870833
395942962 3328175
396346037 3256250
395467750 2775681
395484201 2727827
395496037 2687500
395550962 2720615
395576222 2657239
395548120 2685417
395502086 2768790
395681180 2646088
395864787 2563542
395626518 2745578
395829792 2701041
395890828 2701041
395654060 2828125
395827006 2797917
395918953 2797917
395561302 2828125
395774240 2906250
396114787 2906250
395456441 2828125
395584316 2909375
395914786 2909375
395469307 2828125
395594398 2892708
395888745 2892708
395467337 2828125
395585985 2888542
395869995 2888542
395580325 2828125
395811543 2858657
396093953 2753125
395726074 2722312
395983985 2625684
396281453 2428125
395675525 2673638
395929987 2520727
396190828 2322917
395420920 2844802
395465870 2821865
395578328 2761458
395942962 3328175
395193953 1885417
440737859 2828124
395942962 3328175
395217912 2890625
395421635 2839554
395320239 2869717
395177287 2978125
395236321 2984795
395001660 3127107
394746037 3296875
395234159 2966765
395090399 3019284
394807495 3125000
395407795 2841248
395343154 2839584
395141870 2839584
395428670 2828125
395300531 2767708
395015829 2767708
395422073 2828125
395291871 2763542
394997079 2763542
395438862 2828125
395301759 2746875
394971037 2746875
395330996 2828125
395113766 2750000
394771037 2750000
395222268 2828125
395032856 2858333
394966870 2858333
395132746 2828125
394854847 2922242
394584579 3043750
395172643 2949633
394924593 3095897
394723120 3297917
395296637 2974796
395265777 3034994
395321037 2987500
395331571 2923819
395240065 3108787
395219995 3187500
395422842 2906837
395431919 2876448
395434582 2870833
395942962 3328175
396346037 3256250
395467750 2775681
395484201 2727827
395496037 2687500
395550963 2720615
395576223 2657238
395548120 2685417
395502087 2768790
395681181 2646088
395864787 2563541
395626519 2745579
395829793 2701042
395890829 2701042
395654060 2828125
395827006 2797917
395918954 2797917
395561302 2828125
395774240 2906250
396114787 2906250
395456441 2828125
395584316 2909375
395914787 2909375
395469307 2828125
395594398 2892708
395888745 2892708
395467337 2828125
395585986 2888542
395869995 2888542
395580326 2828125
395811543 2858657
396093954 2753125
395726074 2722312
395983985 2625684
396281454 2428125
395675525 2673638
395929987 2520727
396190828 2322916
395420920 2844803
395465871 2821865
395578329 2761459
395942962 3328175
395193954 1885416
418734040 5570644
466603987 5570644
444813009 4328275
442637859 3015625
443249030 2862412
442944840 2952900
442515984 3278125
442693086 3298133
441989103 3725070
441222234 4234375
442686600 3244045
442255322 3401602
441406609 3718750
443207507 2867493
443013584 2862500
442409734 2862500
443270132 2828125
442885715 2646875
442031609 2646875
443250343 2828125
442859736 2634375
441975359 2634375
443300714 2828125
442889401 2584375
441897234 2584375
442977112 2828125
442325422 2593750
441297234 2593750
442650928 2828125
442082693 2918750
441884734 2918750
442382361 2828125
441548665 3110475
440737859 3475000
442502053 3192650
441757902 3631441
441153484 4237500
442874034 3268140
442781454 3448734
442947234 3306250
442978836 3115207
442704319 3670112
442644109 3906250
443252649 3064263
443279880 2973096
443287859 2956250
444813009 4328275
446022234 4112500
443387373 2670792
443436726 2527230
443472234 2406250
443637011 2505595
443712791 2315465
443628484 2400000
443490382 2650120
444027664 2282014
444578484 2034375
443863679 2580486
444473501 2446875
444656609 2446875
443946304 2828125
444465141 2737500
444740984 2737500
443668031 2828125
444306843 3062500
445328484 3062500
443353448 2828125
443737073 3071875
444728484 3071875
443392044 2828125
443767319 3021875
444650359 3021875
443386135 2828125
443742080 3009375
444594109 3009375
443725099 2828125
444418752 2919721
445265984 2603125
444162346 2510687
444936079 2220803
445828484 1628125
444010698 2364664
444774084 1905932
445556609 1312500
443246883 2878158
443381734 2809352
443719109 2628125
444813009 4328275
442565984 0
466603987 5570644
492470115 23145644
470679137 4331400
468503987 3018750
469115158 2865537
468810968 2956025
468382112 3281250
468559214 3301258
467855231 3728195
467088362 4237500
468552728 3247170
468121450 3407852
467272737 3725000
469073635 2870618
468879712 2865625
468275862 2865625
469136260 2831250
468751843 2650000
467897737 2650000
469116471 2831250
468725864 2637500
467841487 2637500
469166842 2831250
468755529 2584375
467763362 2584375
468843240 2831250
468191550 2596875
467163362 2596875
468517056 2831250
467948821 2921875
467750862 2921875
468248489 2831250
467414793 3113600
466603987 3478125
468368181 3195775
467624030 3637691
467019612 4243750
468740162 3271265
468647582 3451859
468813362 3309375
468844964 3118332
468570447 3670112
468510237 3906250
469118777 3067388
469146008 2979346
469153987 2962500
470679137 4331400
471888362 4115625
469253554 2673805
469302853 2527269
469338362 2406250
469502745 2509001
469578880 2321754
469494612 2406250
469356510 2653245
469893792 2285139
470444612 2037500
469729807 2583611
470339629 2446875
470522737 2446875
469812432 2831250
470331269 2740625
470607112 2740625
469534159 2831250
470172971 3065625
471194612 3065625
469219576 2831250
469603201 3078125
470594612 3078125
469258172 2831250
469633447 3025000
470516487 3025000
469252263 2831250
469608208 3012500
470460237 3012500
469591227 2831250
470284880 2922846
471132112 2606250
470028474 2513812
470802207 2220803
471694612 1628125
469876826 2367789
470640212 1909057
471422737 1315625
469113011 2881283
469247862 2815602
469585237 2634375
470679137 4331400
468432112 0
478915824 93815846
469679037 3331300
468953987 2893750
469157711 2842679
469056314 2872842
468913362 2981250
468972396 2987920
468737735 3130232
468482112 3300000
468970234 2969890
468826475 3023451
468543570 3129167
469143870 2844373
469079229 2842708
468877946 2842708
469164745 2831250
469036606 2770834
468751904 2770834
469158148 2831250
469027946 2766666
468733154 2766666
469174939 2831250
469037835 2748959
468707112 2748959
469067071 2831250
468849841 2753125
468507112 2753125
468958343 2831250
468768932 2861458
468702945 2861458
468868821 2831250
468590922 2925367
468320654 3046875
468908718 2952758
468660668 3100064
468459195 3302083
469032712 2977922
469001852 3038120
469057112 2990625
469067646 2926944
468976141 3110871
468956071 3189584
469158917 2909962
469167994 2880615
469170654 2875000
469679037 3331300
470082112 3259375
469203843 2778768
469220276 2729923
469232112 2689583
469286906 2723834
469312285 2661418
469284195 2689583
469238162 2771915
469417256 2649213
469600862 2566667
469362594 2748704
469565868 2703125
469626904 2703125
469390135 2831250
469563081 2801042
469655029 2801042
469297378 2831250
469510315 2909375
469850862 2909375
469192517 2831250
469320392 2913541
469650862 2913541
469205382 2831250
469330474 2895834
469624821 2895834
469203412 2831250
469322061 2891666
469606070 2891666
469316400 2831250
469547618 2861782
469830029 2756250
469462150 2725438
469720061 2627768
470017529 2430209
469411600 2676763
469666062 2523852
469926904 2326041
469156995 2847928
469201946 2826030
469314404 2765625
469679037 3331300
468930029 1887500
514473935 2831250
469679037 3331300
468953987 2893750
469157710 2842679
469056314 2872842
468913362 2981250
468972396 2987919
468737735 3130232
468482112 3300000
468970234 2969890
468826474 3023451
468543570 3129167
469143870 2844372
469079229 2842708
468877945 2842708
469164745 2831250
469036606 2770833
468751904 2770833
469158148 2831250
469027946 2766667
468733154 2766667
469174937 2831250
469037834 2748958
468707112 2748958
469067071 2831250
468849841 2753125
468507112 2753125
468958343 2831250
468768931 2861459
468702945 2861459
468868821 2831250
468590922 2925366
468320654 3046875
468908718 2952758
468660668 3100063
468459195 3302083
469032712 2977922
469001852 3038120
469057112 2990625
469067646 2926944
468976140 3110871
468956070 3189583
469158917 2909963
469167994 2880616
469170657 2875000
469679037 3331300
470082112 3259375
469203843 2778769
469220276 2729923
469232112 2689584
469286906 2723833
469312285 2661418
469284195 2689583
469238162 2771915
469417256 2649213
469600862 2566667
469362594 2748703
469565868 2703125
469626904 2703125
469390135 2831250
469563081 2801041
469655029 2801041
469297377 2831250
469510315 2909375
469850862 2909375
469192516 2831250
469320391 2913542
469650862 2913542
469205382 2831250
469330473 2895833
469624820 2895833
469203412 2831250
469322061 2891667
469606070 2891667
469316401 2831250
469547618 2861782
469830029 2756250
469462149 2725437
469720060 2627768
470017529 2430208
469411600 2676763
469666062 2523853
469926903 2326042
469156995 2847928
469201946 2826030
469314404 2765625
469679037 3331300
468930029 1887500
492470115 23145644
540340063 23145644
518549085 4331400
516373935 3018750
516985106 2865537
516680916 2956025
516252060 3281250
516429162 3301258
515725179 3728195
514958310 4237500
516422676 3247170
515991398 3407852
515142685 3725000
516943583 2870618
516749660 2865625
516145810 2865625
517006208 2831250
516621791 2650000
515767685 2650000
516986419 2831250
516595812 2637500
515711435 2637500
517036790 2831250
516625477 2584375
515633310 2584375
516713188 2831250
516061498 2596875
515033310 2596875
516387004 2831250
515818769 2921875
515620810 2921875
516118437 2831250
515284741 3113600
514473935 3478125
516238129 3195775
515493978 3637691
514889560 4243750
516610110 3271265
516517530 3451859
516683310 3309375
516714912 3118332
516440395 3670112
516380185 3906250
516988725 3067388
517015956 2979346
517023935 2962500
518549085 4331400
519758310 4115625
517123502 2673805
517172801 2527269
517208310 2406250
517372693 2509001
517448828 2321754
517364560 2406250
517226458 2653245
517763740 2285139
518314560 2037500
517599755 2583611
518209577 2446875
518392685 2446875
517682380 2831250
518201217 2740625
518477060 2740625
517404107 2831250
518042919 3065625
519064560 3065625
517089524 2831250
517473149 3078125
518464560 3078125
517128120 2831250
517503395 3025000
518386435 3025000
517122211 2831250
517478156 3012500
518330185 3012500
517461175 2831250
518154828 2922846
519002060 2606250
517898422 2513812
518672155 2220803
519564560 1628125
517746774 2367789
518510160 1909057
519292685 1315625
516982959 2881283
517117810 2815602
517455185 2634375
518549085 4331400
516302060 0
540340063 23145644
566224196 17132987
544415213 4331400
542240063 3018750
542851234 2865537
542547044 2956025
542118188 3281250
542295290 3301258
541591307 3728195
540824438 4237500
542288804 3247170
541857526 3407852
541008813 3725000
542809711 2870618
542615788 2865625
542011938 2865625
542872336 2831250
542487919 2650000
541633813 2650000
542852547 2831250
542461940 2637500
541577563 2637500
542902918 2831250
542491605 2584375
541499438 2584375
542579316 2831250
541927626 2600000
540899438 2600000
542253132 2831250
541684897 2921875
541486938 2921875
541984565 2831250
541150869 3110475
540340063 3475000
542104257 3195775
541360106 3637691
540755688 4243750
542476238 3271265
542383658 3451859
542549438 3309375
542581040 3118332
542306523 3670112
542246313 3906250
542854853 3067388
542882084 2979346
542890063 2962500
544415213 4331400
545624438 4115625
542989630 2673805
543038929 2527269
543074438 2406250
543238821 2509001
543314956 2321754
543230688 2406250
543092586 2653245
543629868 2285139
544180688 2037500
543465883 2583611
544075705 2450000
544258813 2450000
543548508 2831250
544067345 2740625
544343188 2740625
543270235 2831250
543909047 3062500
544930688 3062500
542955652 2831250
543339277 3078125
544330688 3078125
542994248 2831250
543369523 3025000
544252563 3025000
542988339 2831250
543344284 3012500
544196313 3012500
543327303 2831250
544020956 2922846
544868188 2606250
543764550 2513812
544538283 2220803
545430688 1628125
543612902 2367789
544376288 1909057
545158813 1315625
542849087 2881283
542983938 2815602
543321313 2634375
544415213 4331400
542168188 0
552657901 91811627
543415113 3331300
542690063 2893750
542893786 2842679
542792390 2872842
542649438 2981250
542708472 2987920
542473811 3130232
542218188 3300000
542706310 2969890
542562550 3023451
542279646 3129167
542879945 2844373
542815304 2842708
542614021 2842708
542900820 2831250
542772681 2770834
542487979 2770834
542894224 2831250
542764022 2766666
542469229 2766666
542911015 2831250
542773910 2748959
542443188 2748959
542803147 2831250
542585917 2754166
542243188 2754166
542694419 2831250
542505007 2861459
542439021 2861459
542604897 2831250
542326998 2924325
542056729 3045833
542644794 2952758
542396744 3100064
542195271 3302083
542768788 2977922
542737928 3038120
542793188 2990625
542803722 2926944
542712216 3110871
542692146 3189584
542894993 2909962
542904070 2880615
542906730 2875000
543415113 3331300
543818188 3259375
542939918 2778768
542956351 2729923
542968188 2689583
543022982 2723834
543048360 2661418
543020271 2689583
542974237 2771915
543153331 2649213
543336938 2566667
543098669 2748704
543301943 2704167
543362979 2704167
543126211 2831250
543299157 2801041
543391104 2801041
543033453 2831250
543246391 2908334
543586938 2908334
542928592 2831250
543056467 2913541
543386938 2913541
542941458 2831250
543066549 2895834
543360896 2895834
542939488 2831250
543058136 2891666
543342146 2891666
543052476 2831250
543283694 2861782
543566104 2756250
543198225 2725438
543456136 2627768
543753604 2430209
543147676 2676763
543402138 2523852
543662979 2326041
542893071 2847928
542938021 2826030
543050479 2765625
543415113 3331300
542666104 1887500
588210010 2831250
543415113 3331300
542690063 2893750
542893787 2842679
542792390 2872842
542649438 2981250
542708472 2987919
542473811 3130232
542218188 3300000
542706310 2969890
542562551 3023451
542279647 3129167
542879945 2844372
542815304 2842708
542614021 2842708
542900821 2831250
542772682 2770833
542487980 2770833
542894224 2831250
542764022 2766667
542469229 2766667
542911013 2831250
542773911 2748958
542443188 2748958
542803148 2831250
542585918 2754167
542243188 2754167
542694420 2831250
542505008 2861458
542439022 2861458
542604897 2831250
542326998 2924325
542056729 3045834
542644795 2952758
542396744 3100063
542195272 3302083
542768788 2977922
542737928 3038120
542793188 2990625
542803722 2926944
542712216 3110871
542692146 3189583
542894993 2909963
542904070 2880616
542906733 2875000
543415113 3331300
543818188 3259375
542939918 2778769
542956351 2729923
542968188 2689584
543022982 2723833
543048360 2661418
543020271 2689583
542974237 2771915
543153331 2649213
543336938 2566667
543098670 2748703
543301944 2704166
543362980 2704166
543126211 2831250
543299157 2801042
543391104 2801042
543033454 2831250
543246391 2908333
543586938 2908333
542928593 2831250
543056468 2913542
543386938 2913542
542941458 2831250
543066550 2895833
543360897 2895833
542939488 2831250
543058136 2891667
543342146 2891667
543052476 2831250
543283694 2861782
543566105 2756250
543198225 2725437
543456136 2627768
543753604 2430208
543147676 2676763
543402138 2523853
543662980 2326042
542893071 2847928
542938021 2826030
543050480 2765625
543415113 3331300
542666104 1887500
566224196 17132987
614094143 17132987
592285160 4331400
590110010 3018750
590721181 2865537
590416991 2956025
589988135 3281250
590165237 3301258
589461254 3728195
588694385 4237500
590158751 3247170
589727473 3407852
588878760 3725000
590679658 2870618
590485735 2865625
589881885 2865625
590742283 2831250
590357866 2650000
589503760 2650000
590722494 2831250
590331887 2637500
589447510 2637500
590772865 2831250
590361552 2584375
589369385 2584375
590449263 2831250
589797573 2600000
588769385 2600000
590123079 2831250
589554844 2921875
589356885 2921875
589854512 2831250
589020816 3110475
588210010 3475000
589974204 3195775
589230053 3637691
588625635 4243750
590346185 3271265
590253605 3451859
590419385 3309375
590450987 3118332
590176470 3670112
590116260 3906250
590724800 3067388
590752031 2979346
590760010 2962500
592285160 4331400
593494385 4115625
590859577 2673805
590908876 2527269
590944385 2406250
591108768 2509001
591184903 2321754
591100635 2406250
590962533 2653245
591499815 2285139
592050635 2037500
591335830 2583611
591945652 2450000
592128760 2450000
591418455 2831250
591937292 2740625
592213135 2740625
591140182 2831250
591778994 3062500
592800635 3062500
590825599 2831250
591209224 3078125
592200635 3078125
590864195 2831250
591239470 3025000
592122510 3025000
590858286 2831250
591214231 3012500
592066260 3012500
591197250 2831250
591890903 2922846
592738135 2606250
591634497 2513812
592408230 2220803
593300635 1628125
591482849 2367789
592246235 1909057
593028760 1315625
590719034 2881283
590853885 2815602
591191260 2634375
592285160 4331400
590038135 0
614094143 17132987
656359363 41232022
641513662 0
629816355 18270184
618119048 0
614094143 56725117
633715458 0
629816355 6090061
625917252 0
675111303 0
633715457 0
629816355 6090061
625917253 0
656359363 41232022
772319481 38803784
722525761 0
712810698 13531827
703095635 0
675111303 58343942
716049052 0
712810698 4510604
709572344 0
758105646 0
716049052 0
712810698 4510604
709572344 0
772319481 38803784
839677583 86511430
780211154 9148909
776677932 11787668
772319481 11787668
775852703 5893834
772319481 3255075
772319481 0
780211154 2638760
783744376 1
788102827 1
784569605 5893834
788102827 8532593
788102827 11787667
802006424 116979494
780211154 6978864
779033413 7858444
777580596 7858444
778758337 5893834
777580596 5014254
777580596 3929224
780211154 4808814
781388895 3929224
782841712 3929224
781663971 5893834
782841712 6773424
782841712 7858444
825506102 5893834
780211154 6978864
779033413 7858444
777580596 7858444
778758337 5893834
777580596 5014254
777580596 3929224
780211154 4808814
781388895 3929224
782841712 3929224
781663971 5893834
782841712 6773424
782841712 7858444
839677583 86511430
925293499 22343733
878413351 4728880
874594965 4728880
876088254 6222168
876088254 8077060
872740073 9457760
872740073 6583772
871246784 8077060
869391892 8077060
867066795 4728880
870885181 4728880
869391893 3235592
869391893 1380700
872740073 0
872740073 2873988
874233361 1380700
876088253 1380700
839677583 77198776
874631165 4728880
873358371 4728880
873856133 5226643
873856133 5844940
872740073 6305173
872740073 5347178
872242311 5844941
871624013 5844941
870848981 4728880
872121775 4728880
871624012 4231117
871624012 3612819
872740073 3152587
872740073 4110583
873237836 3612820
873856134 3612820
918035020 4728880
874631166 4728880
873358370 4728880
873856133 5226643
873856133 5844940
872740073 6305173
872740073 5347177
872242310 5844940
871624013 5844940
870848980 4728880
872121776 4728880
871624013 4231117
871624013 3612820
872740073 3152587
872740073 4110583
873237836 3612820
873856133 3612820
925293499 22343733
941289766 80276633
927775881 5334375
926365088 6160811
925521624 7259375
928550035 6432939
928162249 7763447
928162249 9093750
929393499 6774777
929770853 7965239
930134124 9012500
929260107 5375828
929171446 5392396
929021624 5446875
927962649 5854663
927110183 7186970
926840374 8284375
929123690 6431780
929187249 7418240
929187249 8103125
929393499 7095067
930390882 7929712
931199749 8821875
930047359 6055568
930677498 6660762
931077874 7065625
929407413 5435421
929420491 5517191
929434124 5634375
929417920 5544282
929440758 5763658
929455999 5934375
929408740 5505092
929415374 5725955
929415374 5565625
929393499 6204887
929948260 7218489
930643499 7631249
930088738 5747135
930683161 5756245
931118499 5756245
930144558 5334375
930595245 4963045
930852874 4712505
929651128 5083835
929791767 4862156
929921624 4643751
929653213 4897565
929834213 4462436
929999749 4021875
929724572 4453254
929937006 3679454
930030999 3259375
929844279 3319730
929441252 1525679
929118499 0
929318028 4977615
929217915 4323393
929184124 3731250
929359708 4742232
929461335 4149079
929440374 4203125
929560433 4903950
929631782 4594572
929649749 4540625
929411466 5280428
929344578 5384068
929455999 5250000
929926928 4692523
930642446 4455847
931662249 4390625
929471310 5806901
929530313 6260705
929546624 6618750
929415539 5818178
929296575 6162374
929387249 5971875
929266476 5601241
929184297 5824110
929134124 5984375
931143674 7084550
931115374 8381250
930017462 5020671
930640904 4368928
930859124 3837500
929611719 4802947
929583181 4724832
929624749 4637500
929800291 4479735
929771286 3781515
929737249 3034375
929374958 4927383
929330702 4511666
929271624 4093750
929503343 5345822
929621531 5350392
929727874 5375000
929894752 5450363
930360938 5509283
930862249 5646875
929470965 5355637
929474782 5362073
929540374 5384375
931143674 7084550
932834124 4856250
929393499 4893205
929276504 4616111
929212249 4475000
929309837 4894295
929093989 4522057
928887249 4290625
929132377 5042065
928886464 4889613
928662249 4765625
928945070 5086398
928543888 4966695
928152874 4859375
928611471 5119736
927691759 4966127
927784124 4987500
928641855 5160447
928030625 5163517
927480999 5168750
929248193 4841974
929100351 4358718
928968499 4018750
928859722 3958079
927850412 2872404
926668499 2043750
928211586 4505721
926835740 3918750
925327874 3918750
929393499 8834375
929892248 5334375
930732738 5612920
931449749 6115625
930110510 5837080
930680039 6547131
930865374 7025000
929413200 5385173
929456289 5538407
929480999 5609375
927941638 5541165
926421152 6108770
925293499 7465625
929263251 5491098
929157958 5664758
929055999 5834375
928967735 4067637
928612249 3091713
928612249 2140625
929393499 4729129
929604123 4091286
929899749 3706250
929689125 4949339
929957434 4778125
930490374 4778125
927712249 13981250
929397619 5562884
929411878 5786943
929424749 6012500
929440116 6151287
929554851 6910506
929671624 7462500
929681830 6697337
929866445 7807970
929721624 8834375
929373763 5310890
929375781 5303870
929352874 5278125
928818473 4688090
928035765 3987496
927384124 3268750
928741858 4615629
928493499 3753364
928493499 4196875
929393499 4555749
929397349 3819640
929499749 3403125
929495904 4917860
929447184 4944110
929740374 4837500
929589374 5263150
930052652 5281252
930899749 4909375
929501354 5287026
929621665 5222515
929746624 5140625
941289766 80276633
957286033 80276633
943772148 5334375
942361355 6160811
941517891 7259375
944546302 6432939
944158516 7763447
944158516 9093750
945389766 6774777
945767120 7965239
946130391 9012500
945256374 5375828
945167713 5392396
945017891 5446875
943958916 5854663
943106450 7186970
942836641 8284375
945119957 6431780
945183516 7418240
945183516 8103125
945389766 7095067
946387149 7929712
947196016 8821875
946043626 6055568
946673765 6660762
947074141 7065625
945403680 5435421
945416758 5517191
945430391 5634375
945414187 5544282
945437025 5763658
945452266 5934375
945405007 5505092
945411641 5725955
945411641 5565625
945389766 6204887
945944527 7218489
946639766 7631249
946085005 5747135
946679428 5756245
947114766 5756245
946140825 5334375
946591512 4963045
946849141 4712505
945647395 5083835
945788034 4862156
945917891 4643751
945649480 4897565
945830480 4462436
945996016 4021875
945720839 4453254
945933273 3679454
946027266 3259375
945840546 3319730
945437519 1525679
945114766 0
945314295 4977615
945214182 4323393
945180391 3731250
945355975 4742232
945457602 4149079
945436641 4203125
945556700 4903950
945628049 4594572
945646016 4540625
945407733 5280428
945340845 5384068
945452266 5250000
945923195 4692523
946638713 4455847
947658516 4390625
945467577 5806901
945526580 6260705
945542891 6618750
945411806 5818178
945292842 6162374
945383516 5971875
945262743 5601241
945180564 5824110
945130391 5984375
947139941 7084550
947111641 8381250
946013729 5020671
946637171 4368928
946855391 3837500
945607986 4802947
945579448 4724832
945621016 4637500
945796558 4479735
945767553 3781515
945733516 3034375
945371225 4927383
945326969 4511666
945267891 4093750
945499610 5345822
945617798 5350392
945724141 5375000
945891019 5450363
946357205 5509283
946858516 5646875
945467232 5355637
945471049 5362073
945536641 5384375
947139941 7084550
948830391 4856250
945389766 4893205
945272771 4616111
945208516 4475000
945306104 4894295
945090256 4522057
944883516 4290625
945128644 5042065
944882731 4889613
944658516 4765625
944941337 5086398
944540155 4966695
944149141 4859375
944607738 5119736
943688026 4966127
943780391 4987500
944638122 5160447
944026892 5163517
943477266 5168750
945244460 4841974
945096618 4358718
944964766 4018750
944855989 3958079
943846679 2872404
942664766 2043750
944207853 4505721
942832007 3918750
941324141 3918750
945389766 8834375
945888515 5334375
946729005 5612920
947446016 6115625
946106777 5837080
946676306 6547131
946861641 7025000
945409467 5385173
945452556 5538407
945477266 5609375
943937905 5541165
942417419 6108770
941289766 7465625
945259518 5491098
945154225 5664758
945052266 5834375
944964002 4067637
944608516 3091713
944608516 2140625
945389766 4729129
945600390 4091286
945896016 3706250
945685392 4949339
945953701 4778125
946486641 4778125
943708516 13981250
945393886 5562884
945408145 5786943
945421016 6012500
945436383 6151287
945551118 6910506
945667891 7462500
945678097 6697337
945862712 7807970
945717891 8834375
945370030 5310890
945372048 5303870
945349141 5278125
944814740 4688090
944032032 3987496
943380391 3268750
944738125 4615629
944489766 3753364
944489766 4196875
945389766 4555749
945393616 3819640
945496016 3403125
945492171 4917860
945443451 4944110
945736641 4837500
945585641 5263150
946048919 5281252
946896016 4909375
945497621 5287026
945617932 5222515
945742891 5140625
957286033 80276633
972849086 60098343
961580261 4117390
960521877 4297407
959596417 4297407
961060613 4728873
958920719 6243493
958070292 7196861
960670403 6586421
962992495 8939482
964355518 10027283
963784920 5892106
963216816 5908944
963652697 7300413
962456331 5140533
962336598 6310153
962166733 6748137
962179116 5111155
962298296 6116708
962447862 6523774
962702899 5750911
965803229 6520650
966725027 6679102
963235701 4885008
964127603 4866942
965038258 4866942
962810347 4728873
962203298 4230690
961965927 4004009
961208923 3660786
960399641 2242431
960399641 690346
962327378 2688755
965783815 936835
967287285 0
964128179 3606765
965066561 3468118
965720998 5557288
962642227 5733969
962221812 5522772
963271166 5522772
963209705 4728873
964460581 2243817
964696888 1553279
962542907 4099056
962608507 3157324
962608507 2467988
962327378 4090423
961028046 3624319
960540205 3624319
961654432 4728873
961052507 4608062
960379560 4608062
960744479 4728873
959186925 4970495
957608439 4970495
961802714 4728873
961403670 5068453
961403670 4418217
962327378 4448671
961913700 3876598
961704880 3762387
961999222 4549393
961264722 4486037
960941817 4728873
962156099 4857681
961657572 4849684
961423751 4849684
962033643 4728873
961789224 4493007
961524155 4366441
957286033 52029023
962078339 4525043
961725544 4585053
961417058 4585053
961905123 4728873
961191825 5233743
960908349 5551533
961775053 5348053
962549083 6132413
963003424 6495013
962813225 5116613
962623857 5122233
962769151 5586053
962370362 4866093
962330451 5255963
962273829 5401963
962277957 4856293
962317684 5191483
962367539 5327173
962452551 5069553
963485995 5326133
963793261 5378943
962630152 4780923
962927453 4774903
963231004 4774903
962488367 4728873
962286018 4562813
962206894 4487243
961954559 4372853
961684799 3900063
961684799 3382703
962327378 4048833
963479523 3464863
963980680 3152583
962927645 4354833
963240439 4308623
963458584 5005013
962432327 5063903
962292189 4993503
962641974 4993503
962621487 4728873
963038445 3900523
963117214 3670343
962399221 4518933
962421087 4205023
962421087 3975243
962327378 4516053
961894267 4360693
961731653 4360693
962103062 4728873
961902421 4688593
961678105 4688593
961799745 4728873
961280560 4809423
960754398 4809423
962152490 4728873
962019475 4842063
962019475 4625313
962327378 4635473
962189485 4444783
962119878 4406713
962217992 4669043
961973159 4647933
961865524 4728873
962270285 4771813
962104109 4769143
962026169 4769143
962229466 4728873
962147993 4650253
962059637 4608063
1007622325 4728873
962078340 4525043
961725545 4585053
961417058 4585053
961905123 4728873
961191825 5233743
960908350 5551533
961775053 5348053
962549083 6132413
963003424 6495013
962813226 5116613
962623858 5122233
962769151 5586053
962370363 4866093
962330448 5255963
962273830 5401963
962277957 4856293
962317688 5191483
962367539 5327173
962452552 5069553
963485995 5326133
963793261 5378943
962630153 4780923
962927453 4774903
963231005 4774903
962488368 4728873
962286018 4562813
962206894 4487253
961954560 4372843
961684799 3900053
961684799 3382693
962327378 4048833
963479524 3464863
963980681 3152583
962927645 4354833
963240439 4308623
963458584 5005013
962432328 5063903
962292190 4993503
962641974 4993503
962621487 4728873
963038446 3900523
963117215 3670343
962399221 4518933
962421088 4205023
962421088 3975243
962327378 4516053
961894267 4360693
961731653 4360693
962103063 4728873
961902421 4688603
961678106 4688603
961799745 4728873
961280560 4809413
960754398 4809413
962152490 4728873
962019475 4842063
962019475 4625313
962327378 4635473
962189486 4444783
962119879 4406713
962217993 4669053
961973159 4647933
961865524 4728873
962270285 4771813
962104110 4769143
962026169 4769143
962229467 4728873
962147994 4650253
962059637 4608063
972849086 60098343
1022862972 60098343
1011594147 4117390
1010535763 4297407
1009610303 4297407
1011074499 4728873
1008934605 6243493
1008084178 7196861
1010684289 6586421
1013006381 8939482
1014369404 10027283
1013798806 5892106
1013230702 5908944
1013666583 7300413
1012470217 5140533
1012350484 6310153
1012180619 6748137
1012193002 5111155
1012312182 6116708
1012461748 6523774
1012716785 5750911
1015817115 6520650
1016738913 6679102
1013249587 4885008
1014141489 4866942
1015052144 4866942
1012824233 4728873
1012217184 4230690
1011979813 4004009
1011222809 3660786
1010413527 2242431
1010413527 690346
1012341264 2688755
1015797701 936835
1017301171 0
1014142065 3606765
1015080447 3468118
1015734884 5557288
1012656113 5733969
1012235698 5522772
1013285052 5522772
1013223591 4728873
1014474467 2243817
1014710774 1553279
1012556793 4099056
1012622393 3157324
1012622393 2467988
1012341264 4090423
1011041932 3624319
1010554091 3624319
1011668318 4728873
1011066393 4608062
1010393446 4608062
1010758365 4728873
1009200811 4970495
1007622325 4970495
1011816600 4728873
1011417556 5068453
1011417556 4418217
1012341264 4448671
1011927586 3876598
1011718766 3762387
1012013108 4549393
1011278608 4486037
1010955703 4728873
1012169985 4857681
1011671458 4849684
1011437637 4849684
1012047529 4728873
1011803110 4493007
1011538041 4366441
1022862972 60098343
1059334513 69676903
1038226086 4159337
1038122604 4159337
1039615893 5652625
1039615893 7507517
1036267712 8318674
1036267712 6014229
1034774423 7507518
1032919531 7507518
1034309338 4159337
1034412820 4159337
1032919531 2666048
1032919531 811156
1036267712 0
1036267712 2304445
1037761001 811157
1039615893 811157
1022862972 44694091
1036920503 4159337
1036886009 4159337
1037383772 4657097
1037383772 5275397
1036267712 5545787
1036267712 4777627
1035769949 5275397
1035151652 5275397
1035614921 4159337
1035649415 4159337
1035151652 3661567
1035151652 3043277
1036267712 2772887
1036267712 3541037
1036765475 3043277
1037383772 3043277
1081562659 4159337
1036920504 4159337
1036886009 4159337
1037383772 4657097
1037383772 5275397
1036267712 5545787
1036267712 4777627
1035769949 5275397
1035151652 5275397
1035614920 4159337
1035649415 4159337
1035151652 3661567
1035151652 3043277
1036267712 2772887
1036267712 3541037
1036765475 3043277
1037383772 3043277
1059334513 69676903
1121882980 93978967
1099569718 3348181
1098361803 3348181
1099855092 4841470
1099855092 6696362
1096506911 6109567
1096506911 5203073
1095013622 6696358
1093158730 6696358
1093444104 3348181
1094652019 3348181
1093158730 1854896
1093158730 4
1096506911 586795
1096506911 1493289
1098000200 0
1099855092 0
1081562659 27140785
1097527846 3348181
1097125209 3348181
1097622972 3845951
1097622972 4464241
1096506911 4268651
1096506911 3966471
1096009148 4464241
1095390850 4464241
1095485976 3348181
1095888614 3348181
1095390851 2850411
1095390851 2232121
1096506911 2427711
1096506911 2729891
1097004674 2232121
1097622972 2232121
1141801858 3348181
1097527847 3348181
1097125208 3348181
1097622971 3845951
1097622971 4464241
1096506911 4268651
1096506911 3966471
1096009148 4464241
1095390851 4464241
1095485975 3348181
1095888614 3348181
1095390851 2850411
1095390851 2232121
1096506911 2427711
1096506911 2729891
1097004674 2232121
1097622971 2232121
1121882980 93978967
1242029281 84745586
1186542862 10303423
1182563843 10303423
1184057132 11796712
1184057132 13651603
1180708951 20606846
1180708951 12158315
1179215662 13651603
1177360770 13651603
1174875040 10303423
1178854059 10303423
1177360771 8810135
1177360771 6955243
1180708951 0
1180708951 8448532
1182202239 6955243
1184057131 6955243
1141801858 44888450
1182653588 10303423
1181327248 10303423
1181825011 10801183
1181825011 11419483
1180708951 13737893
1180708951 10921723
1180211188 11419483
1179592891 11419483
1178764314 10303423
1180090653 10303423
1179592891 9805663
1179592891 9187363
1180708951 6868953
1180708951 9685123
1181206713 9187363
1181825011 9187363
1226003899 10303423
1182653588 10303423
1181327248 10303423
1181825011 10801183
1181825011 11419483
1180708951 13737893
1180708951 10921723
1180211188 11419483
1179592891 11419483
1178764314 10303423
1180090653 10303423
1179592891 9805663
1179592891 9187363
1180708951 6868953
1180708951 9685123
1181206713 9187363
1181825011 9187363
1242029281 84745586
1280824464 105314703
1242381241 2162983
1243103422 0
1245061451 0
1243890007 3710613
1244071417 5438376
1245262256 6333926
1242324140 3932363
1242471054 3143833
1242471054 2519769
1242029281 2964545
1242752183 2086417
1242752183 1363435
1242029281 3176971
1243901274 4054916
1244077501 4124821
1242781228 4008894
1243386313 3375122
1243816454 2882197
1242468957 3206762
1243445749 1139073
1244278307 1139073
1242305949 3710613
1242510801 3417215
1242832505 3417215
1242884967 3710613
1243700568 2941366
1244438952 2588800
1256934136 121791773
1242146601 3194733
1242387328 2473743
1243040004 2473743
1242649523 3710613
1242709993 4286533
1243106939 4585053
1242127568 3784523
1242176539 3521683
1242176539 3313663
1242029281 3461923
1242270248 3169213
1242270248 2928223
1242029281 3532733
1242653279 3825373
1242712021 3848683
1242279930 3810033
1242481625 3598783
1242625005 3434473
1242175840 3542663
1242501437 2853433
1242778957 2853433
1242121503 3710613
1242189787 3612813
1242297022 3612813
1242314510 3710613
1242586377 3454193
1242832505 3336673
1281748517 6719373
1242146601 3194733
1242387328 2473743
1243040005 2473743
1242649523 3710613
1242709993 4286533
1243106939 4585053
1242127567 3784523
1242176539 3521683
1242176539 3313663
1242029281 3461923
1242270248 3169213
1242270248 2928223
1242029281 3532733
1242653279 3825383
1242712021 3848683
1242279930 3810033
1242481625 3598783
1242625005 3434473
1242175840 3542663
1242501437 2853433
1242778957 2853433
1242121503 3710613
1242189787 3612813
1242297022 3612813
1242314510 3710613
1242586377 3454193
1242832505 3336673
1280824464 105314703
1320543700 105314703
1282100477 2162983
1282822658 0
1284780687 0
1283609243 3710613
1283790653 5438376
1284981492 6333926
1282043376 3932363
1282190290 3143833
1282190290 2519769
1281748517 2964545
1282471419 2086417
1282471419 1363435
1281748517 3176971
1283620510 4054916
1283796737 4124821
1282500464 4008894
1283105549 3375122
1283535690 2882197
1282188193 3206762
1283164985 1139073
1283997543 1139073
1282025185 3710613
1282230037 3417215
1282551741 3417215
1282604203 3710613
1283419804 2941366
1284158188 2588800
1320543700 105314703
1372812961 105193894
1320895660 2162984
1321617841 0
1323575870 0
1322404426 3710614
1322585836 5438378
1323776675 6333928
1320838559 3932364
1320985473 3143834
1320985473 2519769
1320543700 2964546
1321266602 2086418
1321266602 1363436
1320543700 3176972
1322415693 4054917
1322591920 4124822
1321295647 4008895
1321900732 3375123
1322330873 2882198
1320983376 3206763
1321960168 1139074
1322792726 1139074
1320820368 3710614
1321025220 3417216
1321346924 3417216
1321399386 3710614
1322214987 2941367
1322953371 2588801
1339939914 121751504
1320661020 3194734
1320901747 2473744
1321554423 2473744
1321163942 3710614
1321224412 4286534
1321621358 4585054
1320641987 3784524
1320690958 3521684
1320690958 3313664
1320543700 3461924
1320784667 3169214
1320784667 2928224
1320543700 3532734
1321167698 3825374
1321226440 3848684
1320794349 3810034
1320996044 3598784
1321139425 3434474
1320690258 3542664
1321015856 2853434
1321293375 2853434
1320635923 3710614
1320704207 3612814
1320811441 3612814
1320828929 3710614
1321100796 3454194
1321346924 3336674
1360262937 6719374
1320661020 3194734
1320901747 2473744
1321554423 2473744
1321163942 3710614
1321224412 4286534
1321621358 4585054
1320641987 3784524
1320690958 3521684
1320690958 3313664
1320543700 3461924
1320784667 3169214
1320784667 2928224
1320543700 3532734
1321167698 3825374
1321226440 3848684
1320794349 3810034
1320996044 3598784
1321139425 3434474
1320690258 3542664
1321015856 2853434
1321293375 2853434
1320635923 3710614
1320704207 3612814
1320811441 3612814
1320828929 3710614
1321100796 3454194
1321346924 3336674
1372812961 105193894
1425082222 105193894
1373164921 2162984
1373887102 0
1375845131 0
1374673687 3710614
1374855097 5438378
1376045936 6333928
1373107820 3932364
1373254734 3143834
1373254734 2519769
1372812961 2964546
1373535863 2086418
1373535863 1363436
1372812961 3176972
1374684954 4054917
1374861181 4124822
1373564908 4008895
1374169993 3375123
1374600134 2882198
1373252637 3206763
1374229429 1139074
1375061987 1139074
1373089629 3710614
1373294481 3417216
1373616185 3417216
1373668647 3710614
1374484248 2941367
1375222632 2588801
1425082222 105193894
