1000 3000 300 20250
99 301
904 653
913 417
624 50
11 172
458 506
94 183
364 228
205 169
597 481
464 121
645 916
250 791
22 761
97 376
990 173
958 258
868 764
398 443
128 211
431 140
44 254
338 249
908 782
898 756
663 459
315 164
632 390
947 955
357 893
82 521
471 953
868 650
587 482
19 28
581 600
346 220
318 163
843 814
682 673
45 867
542 526
752 906
582 332
853 339
614 476
749 77
455 468
403 650
530 194
403 212
82 984
519 912
484 115
112 358
869 427
848 91
553 951
333 995
575 280
377 387
598 815
637 406
367 283
283 172
255 366
250 111
521 969
763 338
501 553
583 514
41 329
71 321
628 614
622 728
955 841
901 474
517 517
489 975
953 496
931 60
490 138
490 415
209 88
153 937
411 453
54 492
395 638
264 502
674 752
317 821
73 499
117 112
591 452
208 279
741 614
336 508
795 976
316 503
422 820
237 286
94 920
659 254
862 200
925 415
547 297
756 155
862 337
395 969
978 258
455 329
645 218
973 653
328 960
475 892
397 927
131 956
523 434
745 522
831 583
994 564
631 850
538 897
170 91
721 834
243 735
765 920
405 809
861 389
489 9
879 758
923 984
190 41
975 522
552 756
40 111
88 496
609 527
717 636
272 258
876 9
641 623
490 205
502 141
780 389
316 712
936 670
995 714
891 94
664 90
42 642
122 290
143 846
647 304
228 316
737 490
776 984
782 493
731 14
786 130
974 743
441 378
774 455
909 433
459 315
900 64
169 942
917 792
680 631
427 867
770 603
874 901
474 62
734 366
651 710
941 434
321 322
828 440
263 917
531 806
55 903
599 741
649 374
512 963
971 283
645 679
561 170
466 77
788 154
556 25
644 654
703 400
912 862
179 913
641 323
66 747
392 846
86 45
387 573
901 817
768 128
871 852
510 713
908 704
885 671
513 514
711 277
811 480
979 844
328 698
148 270
971 927
781 120
704 231
24 409
483 703
266 909
492 186
903 577
486 270
890 857
910 380
790 939
951 764
528 516
571 580
19 395
991 333
165 265
48 652
523 587
798 932
918 824
659 691
615 162
265 256
649 851
739 555
987 20
274 234
713 352
51 336
222 337
681 715
3 503
674 897
967 956
732 82
413 376
845 359
662 975
51 5
172 279
662 651
171 115
31 951
293 526
7 478
588 447
614 827
957 390
41 225
159 774
247 572
559 669
938 243
957 690
891 960
792 45
421 952
727 347
262 103
296 932
468 670
312 452
160 794
178 710
606 127
471 918
950 973
707 171
253 583
853 292
932 132
241 495
788 986
642 263
523 804
916 604
822 470
810 747
168 7
231 913
412 246
217 744
645 204
330 243
979 854
735 547
774 819
970 578
967 724
897 97
484 938
793 981
991 721
626 856
991 719
138 451
643 569
970 333
482 199
644 265
202 371
545 462
452 88
432 845
564 703
578 309
958 373
849 659
804 775
149 894
658 888
599 525
210 618
397 148
301 785
545 987
651 977
875 211
222 304
268 954
790 777
98 495
901 136
717 449
352 324
469 815
22 979
176 613
1 6
710 165
575 518
517 247
631 889
507 11
422 635
219 884
324 634
280 931
46 869
56 516
319 444
571 58
789 516
546 280
505 364
65 74
201 502
845 779
891 626
216 832
65 747
184 395
463 449
966 987
12 621
554 698
342 686
52 723
694 1
500 627
541 143
78 725
620 715
589 700
804 669
475 240
954 196
815 48
144 932
750 283
526 413
893 212
113 398
397 75
707 540
10 140
487 828
29 547
556 936
936 649
903 442
872 876
818 77
712 867
405 309
455 918
536 809
700 555
678 491
533 872
431 114
318 803
904 22
500 549
895 454
825 796
866 950
466 988
36 684
874 996
553 13
823 380
961 488
760 755
728 867
848 525
964 635
334 216
471 4
829 3
958 202
24 485
53 944
308 34
645 6
498 78
463 412
448 54
365 810
827 30
646 569
506 714
977 436
963 514
591 697
227 721
585 924
763 378
831 117
677 875
613 661
282 151
95 755
23 366
769 209
950 956
700 792
930 596
238 912
806 584
596 153
355 511
467 658
166 75
55 826
995 666
153 825
52 197
831 676
429 318
265 872
212 11
905 573
297 282
476 256
112 817
332 97
41 41
949 857
320 955
283 525
781 236
949 849
794 803
755 364
697 551
36 374
306 551
464 806
803 642
158 501
70 907
706 515
340 698
242 857
284 254
288 561
806 440
631 740
830 633
554 60
851 280
107 914
556 670
22 953
254 112
498 231
150 788
245 656
515 269
949 430
735 374
256 765
841 763
938 235
401 496
557 993
288 247
407 623
414 554
529 397
732 43
374 946
434 181
239 485
119 109
229 497
426 744
128 148
737 127
586 328
761 423
277 3
774 261
955 574
494 760
170 431
380 568
553 746
228 841
477 516
559 92
260 119
248 564
752 811
839 914
13 20
578 944
540 597
296 695
466 588
777 572
733 803
18 437
890 62
861 813
115 419
991 204
83 235
286 280
122 675
540 405
227 814
89 810
27 471
861 642
251 294
6 213
985 158
431 79
84 223
156 234
270 670
688 980
841 893
503 188
528 864
444 373
567 854
524 212
575 549
797 354
866 601
971 803
504 705
516 20
970 160
322 941
927 294
32 732
859 414
638 989
726 853
576 816
168 869
143 921
725 53
662 558
560 402
891 336
143 830
4 962
64 945
313 946
513 937
577 269
393 434
437 17
101 767
980 103
795 773
363 516
897 971
890 99
915 160
948 465
556 437
207 518
20 696
319 974
846 886
917 58
735 350
378 339
387 485
54 665
55 214
406 859
545 74
670 562
805 338
546 994
78 750
639 46
389 543
644 310
761 957
289 638
203 814
622 750
767 866
607 421
129 589
293 865
570 969
377 653
233 562
984 113
271 679
407 574
817 910
300 672
242 534
791 323
629 646
887 85
607 341
512 293
724 191
479 539
964 276
145 592
170 511
14 884
591 283
111 442
188 182
177 454
679 541
423 309
67 3
627 135
773 270
401 257
271 424
242 65
53 621
338 306
787 271
418 832
6 902
29 709
261 331
20 133
580 710
604 785
347 992
165 831
736 851
930 667
321 930
787 510
203 786
291 115
145 442
628 674
47 989
527 178
356 100
666 728
218 397
569 776
755 638
789 56
128 5
783 484
876 725
287 477
919 665
593 654
109 707
682 205
215 879
665 890
298 192
815 984
163 12
800 559
872 456
637 187
18 900
496 521
790 780
554 843
398 585
602 621
196 337
780 231
369 606
4 579
694 313
254 583
299 576
630 49
96 794
347 536
625 277
997 105
567 775
136 86
610 975
840 216
433 997
684 38
207 884
912 750
944 181
424 988
362 920
667 558
930 608
300 830
769 507
992 216
95 720
853 593
183 359
27 260
533 789
888 447
460 641
570 862
967 953
686 114
130 78
688 370
802 475
536 587
213 957
918 390
816 201
935 723
747 55
839 532
321 459
514 968
300 377
539 767
878 197
508 512
621 402
579 244
512 778
638 230
936 835
542 978
311 72
178 730
756 723
772 336
786 125
313 226
734 534
393 881
724 783
531 334
979 954
569 636
571 624
39 603
525 211
71 890
198 938
881 531
78 458
103 522
166 448
353 330
85 800
291 90
648 403
161 191
888 815
322 288
191 922
257 354
949 229
282 862
319 706
570 835
520 124
49 150
12 12
645 257
873 860
809 296
528 838
381 573
299 145
965 741
37 769
422 16
915 301
828 899
818 911
788 566
126 744
667 113
261 836
573 873
858 265
512 376
582 881
711 305
71 550
978 520
645 317
455 465
574 700
558 201
919 428
43 132
193 357
43 736
835 416
968 54
446 420
841 495
873 299
920 447
26 607
73 287
553 303
421 988
638 919
91 401
762 371
925 947
380 535
260 200
302 11
340 208
51 942
583 179
628 39
886 146
750 956
722 711
582 810
929 522
605 481
295 511
666 651
388 367
839 431
763 46
841 799
667 312
20 217
823 343
428 446
20 352
978 840
369 227
662 128
144 930
451 169
118 168
957 760
810 620
646 196
819 817
110 384
994 714
544 547
555 125
952 20
591 165
4 41
586 224
561 676
202 368
667 346
128 914
853 268
311 974
531 380
229 459
488 678
712 137
119 874
181 45
825 635
103 799
769 784
32 239
24 218
42 76
141 349
397 465
509 22
80 98
93 142
122 719
363 334
628 347
675 606
94 65
478 786
228 177
304 932
273 108
421 168
434 556
777 966
597 860
404 769
11 728
931 533
656 45
253 486
780 572
915 308
907 150
480 791
517 775
229 351
935 473
220 372
911 530
317 171
961 101
937 783
557 96
73 669
801 667
94 84
539 569
571 316
72 44
39 725
894 246
542 277
411 846
14 969
358 631
300 808
463 133
82 647
630 849
554 707
311 111
130 813
774 898
533 366
963 702
556 971
983 675
843 793
957 921
687 900
308 299
632 204
748 177
334 758
579 454
128 918
824 255
737 633
263 616
446 660
740 353
222 429
664 241
120 900
436 683
844 519
444 77
898 197
239 352
289 864
571 384
936 907
897 699
504 510
162 160
808 273
753 542
958 883
239 84
826 735
524 223
440 921
258 196
820 251
504 452
601 89
853 213
496 704
700 699
762 527
380 199
189 628
126 17
49 686
704 355
845 497
234 872
562 31
317 968
301 461
319 202
371 74
403 879
171 279
792 940
62 56
776 307
7 373
563 822
974 876
866 937
365 318
538 779
966 895
960 149
361 527
915 679
657 877
358 170
379 188
822 792
863 285
432 265
96 541
773 947
957 814
909 436
902 31
130 375
133 454
983 987
656 150
186 14
26 864
261 318
279 584
289 947
623 874
64 289
669 337
918 35
608 759
316 500
900 566
930 277
453 185
149 179
611 797
316 199
515 239
450 548
229 558
831 633
695 202
141 662
423 724
696 686
363 517
49 956
636 371
472 814
62 6
831 497
879 533
405 162
987 70
431 864
284 395
414 781
485 245
924 283
449 499
131 364
757 227
574 255
129 375
886 452
817 275
263 503
579 397
702 629
453 450
17 345
80 77
368 761
27 770
670 802
329 771
513 206
414 865
78 333
437 177
579 963
708 353
621 745
619 490
202 927
276 59
803 27
121 862
914 641
143 312
869 48
944 403
724 10
744 488
798 705
293 230
988 131
735 354
339 574
731 667
690 869
7 641
429 321
665 946
581 12
1 536
61 216
180 599
682 338
730 707
773 275
300 845
417 466
187 821
361 173
152 678
21 997
393 145
290 465
386 598
275 519
504 83
451 751
217 698
41 581
893 239
935 566
890 255
876 356
971 805
445 429
358 46
894 339
588 42
304 826
890 743
314 253
554 923
262 427
483 531
0 878
246 248
218 859
141 753
129 540
242 199
41 468
661 598
325 135
299 693
795 942
899 529
377 170
602 465
122 567
740 161
814 635
465 979
120 800
670 307
862 566
327 246
902 245
889 905
456 670
417 627
99 217
436 131
30 465
767 720
447 789
799 167
592 399
83 372
877 68
74 685
582 592
777 302
416 916
637 140
914 896
489 117
938 135
541 726
414 131
694 556
696 978
223 50
526 924
784 596
161 404
960 959
884 364
386 59
59 637
239 194
451 285
861 90
806 946
90 378
833 291
171 117
831 182
46 623
729 12
496 597
259 326
124 410
224 9
179 640
516 396
596 844
885 556
624 440
888 935
427 762
14 938
998 241
237 629
378 472
489 879
311 930
946 876
378 638
775 854
608 389
426 583
456 209
4 520
728 200
696 198
643 655
776 434
427 33
48 661
325 820
960 831
749 610
941 391
447 951
719 670
410 738
949 308
106 41
172 906
875 198
845 651
294 589
585 224
690 747
985 617
386 834
316 913
781 852
457 782
634 587
835 78
257 756
202 393
404 436
331 550
780 101
325 809
967 202
99 922
468 889
334 595
267 64
648 774
958 254
5 534
705 495
362 499
534 899
422 925
984 888
692 724
439 622
869 734
31 347
57 97
546 473
292 550
996 417
98 623
885 984
206 930
706 132
465 106
745 481
907 779
532 977
692 388
491 956
672 210
522 604
233 182
561 17
537 331
580 619
532 521
230 383
93 618
684 60
107 725
120 973
485 252
510 819
283 553
197 315
641 474
353 87
246 226
346 417
19 664
422 480
195 903
845 995
514 106
93 533
426 487
931 471
483 335
619 175
523 399
43 634
976 858
780 560
827 59
704 996
951 758
533 808
417 980
948 499
402 39
595 100
986 178
828 523
816 437
487 30
644 325
949 81
765 157
176 837
708 753
473 385
792 443
882 940
864 44
927 941
835 958
740 667
280 189
209 372
807 992
29 407
961 775
407 973
113 680
725 55
827 219
247 247
335 919
382 817
638 490
864 602
125 883
303 740
671 994
360 124
68 436
239 407
594 60
23 331
909 170
61 733
34 727
83 367
313 715
660 995
453 997
579 604
628 709
346 40
580 979
188 231
80 824
567 159
196 182
199 878
169 782
174 718
794 778
15 744
41 869
550 134
248 992
266 328
844 711
728 104
96 515
776 313
44 204
364 189
908 215
170 936
353 491
642 908
811 708
556 112
472 717
112 700
903 152
248 831
458 219
333 891
433 221
958 106
224 809
443 2
305 571
944 959
143 575
598 302
678 290
644 464
940 234
847 417
996 316
580 890
641 407
487 185
280 824
870 770
427 123
15 542
57 914
912 322
459 910
611 757
719 570
428 182
610 169
192 624
108 791
939 623
907 943
19 694
374 701
634 865
123 527
581 945
920 217
334 888
330 390
662 223
560 929
55 720
432 206
118 759
532 846
241 625
597 921
781 621
718 956
35 551
900 578
169 723
438 967
778 664
451 630
189 519
728 610
635 431
933 217
10 233
966 220
998 246
30 437
207 134
365 50
596 382
101 369
596 358
83 889
21 897
690 2
540 706
918 758
739 874
52 985
378 204
103 378
424 17
340 252
493 596
535 12
984 578
346 956
913 703
395 846
626 449
595 705
83 541
492 322
190 197
212 834
150 112
753 124
291 464
496 762
62 630
84 801
603 378
336 272
343 44
942 32
857 474
588 599
961 251
457 188
146 491
884 160
447 921
72 553
31 779
502 733
893 398
879 891
183 692
80 287
459 751
837 72
53 140
829 129
972 524
244 557
243 861
15 959
940 354
580 120
499 646
312 962
936 203
132 828
417 658
84 67
505 62
445 710
458 850
953 872
244 43
284 709
263 128
582 80
47 6
498 83
605 585
110 101
500 948
368 648
874 375
262 429
969 498
636 404
42 142
896 216
194 672
68 969
735 67
719 508
495 636
812 458
892 374
1 655
744 319
928 403
103 617
425 826
355 745
643 891
807 741
812 154
85 93
78 25
133 256
132 441
961 421
896 846
399 739
768 787
634 202
968 667
176 499
264 438
371 633
871 97
860 342
398 438
48 811
339 128
70 475
806 349
475 98
354 510
644 541
825 909
489 352
563 3
476 612
397 79
482 891
506 576
319 536
520 576
774 198
668 359
294 147
414 226
390 612
760 573
492 878
91 329
813 107
764 683
22 921
467 127
791 874
50 52
931 975
505 812
221 145
600 503
571 288
91 50
440 996
949 460
361 636
747 47
325 703
996 496
564 732
365 162
798 976
177 765
304 248
595 163
652 244
487 142
709 791
993 886
46 369
582 594
952 995
416 145
852 809
299 595
586 801
183 904
245 700
249 388
340 80
509 289
438 119
150 119
161 786
721 603
934 719
977 124
202 600
375 368
479 652
179 62
772 311
992 656
511 302
209 692
801 298
640 501
715 569
893 38
9 795
575 511
179 951
837 684
594 800
193 898
215 839
260 289
905 689
924 521
9 88
309 286
493 574
920 759
447 979
666 765
126 802
370 686
431 80
921 974
690 800
297 594
31 943
772 273
237 752
223 323
346 27
679 405
226 536
129 551
923 825
740 289
391 924
494 265
949 966
438 298
877 111
109 327
576 644
744 351
991 176
457 137
60 859
167 453
461 881
474 450
414 113
377 855
999 371
933 291
219 518
461 469
418 108
365 188
829 283
236 841
482 373
617 777
212 405
261 4
514 951
2 659
699 36
149 175
94 28
715 236
721 362
882 918
55 584
813 998
44 237
439 722
2 571
852 306
936 634
847 981
291 43
718 778
111 443
293 72
957 145
463 527
559 986
213 936
565 475
957 934
45 342
916 992
692 593
695 503
933 120
211 106
716 606
427 56
505 758
851 877
347 954
262 675
100 547
675 303
797 329
719 969
950 144
179 794
889 131
269 747
516 953
232 680
629 27
878 348
765 472
191 336
37 88
776 296
852 147
873 495
638 697
413 431
107 622
253 428
288 293
205 273
278 144
261 477
938 365
738 88
782 78
394 859
808 111
6 985
661 684
492 825
44 305
387 153
679 481
932 361
127 361
124 196
767 589
18 458
879 673
380 443
268 681
769 928
163 898
101 869
407 985
926 310
427 132
24 771
58 117
796 300
457 165
569 121
984 605
387 81
866 571
750 106
589 387
375 654
391 315
342 330
383 31
414 280
185 844
196 31
138 822
791 275
936 714
374 94
117 382
85 982
853 925
351 790
797 957
837 53
883 544
186 452
99 16
688 553
237 616
961 912
665 857
425 843
859 281
903 995
543 670
949 393
68 412
620 105
914 931
974 66
552 232
308 67
400 646
849 784
322 884
686 240
361 122
708 807
679 160
97 489
646 63
524 283
736 349
113 39
593 532
566 431
384 624
102 237
311 449
206 969
454 910
385 943
633 674
814 430
558 115
77 633
290 961
752 978
750 931
361 793
484 47
20 61
662 331
912 757
443 848
555 506
143 242
920 259
3 290
636 111
476 416
99 933
117 687
680 314
342 462
43 0
33 961
205 177
960 89
697 746
667 721
791 421
828 52
615 344
623 672
635 534
125 925
915 562
860 450
977 586
545 882
536 933
231 955
458 865
476 349
315 630
426 947
17 565
702 871
122 293
525 269
896 529
220 12
51 327
895 938
984 511
820 91
804 705
452 223
523 220
53 314
703 613
564 755
482 494
112 716
209 994
139 962
903 801
567 849
41 906
916 948
509 897
839 25
448 622
178 928
583 568
141 53
982 194
594 688
93 454
170 920
75 482
750 338
61 467
966 188
897 242
932 708
569 671
889 849
894 881
158 139
187 102
9 199
391 702
600 351
714 141
108 421
557 247
654 193
947 160
234 768
754 232
710 507
844 61
918 589
294 189
912 467
524 916
572 826
662 312
903 501
567 361
856 140
597 636
836 279
105 621
526 520
503 364
384 925
425 349
63 357
309 292
695 544
278 609
821 266
682 760
924 960
814 980
264 16
872 203
838 945
897 209
523 952
685 190
41 774
384 183
517 427
454 837
983 829
463 805
74 655
306 105
575 192
679 799
546 977
257 706
532 885
656 602
338 43
98 129
456 669
199 429
516 390
667 453
546 577
642 314
389 193
146 524
431 759
919 236
86 672
778 357
745 993
804 876
280 481
355 690
28 260
463 390
220 550
735 16
162 437
682 11
357 455
419 486
849 802
795 944
778 983
780 652
720 50
344 957
750 559
454 310
68 47
4 208
678 433
694 280
989 390
891 566
826 353
272 590
441 74
910 489
186 859
988 60
689 723
451 568
858 34
550 511
463 648
498 99
233 302
146 200
334 938
393 152
815 979
427 551
703 240
643 710
905 130
23 485
587 747
179 416
425 174
808 320
389 572
211 91
552 816
681 933
536 684
716 914
327 573
833 318
844 19
608 376
1 248
328 554
763 344
298 340
55 283
139 511
325 576
649 120
911 92
725 485
625 708
279 146
539 56
248 282
745 552
232 677
201 832
947 579
365 121
101 805
52 620
661 742
374 173
991 728
846 110
693 339
246 209
882 976
359 630
52 491
124 881
256 15
3 586
347 862
320 174
891 474
655 348
184 275
691 690
498 376
689 324
965 260
786 748
200 922
543 292
764 804
360 43
9 408
369 692
640 824
11 481
897 705
694 512
550 266
927 659
591 16
520 18
110 865
105 8
401 457
466 378
467 771
240 812
22 375
382 231
466 888
826 728
913 901
456 359
456 351
866 895
626 811
218 309
755 68
726 928
442 346
950 613
596 160
777 459
971 739
929 223
274 294
961 146
971 173
855 43
360 557
123 523
148 907
764 814
380 419
662 564
476 317
564 729
649 229
197 982
780 20
885 928
415 607
763 800
552 570
736 5
755 736
497 735
922 922
380 731
411 596
200 697
684 32
485 13
813 425
890 518
57 440
817 644
835 237
469 449
749 358
399 649
282 38
108 899
371 444
617 296
548 501
420 873
532 955
977 464
200 522
918 938
553 868
57 179
755 522
496 725
799 976
801 656
857 624
160 708
238 771
431 830
249 297
793 531
517 231
640 31
776 453
232 984
47 91
214 68
102 881
730 93
143 949
154 795
559 352
560 977
123 214
719 726
665 832
992 725
333 927
824 684
868 734
612 582
722 704
921 963
436 952
23 151
95 359
548 413
811 977
764 364
684 230
569 230
548 526
999 318
956 75
456 393
125 124
412 261
590 384
794 281
645 883
103 45
565 392
521 76
724 500
479 641
550 504
724 524
894 49
821 75
356 353
171 783
622 76
245 642
898 238
743 817
834 395
613 981
38 858
867 786
868 174
191 714
441 909
84 690
644 43
87 266
959 585
836 234
568 598
499 825
960 13
283 382
366 251
664 179
496 361
329 25
343 835
595 881
41 0
303 355
382 433
44 659
427 41
214 948
98 10
515 722
650 873
756 401
68 637
945 848
324 850
698 431
662 917
725 686
572 465
584 788
826 277
862 577
857 590
730 438
544 891
128 285
979 699
623 38
66 74
375 936
859 434
952 635
775 811
776 135
948 421
795 754
596 777
932 821
290 74
640 68
531 927
70 854
241 199
775 208
555 453
88 357
571 581
182 283
851 59
190 330
250 656
29 50
627 434
338 934
214 527
750 886
343 857
689 274
88 396
825 121
840 983
261 232
550 215
574 546
837 392
89 590
943 208
139 936
430 337
557 422
578 675
160 872
790 583
932 38
501 582
965 419
181 657
795 386
444 717
72 815
751 947
970 74
744 198
928 994
921 56
737 250
686 211
224 951
637 662
812 111
115 443
407 473
380 449
249 139
316 836
240 192
726 459
195 914
341 372
321 179
6 190
52 459
964 315
941 876
163 286
938 363
85 322
63 416
536 183
248 342
119 660
963 290
667 942
485 97
438 62
62 185
117 356
281 990
508 739
575 370
515 220
749 482
118 402
372 503
714 268
792 363
404 924
612 720
838 392
421 6
452 507
191 919
64 761
144 816
117 381
499 876
542 511
869 538
335 680
631 809
840 217
277 911
78 807
56 378
877 211
619 850
124 332
508 399
739 946
104 580
431 547
477 897
318 265
239 994
104 662
77 722
167 471
587 890
908 422
111 880
19 482
40 952
318 604
156 184
297 385
359 438
557 407
154 132
712 927
848 730
846 822
176 888
908 896
138 462
998 701
150 209
784 846
209 952
988 257
530 286
503 64
944 173
878 684
165 48
82 200
905 356
312 668
237 586
204 402
593 658
240 857
317 429
904 707
998 654
495 662
749 940
602 62
986 456
665 108
827 333
322 554
634 830
425 885
27 248
478 455
11 159
748 823
815 503
12 765
169 648
261 334
591 793
732 815
664 394
323 589
915 560
479 86
159 478
617 382
376 458
274 915
180 345
475 901
336 130
791 340
734 16
874 47
267 760
904 452
704 784
963 332
366 893
34 150
112 477
851 242
455 233
843 158
89 575
171 248
312 60
338 592
350 247
122 127
110 300
52 293
322 933
142 659
733 141
832 320
710 80
788 462
520 370
724 903
946 896
377 663
730 373
414 883
588 269
478 576
514 864
603 866
941 836
866 498
230 579
922 330
967 596
722 557
87 289
5 868
515 823
571 254
746 593
371 208
249 939
751 448
559 341
657 895
15 525
835 476
699 642
904 812
482 800
554 258
400 97
325 791
230 689
982 117
757 651
507 99
559 915
821 965
685 783
156 364
123 119
276 317
815 338
501 587
137 826
171 89
438 190
571 541
165 987
830 441
573 284
120 285
845 105
550 262
42 327
731 833
293 947
312 626
889 563
576 309
387 104
986 535
527 321
410 58
185 546
614 773
794 259
960 329
521 374
122 749
247 308
36 761
173 880
969 477
743 523
419 70
539 203
156 511
400 623
821 429
829 938
959 175
706 192
695 309
751 826
268 964
149 334
787 839
987 852
937 45
706 476
181 174
543 253
48 597
414 785
722 937
618 118
966 690
984 818
512 267
137 755
658 101
300 257
151 674
353 805
315 746
464 22
930 938
777 367
29 266
786 876
694 358
16 698
258 918
262 485
442 75
478 150
230 96
746 264
514 501
301 192
704 824
374 851
753 698
359 733
269 451
962 153
927 999
577 147
634 410
275 67
9 290
950 271
18 327
501 772
724 302
145 795
779 861
857 393
274 509
947 645
238 391
939 738
526 731
597 323
401 668
67 447
564 480
36 413
811 735
592 663
754 744
769 547
420 550
923 47
877 916
840 626
735 652
69 312
720 157
663 506
559 389
155 174
433 433
821 825
697 910
291 975
891 970
723 660
838 596
198 729
455 382
784 249
274 23
406 875
671 554
784 386
385 498
133 408
901 546
954 381
772 566
291 528
807 586
576 3
977 957
192 512
340 909
733 758
761 453
352 987
723 932
374 848
355 291
507 407
991 770
383 84
299 297
944 738
956 575
608 129
268 334
736 408
151 940
783 337
6 967
557 197
446 55
499 366
795 747
900 826
991 550
79 373
789 597
753 153
183 649
874 555
85 418
545 393
701 208
12 62
713 239
155 251
875 99
792 751
707 286
413 798
441 430
478 617
614 388
454 325
36 394
736 225
657 952
993 248
808 516
32 538
385 225
364 658
145 147
852 710
694 700
450 599
600 412
121 236
851 683
588 512
539 201
283 369
167 502
343 711
992 757
811 880
945 698
22 945
732 492
119 519
808 131
577 647
507 71
667 948
353 273
310 498
760 441
555 627
599 101
96 271
627 17
197 182
608 24
766 922
289 980
191 664
608 204
505 881
273 576
791 926
519 909
304 994
181 551
311 216
216 362
726 181
672 681
143 999
406 867
658 84
292 56
809 194
875 434
665 561
176 71
87 247
417 736
96 602
414 795
613 112
904 740
257 11
888 865
753 178
906 477
452 472
105 442
206 514
284 85
381 269
989 417
530 942
58 673
400 297
279 732
92 992
680 198
598 176
420 961
541 328
118 332
227 668
645 308
272 578
851 176
336 737
501 284
95 278
489 5
845 945
431 732
111 509
571 918
477 451
480 604
421 465
833 293
372 221
204 345
224 631
486 739
94 643
339 127
727 600
524 929
380 186
758 139
927 453
752 362
760 124
823 277
90 852
106 795
677 485
808 840
170 230
528 818
371 558
9 448
548 367
384 353
583 446
966 879
514 919
489 40
176 760
428 283
723 249
580 844
67 702
699 140
49 814
331 370
681 777
65 804 287 354 131 322 306 639 786 541 399 355 163 178 801 593 200 181 745 99 555 987 809 7 359 556 130 565 221 338 457 514 774 484 411 999 438 797 576 932 264 688 451 137 472 755 791 836 27 645 444 479 704 530 443 276 349 820 761 45 539 448 776 308 910 191 272 505 436 2 149 783 585 152 409 124 382 209 677 386 817 204 120 119 680 28 477 754 127 703 492 986 951 268 5 330 372 279 958 982 843 317 684 681 222 172 782 482 300 737 621 693 869 969 238 35 171 8 464 199 949 708 732 420 744 632 826 98 506 449 828 426 850 299 977 138 466 33 15 51 231 992 402 660 155 622 861 234 289 370 245 825 417 830 897 125 878 577 972 594 656 873 490 900 179 960 707 988 915 80 242 219 92 851 655 609 126 474 290 937 525 473 751 524 111 985 659 936 331 717 360 793 945 637 748 564 228 848 14 84 978 920 391 807 575 941 278 865 918 94 247 627 456 523 390 835 587 582 845 460 790 981 919 615 953 232 203 829 112 617 233 853 625 652 327 569 249 618 227 768 552 970 952 542 764 586 709 805 860 903 281 64 947 549 619 863 596 356 823 795 493 944 95 743 158 407 388 699 785 362 455 408 887 611 756 352 864 500 898 674 725 375 806 636 573 416 6 72 48 34 519 211 808 183 253 351 422 779 628 742
