2000 6000 300 10125
1493 93
115 1477
675 1660
452 1645
48 1378
1306 1068
420 880
782 1663
1786 1106
206 1620
653 1469
274 820
1580 635
1876 1200
1163 841
527 130
988 492
547 967
1881 1555
281 677
570 1835
593 20
666 674
789 319
1703 1606
44 88
455 464
814 1113
1132 520
1953 655
821 781
68 103
698 444
223 795
467 355
1891 972
1266 219
647 617
302 587
787 906
842 1777
1809 1249
364 29
1407 1995
879 1191
1652 738
1304 39
755 756
1170 862
1944 1367
291 1486
1574 704
401 1701
742 1580
729 1893
595 114
1811 1728
1361 241
1729 1228
1825 671
1027 1914
288 995
1541 773
711 1209
1645 936
628 1318
1159 167
1549 747
81 816
337 1300
48 1125
1999 410
841 1676
1764 1406
513 1001
503 1814
431 1628
535 771
754 1301
470 718
1942 747
752 954
1122 47
603 1575
1582 1697
1280 1486
1544 1372
1448 1005
540 1188
879 1876
1973 1052
124 1245
177 842
1722 34
497 1161
1359 1112
439 1974
991 703
1086 1899
1945 1379
972 1202
1063 80
1463 1919
411 1448
1598 1863
1713 1806
1350 1770
248 1845
1113 1604
916 1633
1892 965
359 1607
237 54
1785 243
1337 75
613 1367
1491 1499
296 1726
728 268
3 1418
365 213
611 156
634 388
543 600
1710 120
1578 1164
386 1352
785 575
1670 988
852 1328
431 1321
723 440
112 1380
1455 1750
137 1877
57 89
447 1359
234 502
226 1656
359 1898
883 1995
568 359
1867 18
49 569
1527 1272
850 1243
1095 1060
1377 709
1423 1893
129 1849
761 430
1543 691
589 400
1672 23
344 154
206 904
1674 1109
658 696
232 408
903 1830
276 1066
350 412
776 154
1836 734
550 330
705 1822
820 1658
995 82
592 1941
1811 552
180 1481
472 1465
995 1179
1247 1712
556 730
910 533
359 943
565 564
683 1961
603 361
1220 1808
1664 719
1584 552
590 514
1174 491
204 1690
634 772
1514 519
1716 1378
1502 1146
383 1461
1162 1015
391 728
1446 1175
853 1818
994 1504
10 181
1552 471
1124 138
679 1111
336 830
643 408
1108 695
497 293
1922 1938
590 486
1254 1323
1924 1046
741 1656
1717 440
527 647
350 38
1865 372
1321 1527
557 406
1081 1535
602 1178
1201 431
1092 884
763 433
161 1587
1479 529
1141 1869
297 1796
585 880
1236 717
384 1171
492 1443
1627 1327
1518 1564
1641 312
1712 1003
1882 512
1705 1264
943 242
1491 911
463 637
644 1821
1218 495
1102 687
1704 710
1773 1178
1260 1091
38 1345
1188 1528
1589 409
1965 1829
1731 1313
1403 1860
1531 1727
1177 1656
1336 1144
1749 1812
1668 823
539 1881
1049 18
448 1722
928 1359
148 320
1707 1646
937 238
1548 613
987 213
284 1878
318 1343
1656 535
676 92
1867 1802
532 1805
1538 1105
1881 1208
1347 125
1567 546
1082 224
217 1509
1420 8
674 1959
142 1473
867 716
1748 375
1213 641
264 295
775 1838
124 440
639 294
509 1370
1316 809
1189 1517
872 323
322 959
541 33
3 1525
875 600
1297 569
1312 1883
633 1052
1251 287
1632 724
769 1139
16 1154
792 1894
1794 674
722 717
1907 966
1101 1012
819 1973
1110 1824
1882 1906
130 1027
980 780
1340 636
1255 899
1498 1312
1504 52
1028 1723
177 1729
1727 125
1647 541
248 1702
1215 1223
1945 1156
157 286
1791 191
1902 1109
663 646
995 1693
690 453
465 1776
782 1941
1857 1676
481 1233
168 1306
1434 667
563 1185
679 335
1279 245
1796 320
515 1337
64 291
239 1759
1525 1697
770 1808
874 1193
1169 1994
1971 312
1613 214
938 1140
68 489
823 564
6 799
2 1551
26 431
1911 1298
913 1364
209 817
42 1843
856 335
1299 733
1380 132
1678 1697
77 192
175 1270
386 680
1401 1638
236 1666
73 1968
1547 1507
1782 307
516 504
1510 1100
310 396
75 1843
1712 530
1053 3
464 1030
1311 1241
971 1837
583 106
457 513
1980 335
387 1667
387 1390
835 1244
363 1541
1268 74
1670 251
1629 478
201 722
993 214
361 1297
1548 1597
179 1126
734 440
1613 950
742 1890
498 358
1931 132
385 904
1336 1880
396 1804
236 949
142 1270
870 1634
222 1633
1667 736
981 1035
1581 753
489 305
1051 1795
1797 405
1308 447
1327 1523
168 1818
1104 1000
1724 57
455 290
188 455
351 835
1927 1104
1559 1740
1807 525
1074 1583
331 327
2 988
503 1405
96 1681
611 335
1887 1272
701 1537
1300 294
1339 1195
1685 1857
1105 1581
1558 199
773 1920
647 256
513 475
1071 1805
1948 1960
454 1491
953 21
1974 1798
1260 1374
998 566
537 950
1855 1505
1171 692
1262 474
1320 1570
489 463
1098 82
686 592
433 1203
886 1867
1921 1385
1379 1697
202 1498
800 1159
1680 316
1112 1473
197 524
1529 1989
1212 1121
148 770
332 1084
1753 270
618 175
1028 1490
1798 1169
1978 904
394 800
1288 1283
659 1925
1318 1692
121 1723
1339 267
1577 1239
508 439
1884 106
648 1437
919 1125
1063 358
1956 737
360 330
1048 1822
1001 1563
1210 982
319 456
271 1894
1692 399
1326 1875
28 1653
114 1647
848 410
1472 1632
926 600
199 1710
1959 1421
280 1010
1456 1863
169 1623
1221 1579
1707 334
53 869
101 1599
1872 842
1978 532
517 904
542 278
402 1659
1707 1335
1835 165
1062 1561
1265 1101
1717 669
1868 1516
1187 1972
1504 105
1608 770
999 1942
0 270
994 468
526 1660
314 255
753 295
1204 1115
1594 213
353 1134
1065 832
287 579
1606 645
113 1729
1429 226
137 420
1609 1530
541 1194
672 1759
1750 1095
504 626
1279 1682
489 1729
1459 50
101 1593
214 1924
1069 1328
235 397
1067 1134
930 143
1097 1635
1016 57
1119 1523
587 907
1280 620
1901 1909
160 1966
892 1714
405 682
214 1071
970 1971
935 545
52 1490
936 91
1546 1474
691 1465
794 271
1052 1319
492 469
5 1503
1350 1678
438 1542
1523 507
1262 372
476 1667
1057 1968
882 602
1137 227
1425 1667
558 719
1334 1063
920 1670
952 1585
186 1151
1850 493
235 1788
1231 608
1843 832
1924 21
1872 62
855 531
1203 1766
642 1825
709 795
1330 1482
709 934
1638 303
1581 530
353 218
467 1645
928 1537
1514 793
683 1648
1063 14
645 994
722 1653
543 151
206 1848
163 1496
1545 465
1371 645
1983 1137
1956 73
1021 395
1015 220
1305 608
1816 851
541 504
33 1943
969 1173
9 401
1164 502
1788 296
1360 361
1391 1147
773 1952
1519 144
1133 570
696 1814
175 508
968 660
1623 457
1411 1122
1006 769
393 1000
448 1310
1290 1142
1515 1543
752 494
1223 733
195 1732
1326 1541
17 1127
1080 1243
975 53
1861 1774
1544 1536
1675 410
163 375
1153 893
454 120
1836 604
68 1578
1404 1691
321 618
666 451
1424 1935
1451 654
39 1945
67 1573
661 1840
1174 72
978 1823
24 1351
1147 1443
345 981
1342 1505
1714 1172
1254 435
1754 780
28 1983
841 281
1876 203
1670 366
1528 1581
1319 1669
819 1150
1313 1754
276 1923
1465 1363
1299 217
1162 1341
732 1052
1498 838
859 1649
503 87
278 422
1290 1358
1656 101
833 0
444 1257
552 1214
827 667
1208 1767
635 1709
1765 1447
1090 204
1618 1349
1484 1972
1205 850
1203 1757
1444 252
1882 1462
1879 1274
1040 1908
1404 426
984 1295
190 871
1612 537
1878 380
491 445
1438 1842
1611 939
1234 1575
510 588
428 875
1359 1427
444 731
1453 339
1332 1546
1172 668
281 1325
983 331
1569 41
1104 916
393 1317
1075 153
1173 630
892 0
347 1770
1452 1770
1001 79
1774 1947
1948 1493
1808 13
960 1403
1197 1589
587 1720
972 536
1911 1603
805 1189
1844 977
958 81
1362 156
1807 1854
1163 275
1029 1505
281 1292
838 1875
1517 73
1671 768
561 609
1856 553
501 590
506 344
832 848
203 577
129 97
1494 1943
630 848
1973 305
267 1335
970 856
1717 1911
387 1544
1462 608
1795 1426
1506 1109
421 1911
620 1762
1207 253
74 129
825 1866
1731 162
1157 1325
695 388
817 1783
75 275
1302 1001
1725 1937
400 1155
281 288
1077 1390
27 1332
1444 695
1327 1710
1714 523
503 935
529 1345
1739 1510
1282 601
59 996
309 492
1802 364
704 135
1662 944
873 111
1824 753
1113 337
1400 1819
1167 1266
1293 1047
1252 1850
1554 700
1044 226
1129 1656
298 956
1988 907
1967 1658
550 865
1134 1620
61 1554
1017 246
130 642
1198 426
60 1653
1596 1817
1797 1328
1778 130
1000 551
246 1902
12 1645
1211 1305
910 615
1503 1122
150 57
973 954
463 1262
1380 502
676 143
1104 1260
1955 1683
1187 910
1729 1293
530 702
857 633
663 1771
367 1487
29 5
1889 549
1567 131
1044 5
295 1730
1441 1371
1683 343
243 1799
910 1462
250 1343
381 1103
1947 1533
1246 106
561 380
439 1776
1562 1088
1362 355
553 1704
535 1839
2 1838
1657 911
651 163
683 1705
736 1606
407 1444
528 1901
1074 1522
1814 616
1849 1556
242 1760
1562 1660
1245 825
1903 1123
158 311
1282 1040
624 1347
256 334
1762 482
1242 1392
942 665
1347 414
569 1508
1139 275
746 438
1898 1004
1129 983
1191 335
609 292
686 1571
407 353
1872 1398
418 1706
1414 38
1169 1479
1482 457
1276 1034
1763 844
936 1173
1328 904
73 1556
290 1112
1895 801
703 498
1906 1018
1325 940
66 1239
1682 1483
232 1233
1131 123
101 557
31 1062
117 1187
1492 72
1187 1722
1624 45
72 763
647 1685
967 901
1604 76
399 1112
801 110
996 622
233 1756
63 261
1001 1792
271 1202
1565 218
295 437
274 1520
1744 1503
809 227
1979 220
492 1352
927 47
141 1438
983 301
133 103
1981 761
1135 1455
1855 181
1669 781
202 864
232 868
68 1367
1059 1720
735 907
196 558
993 1334
353 956
1137 1574
1615 1295
1399 573
1323 1756
907 1363
1928 1029
347 533
1477 1052
275 957
1692 358
1227 1482
1984 1166
660 1589
1843 1934
1894 495
1099 1366
1296 764
868 488
433 976
758 880
857 565
986 331
881 1131
1218 895
1374 113
1188 688
532 1849
222 1645
1518 443
1634 1565
760 1376
473 812
844 775
919 135
885 250
312 570
1588 1355
777 1413
782 939
1408 331
638 198
996 579
1321 1323
575 229
1231 986
1884 1889
1947 1918
661 1996
1193 625
780 1264
734 118
860 1205
616 581
479 1797
914 1963
1191 295
504 1054
1215 1657
757 359
1765 1754
1601 522
513 209
658 1791
1600 1300
1979 1937
1785 768
216 442
1232 66
269 1965
967 1664
537 1766
555 1890
828 647
40 823
508 710
1508 1469
1611 1335
1122 1416
364 1657
549 600
1266 431
1204 1251
1302 0
673 979
1016 653
1268 1163
1256 363
764 834
717 1771
936 976
1603 1854
1995 388
877 1134
1797 176
1709 809
992 518
925 633
155 1227
1404 170
951 1095
906 322
356 21
1965 813
887 1802
583 1303
1214 1551
964 661
1504 1129
210 72
134 1489
1680 572
778 1619
974 380
1694 1658
538 296
726 200
1020 1426
1227 541
863 1373
253 121
758 189
1935 538
139 1563
761 1242
1147 941
1861 1456
1873 1638
65 659
279 723
1887 86
852 996
838 296
73 1838
1743 241
666 1369
1787 920
143 1891
1977 63
1094 1099
1436 1615
1089 1718
746 1841
932 1331
639 733
112 1331
105 1380
277 1505
1954 1756
1588 1973
1327 1300
883 884
636 1297
1765 1273
819 1812
694 496
1426 1976
1116 1421
1541 1320
1708 752
462 564
1896 1303
1338 1197
927 1745
1624 769
1107 1816
1837 1084
966 444
584 1194
699 138
612 1528
1383 1344
1251 770
588 1972
579 896
1795 57
748 493
42 1835
37 88
924 1477
1797 439
1114 795
1409 1263
469 279
959 575
446 834
752 1762
1433 1683
1585 1482
1013 294
1754 1764
470 16
1423 445
1370 1750
294 930
426 920
738 956
597 926
230 193
328 1808
415 982
413 334
1439 1788
151 1263
478 1548
48 49
1641 1690
480 920
1244 1763
1205 1618
1517 1704
1944 1057
1997 1847
1901 128
1084 590
1727 1213
354 741
1135 1158
618 1656
515 622
1372 920
427 284
1558 1706
320 1703
1060 956
1438 1223
66 577
1196 496
1628 1445
1558 1931
1462 532
844 420
115 1601
53 1306
642 1910
247 205
343 1234
1495 55
1955 1307
243 816
1204 1175
1708 1062
1986 1534
5 14
982 1872
329 687
1024 652
979 1650
437 1834
149 574
289 1802
1491 143
139 1369
437 299
1764 464
820 1757
1663 720
1620 504
1081 87
1172 199
1084 343
45 495
543 1978
496 1572
846 1475
1035 1224
1922 402
678 1904
1396 736
1216 1495
1742 1685
1142 1749
51 880
1240 1080
1548 53
274 830
1343 346
1026 560
1667 757
215 1324
442 1940
1364 91
1384 780
1173 1507
1605 592
1482 121
746 1568
754 184
1276 1231
505 1976
688 983
1638 814
1869 775
1521 1596
1246 1456
58 1104
102 1124
832 652
468 1370
1743 1742
1090 1922
1589 636
29 572
1229 1253
1363 49
321 1690
206 1050
104 1936
1249 1390
1181 1248
211 841
1530 1860
942 627
1367 1405
1166 406
1688 1972
615 1932
132 780
909 662
1497 1362
1925 537
1213 1910
562 938
721 552
1636 1791
300 1795
736 421
401 507
1622 274
1695 433
1376 921
1013 1108
1875 1646
1305 1705
443 1254
1556 1969
107 1084
93 1229
421 1877
1301 1227
378 1547
110 1581
1112 825
1154 1322
1238 1780
300 316
1538 1012
1595 1979
648 860
13 796
1534 1911
116 466
62 1057
963 1978
314 820
353 1172
227 197
1072 136
1314 752
109 1918
1173 1898
343 146
274 1322
678 854
84 1247
1840 137
1218 1402
1945 1323
1572 1935
1199 48
775 1828
1957 474
184 670
1429 861
1225 853
1751 1508
683 715
619 131
598 1909
1207 1990
1509 1828
14 326
1021 1175
281 1168
171 1703
302 718
302 15
573 1322
1631 63
1991 554
613 191
1512 298
865 1334
608 1425
1780 534
1554 136
966 1992
917 427
887 1858
450 257
1153 354
619 422
1859 1591
1113 1815
660 1160
1730 1903
1937 839
959 1781
908 1783
1284 1898
1136 1248
195 755
1502 634
1599 1663
592 1524
1614 109
70 820
911 1401
1146 630
1401 230
1956 1981
1823 1829
1963 1015
1161 243
1546 1613
1147 1549
1937 1898
45 1728
1721 1869
1799 1624
112 1854
1869 833
805 931
424 1972
1755 506
273 437
89 362
902 1187
221 1070
1158 1815
1613 1822
583 780
1507 842
767 694
791 1505
797 1588
200 901
1317 275
1953 1487
1567 451
675 35
1295 879
1700 1682
273 1723
1231 1651
121 1075
1505 1936
331 638
855 1311
1621 278
1500 78
1028 1525
237 1358
57 1605
813 1713
1496 1485
644 678
1413 42
619 143
391 1754
1009 362
1989 1349
1509 1832
162 1470
248 564
405 568
1534 536
414 948
1099 1128
1122 350
608 197
86 935
1414 504
1873 957
1828 369
1706 554
64 877
1862 899
680 647
400 949
195 95
1035 951
1136 824
1187 758
1375 1007
435 487
1229 1866
1506 753
845 780
1414 71
1476 120
416 1046
224 1913
1102 466
202 1082
1902 1896
434 548
857 1665
689 1009
604 1092
309 172
400 1412
849 1082
853 986
1007 1106
1814 604
201 1295
23 163
76 578
716 374
533 1934
1016 1006
1859 1163
430 389
1536 1193
390 1174
929 588
1893 768
925 986
1945 1400
1496 80
557 1376
57 1775
1763 1540
193 49
1522 371
218 656
29 862
1674 1383
1347 1623
1950 405
1670 180
939 1935
1567 734
1901 307
484 809
1941 1911
678 422
612 1442
1830 1935
1962 37
729 1107
152 86
1223 1828
849 949
1110 112
356 930
1273 54
156 356
1952 1841
1403 1211
477 70
889 54
16 352
1707 312
1515 1285
953 711
1110 850
328 1532
1044 841
530 1586
1584 1985
1547 239
965 1423
1011 859
1917 1853
285 619
1988 139
893 1217
1882 1734
1377 350
1314 1862
325 513
1190 35
316 503
1737 1651
1037 1606
670 88
1855 1354
1255 1830
440 1042
418 1952
519 1870
404 23
1231 1802
258 1082
696 436
613 482
1268 324
1432 581
1408 178
704 143
1079 273
1068 268
1941 1962
309 1480
175 1926
975 1373
739 1075
46 754
1831 358
1658 1161
1872 1046
1409 1350
245 1651
1811 1297
1068 1785
807 683
1981 1321
1095 1179
1362 1839
869 642
1012 1122
437 1324
239 1703
624 338
251 22
1556 913
473 1192
1372 1425
764 228
915 1483
1578 934
1646 1716
1089 1583
1268 71
892 1732
1329 1299
1174 1508
871 47
135 1963
415 1287
1965 1127
692 1843
1379 1941
1961 1205
711 1989
924 97
1427 101
53 1303
550 1299
369 1025
1789 1555
1474 636
351 77
240 54
1086 1645
1624 108
828 1919
1417 873
1636 1732
1710 35
1314 1312
1375 1492
1679 538
253 167
42 743
867 1008
510 865
540 918
1083 782
1780 1723
1357 1152
451 960
618 1296
1679 1845
1575 1084
1613 1481
931 916
611 1655
870 1779
332 1895
1923 27
1783 560
336 262
28 83
191 1979
1907 89
1303 1683
334 968
779 408
913 1319
902 1804
251 1031
1596 1569
472 628
1065 84
904 1820
1194 334
655 520
1908 628
510 1075
1822 1699
647 1440
1091 451
52 1932
1945 1861
1364 543
300 747
17 323
1654 450
1438 769
912 289
1694 1432
778 1281
192 846
612 1515
1897 673
1628 920
1058 473
772 427
1436 1056
522 476
1948 1991
1148 584
1378 1797
156 1054
131 560
1180 34
1376 272
1049 571
1548 257
868 467
1675 1123
833 457
281 1801
784 727
1284 490
376 733
715 61
162 1225
1778 68
1698 476
1120 1494
82 676
1830 1261
645 462
1657 1755
1262 265
475 500
1004 388
27 124
303 166
173 1211
347 1975
677 1334
669 1357
828 318
1959 1654
1702 365
595 1853
1194 1504
1470 388
1818 794
1480 849
1688 1487
1048 423
1654 1125
1374 544
1361 1203
716 956
3 793
631 1607
923 1405
1606 766
467 363
1262 1371
776 1090
897 1700
1143 53
557 1462
1056 660
1541 381
493 1468
1884 1076
609 1362
1906 870
13 1243
1995 502
1720 1592
1565 622
864 993
380 793
1953 1913
512 436
969 1518
1234 787
1853 1227
1860 1872
1463 275
488 1680
1971 1630
389 1175
1670 159
1901 1929
1204 1236
701 675
1150 1099
806 1842
571 1670
582 832
130 1188
567 1557
185 755
946 1547
516 1325
1945 1209
977 1498
1955 84
1460 1498
519 840
266 986
651 1229
1498 654
1240 1128
830 1200
679 794
15 861
1505 520
518 915
72 1918
926 785
75 1707
699 1445
738 201
1507 1756
1947 1389
1685 375
328 625
1240 1170
1247 1585
1838 136
1002 826
1306 1388
1966 133
757 1414
1581 93
583 944
1851 1893
961 1013
202 1389
308 1998
185 381
1349 1509
49 1113
334 1648
1285 962
1858 1872
218 1380
1342 1216
1265 610
849 975
1332 1650
1103 1946
1363 779
970 269
361 278
304 1551
1349 310
488 1814
402 481
669 1974
1507 215
1733 1498
327 273
717 320
342 333
1685 800
612 46
701 394
376 14
286 1112
1502 900
993 30
1879 1690
1026 488
868 1789
38 887
1740 1284
4 361
1579 927
1437 198
389 652
1951 1933
1255 493
1847 1336
469 240
463 996
736 1191
413 42
1439 788
1164 150
1057 566
1841 823
1056 406
243 927
772 633
83 1309
803 1598
1198 1886
854 616
603 1743
8 637
288 632
296 1983
1943 1409
1281 1047
244 971
434 1266
398 32
1370 1138
1797 1439
879 718
1418 1010
447 1677
882 1188
907 407
1144 1921
1542 1290
712 71
849 707
1889 235
237 1022
625 1545
15 1216
266 1411
373 370
143 1943
1501 1705
425 1356
1410 535
1434 1201
1711 1869
115 680
19 247
1846 303
1567 1010
1864 211
204 257
946 484
164 865
1319 1431
504 1569
413 290
1473 663
727 599
1439 456
1032 1811
511 1289
367 353
1807 1889
700 535
1089 742
323 489
926 1988
945 252
1527 1581
1432 1498
905 6
1423 1527
214 693
1504 207
141 1446
1456 306
1863 997
1030 1601
1771 1844
1793 1188
1827 72
1023 578
1585 1311
1198 1496
258 201
858 510
499 1490
1987 785
1406 1115
1547 1402
304 1341
893 658
889 1264
1520 1399
483 217
1055 1131
1895 1571
1927 415
1587 1546
1645 1564
1497 195
1409 1271
1690 1783
1621 1716
934 860
1190 1076
1005 935
1202 48
1342 1469
260 939
1067 269
223 85
727 1970
245 73
948 1785
67 1264
270 365
660 1659
817 782
1425 1280
1162 546
676 1749
1710 978
1799 195
392 589
1457 546
1559 553
879 918
326 999
1197 1156
1906 348
785 57
526 1392
1852 613
1864 1705
370 164
1769 194
1370 1973
447 441
877 608
417 385
821 378
440 1362
1117 1844
1164 1704
360 592
615 943
1325 206
86 663
114 634
424 1425
716 304
182 648
328 1420
1183 296
1625 584
17 684
248 1928
1164 666
1898 884
1540 965
1594 795
1978 441
1869 1250
656 1755
1835 1128
101 1372
945 1517
523 674
1111 542
1362 1474
647 1645
869 1427
773 789
674 382
1083 1927
69 1549
582 1961
1986 233
745 837
1023 1103
792 1831
458 1763
429 826
494 629
272 1350
1821 308
1654 1207
910 599
887 1342
840 1618
1118 1821
1000 1912
107 78
1207 804
1622 1255
1415 136
1543 592
545 893
1377 1557
184 616
1321 119
870 1798
1159 962
1362 989
557 1334
1396 719
1488 1746
1930 193
1544 527
790 1911
574 599
386 1932
537 667
1530 1638
1423 1829
43 791
151 467
1063 867
587 48
1429 1961
126 728
45 399
1552 1987
509 1854
1557 506
120 748
21 1633
1419 255
717 1824
843 1738
804 709
36 1006
1397 1444
1149 635
892 279
716 1196
919 200
110 1817
1780 1479
953 648
1400 1919
1303 1781
1365 1706
1127 38
1905 440
1778 1499
1647 956
1802 259
828 1982
1707 1803
1314 682
1301 806
1136 1012
217 824
1087 1774
1985 236
1808 1212
1870 1294
1706 307
846 1048
185 464
306 293
1342 1301
818 1742
1024 1516
1974 1320
694 1721
696 768
1861 1915
1076 1726
1680 476
300 1991
1127 254
559 699
1501 872
868 302
1861 721
1450 386
497 321
686 732
962 338
1600 360
243 157
88 1892
217 308
1847 657
723 757
1634 1341
449 1450
1195 860
1359 1172
283 918
1568 1762
1497 1423
1858 1100
101 217
1662 431
1087 304
237 454
1026 1276
756 799
1250 1960
1866 1337
479 412
45 479
1521 124
627 651
672 1874
999 351
542 16
1312 1833
1789 1532
579 465
461 541
1598 1035
273 606
776 1660
930 716
270 1264
1252 75
442 384
957 784
143 1171
1606 1287
559 1385
939 510
381 991
669 193
1298 755
758 132
1909 1796
250 1929
1604 1375
461 332
1265 1309
1689 1853
381 178
1385 698
948 3
1707 878
1035 1760
162 1657
840 673
939 1089
426 461
76 1057
1379 896
953 1453
1007 734
544 181
1839 458
1178 1678
411 1543
574 208
217 1418
51 140
20 891
710 354
1802 337
1506 1252
1287 1
875 1308
1733 563
1282 858
372 1416
1063 1351
524 869
38 1130
1498 273
686 1179
1863 716
784 1215
818 550
1389 60
1556 1325
622 15
1637 1824
670 956
1922 1592
1090 1808
1414 565
734 1494
1301 129
995 1466
881 1973
1652 1255
1391 1592
504 1624
950 843
713 401
1767 777
316 1550
695 1174
1095 232
80 1179
877 318
1031 1314
1270 1852
274 1388
1746 601
1334 1497
52 1546
1302 537
268 385
115 1843
572 302
1249 122
460 1594
1238 1443
40 1981
939 668
362 1548
865 159
1758 438
1070 1404
1748 369
1759 1930
1079 1856
1630 172
999 1487
857 1579
1048 1971
1950 604
145 1184
1270 1270
456 50
67 1947
1058 611
1889 1599
1371 1621
1946 1223
174 1739
296 1328
1472 1978
926 122
1997 1329
145 1351
1088 1582
1825 867
5 335
619 1392
237 1365
1408 1149
769 1468
391 1753
645 821
66 1450
1643 125
402 1469
369 1540
1069 742
1041 1514
890 308
843 1475
4 1894
746 1507
1128 905
1471 1329
283 990
1353 999
1537 731
1259 1560
1030 1255
1724 1157
840 692
1268 1405
1996 1679
1770 112
996 57
204 913
1124 553
1953 408
1673 1985
192 391
1201 1575
893 529
1524 594
743 724
2 1851
734 801
1413 151
581 604
1486 110
676 1538
1383 324
708 1604
1344 1822
1251 112
349 17
1740 502
804 858
1673 831
888 999
1513 1927
216 235
448 835
65 1408
615 1061
176 93
1314 1694
599 1291
166 233
1951 1735
1084 647
1107 1534
1810 1844
938 378
303 1510
317 1858
1730 1211
1958 1647
1604 1935
634 1547
194 10
723 1532
1485 1468
1925 27
987 1831
59 90
930 924
174 586
421 183
517 1755
1771 1323
1383 1817
190 1928
608 1402
617 772
935 298
1332 1219
791 875
694 709
417 1177
1102 1094
790 119
756 992
754 222
1217 1729
370 1589
93 491
79 589
1486 1279
839 1546
223 1807
122 1615
225 1988
894 954
1009 1048
1619 1692
1175 1390
1687 227
1139 1460
1065 1038
1928 1826
108 1649
108 1751
1209 1997
1783 1009
604 1899
1523 366
565 799
320 1219
732 706
1256 411
197 1841
753 1451
1308 1982
1330 1383
1181 694
189 695
1532 1339
591 226
1285 414
699 129
945 1471
1586 237
267 1049
1558 686
100 781
1637 938
1583 1408
1964 22
1195 1066
692 364
1151 1247
653 1370
1688 1605
172 1187
1497 1394
391 1559
1912 1860
1018 509
1622 457
1105 1409
1619 473
499 75
1433 404
1419 1223
1898 251
339 333
142 124
818 1906
1212 548
1254 379
978 1521
1717 1876
1237 1931
1061 1651
1629 392
10 492
853 1096
1616 1186
97 223
542 779
857 1063
84 1019
391 1104
1763 536
1116 1302
1973 306
88 377
1802 869
1236 1130
566 778
29 1731
313 1162
304 204
1068 632
1273 1021
890 680
1944 1434
100 1941
1479 190
1815 1921
345 27
972 1537
392 392
1802 23
1236 1788
1212 1561
1849 1267
314 1018
1040 1417
1111 1735
384 129
1724 750
1748 221
196 1813
1729 1962
1237 708
1640 1101
1291 1884
1969 883
902 1284
644 232
68 1353
1182 1503
1626 1229
35 1802
785 1462
1378 929
319 506
1582 783
1805 1234
955 910
1499 114
1233 1929
1648 861
142 64
806 136
1091 1003
181 1403
813 1194
399 998
1552 1362
1522 1457
464 1272
343 277
843 204
1510 721
439 1237
866 145
1490 874
770 593
1317 1966
1546 402
151 219
743 1367
835 1340
647 1678
1105 453
858 1636
439 166
1076 1041
1301 8
950 1067
1303 1038
321 1395
279 1707
512 1463
1697 1394
1235 1061
1470 1180
1556 133
1865 1279
1196 1905
490 1435
1802 209
54 1940
644 1427
595 162
1201 79
817 602
368 1618
1703 1990
785 1
183 599
793 1561
615 449
1218 1472
1367 1183
1214 513
105 869
1238 332
1235 1454
1783 963
1887 349
945 450
222 1079
342 1483
567 14
1510 776
309 411
1227 777
676 1063
515 706
393 127
1080 929
946 1902
1558 779
768 1775
655 937
95 209
1531 441
1432 1726
1569 731
983 31
408 1705
345 1551
307 1351
628 725
1864 901
250 256
1091 167
1493 1358
1025 303
75 1036
361 1866
821 163
224 1726
1506 304
755 1172
1237 901
1669 122
914 104
1610 1852
1759 797
144 1884
1775 1899
1565 168
829 662
1870 1768
502 1166
118 664
660 324
1728 1215
1542 156
1001 1428
1864 66
1215 1659
218 1443
1746 713
753 385
705 374
1083 1945
1474 1435
1360 967
1091 473
1102 1075
1477 75
696 1142
1236 1227
1452 924
1644 513
1244 1799
1220 1609
1943 1704
994 919
1021 1649
167 1317
1363 493
729 947
816 1874
508 805
1229 206
412 1928
1827 163
1137 497
1855 1952
1778 263
1243 1184
1142 878
1002 796
198 751
1374 166
933 1039
733 1198
429 488
1780 1860
674 1338
344 481
733 1447
769 758
1833 886
1748 1454
1587 1532
1152 1713
865 1515
758 1538
658 1083
757 416
1709 1625
1371 479
1083 83
1187 1874
176 34
1249 1899
895 1509
337 1590
1045 294
574 379
505 638
691 1076
1399 704
952 1035
1040 430
1208 193
130 925
1541 1521
1861 1157
640 1049
1287 133
219 601
761 1576
860 1441
1939 340
1364 1282
214 598
1651 104
1301 1185
829 654
1688 402
1261 17
1304 1161
375 1589
1871 9
116 976
1433 1681
814 455
1080 1510
290 589
1497 329
1033 1430
429 1776
1218 791
1112 1653
864 591
1822 1364
1995 1953
546 235
1747 1956
1416 170
182 227
0 102
1895 1032
387 152
288 139
751 1145
1210 1449
1164 1202
946 1630
1240 174
1232 1473
1236 741
1345 678
1104 443
717 1475
1690 1180
1304 1637
152 1850
1018 277
1269 983
141 1594
1029 1967
1732 967
811 1703
794 484
861 1562
1644 1477
1562 728
1461 1857
1297 1228
872 186
1472 1172
1105 1614
800 1924
849 529
1954 961
211 741
270 962
1212 451
1980 1238
1143 1344
1024 1017
1940 161
872 1868
1464 1316
1313 1325
1191 1645
418 1879
86 1240
1952 1687
499 539
1459 1727
708 1940
1624 269
1063 394
396 612
590 600
414 1817
1619 101
265 930
1719 819
981 299
1653 158
475 984
789 893
644 1432
1915 1707
1872 1866
222 1724
1941 975
145 673
1961 1098
1378 699
124 911
1418 1723
602 1805
382 492
1147 1737
1598 769
484 1785
1271 465
805 1695
959 1602
1109 1545
1701 1437
585 1761
723 590
1606 1714
1532 1227
1779 628
1818 406
1621 1118
1078 1470
1820 1831
978 169
1192 1624
893 778
519 1317
1212 485
356 1969
944 1627
1617 1801
1386 903
962 880
1181 572
1743 625
1797 465
70 28
1708 1286
1105 354
1424 1649
51 1791
1013 69
68 623
402 1104
1788 221
724 1614
968 384
147 847
68 306
1062 403
1898 221
1802 1240
899 331
241 384
731 1090
642 1469
621 1713
1146 554
517 1574
715 1203
970 1254
217 515
143 218
48 711
1091 1859
1314 1281
900 1784
1508 1238
931 999
1832 1783
1399 94
1854 1204
650 1733
718 1227
517 1662
340 1376
1223 310
1040 42
1736 933
847 1887
713 1154
1052 217
96 104
880 971
1874 1107
1958 1526
293 1924
1210 1553
1016 1188
1466 470
68 381
617 282
622 633
1209 827
1491 1304
825 702
998 1322
733 736
1688 51
162 989
977 770
752 951
1377 1379
1349 1307
1334 1353
1682 971
1408 1182
1773 680
1702 1797
1942 558
253 1540
575 1905
1501 1464
1800 380
120 1505
1228 726
1896 1291
27 42
820 1341
1185 542
1872 1213
879 29
187 1748
1193 806
962 1868
1359 241
993 1930
1498 1382
748 1652
785 1253
1877 1557
1848 1989
897 869
1396 100
66 95
325 975
532 976
1591 776
134 732
146 15
202 1908
485 1088
1759 1151
1099 479
1825 435
661 937
1027 852
838 1991
1365 1458
1473 949
1362 361
1741 409
1459 780
1252 347
572 1807
237 1031
1453 582
1135 1616
966 1594
17 675
599 1280
772 99
386 847
1119 1939
1606 73
541 680
1432 1166
742 993
358 1859
572 438
655 82
1252 84
240 1373
119 1816
425 990
1389 1272
243 1738
456 686
51 1719
402 1375
1135 1570
773 715
233 1233
287 761
351 1607
350 777
671 875
1302 1857
265 206
1596 1597
1198 1396
154 695
1337 655
710 957
28 1192
416 47
82 188
1086 436
197 1117
901 9
677 225
1215 388
1116 1422
1965 873
259 1410
1628 1984
322 128
1255 222
683 612
18 86
569 1937
1568 1866
1039 1783
1042 1586
1946 101
265 421
1567 809
655 1098
469 1091
543 1437
89 243
1981 1970
879 1450
513 655
1943 134
297 1996
177 186
731 105
1002 1094
1542 1328
533 1145
201 1755
753 746
943 1928
1494 774
852 1683
1289 35
253 1273
591 239
1243 688
207 1331
1203 641
609 336
1532 1887
1258 1052
1521 1809
1637 131
251 1304
1963 65
705 1445
1687 153
692 1884
994 1630
1994 930
566 1634
973 654
927 98
677 356
161 704
162 1918
1423 505
209 1078
669 1243
334 642
766 814
1895 1418
1016 764
1862 950
835 437
1931 1354
1069 775
1844 201
510 1971
12 462
1309 145
1178 606
1816 1288
1306 311
1621 860
406 866
592 1892
1738 1881
1470 1823
1952 1896
1026 183
1686 152
1935 1421
520 1518
834 1727
703 611
1768 1863
1333 1711
1552 1111
1965 1844
815 633
237 411
527 1861
96 1701
1193 1720
262 240
1000 1135
781 1549
263 1087
434 1401
373 1459
312 175
509 1136
1253 1415
471 1636
260 454
172 1678
742 115
395 1908
398 426
991 214
1077 1185
239 1777
1915 816
1285 678
754 1387
1547 1218
1338 182
642 1970
1029 640
327 295
740 1628
1956 1416
1705 606
1350 1038
1810 1848
1804 1352
382 616
1819 101
1253 1926
1016 644
740 639
1916 1954
981 1834
1243 806
477 1691
1587 985
1002 1895
117 1838
1789 237
650 260
1455 1253
1078 925
1882 402
576 1760
1376 206
447 945
1628 1328
907 1443
1449 1438
1388 1710
889 744
337 1877
42 1978
609 842
63 770
299 1254
1772 695
886 74
1330 1850
182 1053
1852 162
1117 104
1656 655
1616 178
129 1687
828 1803
1598 592
48 1182
563 558
496 770
1579 205
1497 1425
689 668
1606 1518
663 1754
1174 1716
155 1637
1746 62
484 1949
388 1230
800 923
1976 1689
1131 1780
750 537
1337 427
1108 1914
1493 816
818 1387
382 100
1156 939
256 704
500 1719
702 1756
1476 1033
1640 172
482 1675
1948 330
1712 610
1782 1485
1203 1660
243 21
1255 650
988 1551
134 1764
1921 709
33 735
86 712
441 1793
1457 895
218 1244
1914 1861
391 772
1184 846
1382 749
1887 1586
692 466
875 1692
1594 808
1018 474
504 1270
683 850
318 904
522 870
605 759
864 880
289 765
1495 1738
287 1982
710 1708
1384 502
1776 1574
960 1226
60 860
1198 905
1720 1484
970 800
882 1732
1859 1003
123 848
1164 26
1226 1013
164 1256
1538 1439
192 570
1174 1727
946 1098
938 314
843 12
1857 1312
823 1554
1102 392
872 516
1164 1884
864 492
1027 1111
553 846
1513 1740
526 1051
96 215
1572 307
1192 1971
1623 1538
750 1666
193 79
951 1023
769 215
1230 181
492 684
249 1578
97 1428
1930 1831
1405 1810
503 1222
1939 356
1659 149
1268 1906
789 735
971 1366
745 180
956 1836
1239 1182
756 733
344 704
393 82
933 1620
410 1857
611 851
121 257
370 1869
1014 147
332 707
1238 1704
757 1936
1248 264
1311 349
456 609
985 929
422 565
727 737
59 864
986 418
754 752
1905 774
520 218
1923 1621
1142 1336
1903 794
348 968
1978 1066
1388 266
1129 230
1698 1754
799 626
1893 196
1516 1018
1815 1389
1028 1388
1294 288
1291 575
842 1840
1211 833
1573 414
1930 1567
1314 1519
372 1699
263 1211
459 778
1233 1581
562 1271
414 1786
751 1634
1036 153
276 876
1400 1044
1955 889
1181 263
978 486
1383 500
1318 778
1942 35
1598 972
28 1193
1644 481
570 1986
657 1485
1835 1523
31 709
1906 1727
1579 808
518 813
1638 1162
698 1590
309 1674
1546 732
957 1161
701 901
1117 924
1916 622
1502 1134
3 1737
1447 981
974 1243
688 1739
837 1279
108 425
1561 1700
1995 1232
1399 414
1268 1429
1602 828
573 51
1996 787
437 1024
79 1491
689 406
1360 247
1350 236
1571 1122
1803 1652
97 139
1512 1060
856 1418
1126 1036
777 31
1755 1424
1157 1762
247 353
110 1331
1953 916
766 1161
1559 80
515 568
1315 1404
884 1295
610 1253
387 1855
1443 109
1031 1208
972 252
1060 1606
1130 1432
532 1243
297 1123
1841 1610
1428 1750
157 810
1429 1298
1262 132
1943 950
1941 1013
706 932
897 1423
11 909
402 1813
1342 1185
13 165
724 403
300 1133
1291 677
243 371
1442 1451
400 1658
683 1595
1322 939
1368 1576
351 1013
703 1471
1010 1759
936 1741
1510 215
790 1908
1535 883
395 217
546 1819
1040 1042
730 1899
372 121
692 1027
763 1749
1407 232
38 942
866 1534
1971 1263
1353 1745
1998 948
551 1699
683 708
388 542
589 249
117 373
145 626
928 1427
1784 596
351 1108
975 3
994 379
747 1749
1711 596
1449 1424
972 922
888 749
208 1449
589 738
1125 30
162 1895
1880 1662
1116 552
1885 414
289 1975
231 1715
567 1448
1870 857
131 520
589 401
233 499
124 1270
603 1858
1999 1861
4 1890
1650 215
1725 26
1270 741
1200 40
471 562
421 384
1838 484
1396 1864
545 1765
306 1088
1270 517
409 715
92 513
335 958
745 590
1634 644
1832 259
999 613
1218 437
958 376
1008 1924
147 1019
819 1153
429 1843
532 670
1084 43
497 36
1724 743
1680 1484
1468 1021
1583 22
894 780
96 977
1017 1758
16 422
599 1794
870 124
711 1403
237 550
1711 967
1760 1992
1120 246
477 1309
586 1269
1376 1824
1248 863
1206 1206
315 815
762 1942
847 645
1416 60
1276 1710
667 28
464 742
923 1267
1296 1088
152 295
1492 1932
1256 939
424 587
1765 280
1125 372
352 1000
1780 129
710 1059
144 10
107 65
1216 1808
767 1529
244 228
318 1833
1955 834
1145 45
1017 1570
1120 1255
1137 758
191 1614
724 904
1734 670
1511 1243
398 859
1874 1077
614 1767
1989 1667
381 377
1414 1163
1247 1091
1907 1613
1215 855
1362 625
661 991
1302 159
1921 1369
125 699
648 849
1768 1835
577 1962
1788 1098
1424 1164
1511 1766
1870 228
1570 1864
1282 1992
373 615
385 283
1108 667
94 1584
1547 1897
55 1483
1990 351
1984 1015
31 1507
833 1319
1095 1004
1564 102
37 1964
1196 1485
738 1878
1131 405
847 1776
435 1450
110 46
833 1221
12 250
577 1324
507 396
1432 260
1688 1902
87 1231
1209 655
1484 184
1038 1239
1564 1341
1119 1681
1168 418
1315 307
1366 60
145 291
1429 1639
578 311
729 1211
668 1167
347 1537
1627 1164
1829 1004
1735 1741
699 830
863 1212
385 174
219 908
762 1383
1482 1674
1923 1881
1742 377
227 1100
823 780
613 1558
830 1055
1949 1951
1154 178
618 601
1302 299
17 651
1960 867
1303 60
1774 107
1487 849
714 1255
1965 1089
299 78
1997 981
1721 248
1290 1996
98 1970
639 95
1168 1935
767 419
516 516
91 659
1887 790
1899 1384
1099 572
828 1364
900 88
28 378
541 1731
266 1100
476 845
881 1262
894 1042
1335 1820
1925 1527
1899 1083
847 1330
1958 1427
490 1505
1839 506
276 651
803 1083
180 244
1457 607
254 455
1391 516
0 1653
1490 567
1252 699
222 1779
1364 442
1635 922
416 1205
1955 1397
1353 495
858 1415
1258 899
1275 1266
685 1252
172 1378
1288 1383
1342 561
93 1710
7 75
412 191
1278 1392
791 264
1044 613
755 1815
1499 1202
1409 1259
1869 133
140 138
1821 844
196 541
861 1039
544 541
1514 1313
323 372
425 1196
226 563
400 1610
1420 389
179 656
1980 973
1740 1008
421 561
462 1741
1502 1330
729 317
1370 1200
1766 854
22 1636
1300 708
1888 351
1764 477
828 43
1608 1652
1599 1658
909 1256
238 553
439 1547
1715 1268
329 1630
1530 787
1211 1906
1772 1861
1269 1388
697 1914
810 207
200 1431
52 415
1002 477
1141 1916
1770 1066
748 479
355 51
1906 472
837 1372
1707 1928
1408 408
673 1267
763 661
143 15
38 1555
901 637
368 1018
1524 1744
1593 296
1602 192
1809 301
1261 1124
1502 679
591 1464
691 609
1575 1642
1430 729
1030 322
1137 1447
1507 8
8 1982
129 1885
544 79
182 1340
660 1600
35 915
836 1855
150 1915
877 1130
134 1099
1331 462
1123 1833
1497 330
790 776
1948 677
434 1779
1223 1251
1149 842
317 1728
1655 1895
1097 1915
222 919
866 333
1738 1592
1274 822
789 920
875 482
279 1066
1830 129
1778 1584
1170 37
1461 786
1102 1700
1929 1348
1726 1806
645 944
1657 494
624 162
979 1496
1258 16
743 1793
1759 262
1833 1478
1958 1701
1022 608
80 1714
898 171
560 529
52 1110
430 1087
1198 1379
1781 224
6 1004
739 1207
869 1721
640 1480
1930 242
377 736
471 716
698 837
671 289
363 816
1584 973
174 1759
201 931
326 826
241 1993
1512 1655
1269 1617
756 342
1757 850
1853 1534
1452 843
1239 1689
623 1695
296 1786
718 1804
1423 820
65 1666
1379 1749
1820 828
910 1458
1753 1787
147 513
1454 1115
744 1160
1227 1367
1044 1625
284 760
1814 1300
647 1390
397 1221
4 309
550 1162
1804 832
399 1380
244 952
1081 1334
88 1410
1352 1544
1954 1307
743 674
1904 305
139 1806
1328 1714
1407 376
1599 901
1671 740
1657 1674
68 1620
1420 1842
1882 1054
846 11
1282 1362
48 1243
772 654
1732 492
1019 227
1659 1868
537 935
296 1301
1166 1475
543 648
177 1191
359 665
295 121
1440 1959
744 756
364 572
1208 1761
1165 1588
56 630
85 103
1685 1059
418 846
766 1547
1555 1527
334 289
1454 16
937 1974
1655 1444
493 502
1640 153
1414 112
753 1755
575 1831
328 1201
839 274
294 844
1992 1836
1859 686
16 155
1497 1230
565 1421
969 1471
355 1742
903 1673
910 884
1182 914
966 447
1769 1262
1707 671
895 290
1736 160
514 479
1771 369
208 568
877 1737
1482 195
1381 678
1282 1288
386 1348
955 715
1046 1533
616 535
92 531
184 179
179 1272
239 1054
668 1232
80 572
424 444
244 143
645 1741
1293 1458
1326 1056
1668 119
301 220
1177 208
1223 1422
1098 150
260 1634
122 1228
541 970
1733 1505
810 895
1336 409
498 915
1565 1912
254 1043
1663 608
1661 541
1102 25
1358 127
1892 1842
168 1170
1284 863
546 276
1898 423
126 922
1071 1977
1588 1743
785 529
1784 832
1392 483
1663 1643
942 1391
1333 1027
413 527
885 478
1656 1559
1315 83
701 1291
1183 1044
1391 642
1467 1399
1147 1887
1037 1595
1186 192
1896 947
1407 1874
1150 977
1338 1777
190 1097
263 611
1198 1413
1064 1726
322 1804
274 658
959 905
1525 1296
520 185
1017 247
1151 636
1846 1929
438 26
584 667
1126 1650
1898 108
83 1030
1519 1389
614 982
1226 675
1550 1593
944 1932
1438 857
1711 771
1932 5
1723 62
1112 1996
1839 1493
1918 1867
1518 1886
85 434
850 1816
342 27
1279 1447
1438 1048
1345 1293
961 947
491 897
1928 590
1706 1058
1189 1304
1940 831
1553 1701
1306 1470
732 625
1832 192
248 888
1937 72
1044 1673
1447 978
413 413
1326 717
1314 601
779 340
618 655
1860 243
392 331
1246 1177
125 505
1910 1196
121 1499
741 14
1369 771
309 1111
954 244
1965 365
900 1751
1846 704
1470 160
55 667
123 1533
1034 1426
1488 1958
488 665
692 118
1587 334
1698 139
1628 470
351 942
86 750
544 1298
173 1674
565 1701
476 1692
506 1629
804 609
521 1734
231 1208
336 1637
944 213
1908 1021
1585 1201
1749 1316
204 495
1352 1013
225 157
1943 1217
226 17
800 1969
325 1013
590 1719
1339 1315
305 1328
115 701
903 999
1706 1898
1457 997
1799 1729
1673 1821
1937 1889
1804 411
556 71
1484 1679
486 1411
1732 757
268 1463
1338 710
545 644
930 254
1527 1924
1159 1463
75 1434
1578 1663
671 188
727 329
1713 625
20 656
916 325
251 1729
1647 1512
1690 186
262 1750
527 123
1940 1242
844 1676
1070 1530
1677 519
1806 1878
550 565
1711 689
1859 772
1392 327
1041 1902
61 1445
1812 1052
78 550
540 1436
1031 1856
1538 1865
1326 1735
436 1386
1102 422
836 1122
540 231
976 1056
927 1210
127 275
1812 1537
1733 1093
621 929
1123 988
426 1683
783 63
483 669
808 196
1145 228
433 1680
1506 1498
1581 262
275 1826
1548 1323
1173 1020
1835 1560
1570 260
1779 1503
1139 1828
319 1320
1428 1196
1582 1303
981 362
1536 1837
1930 845
1282 1521
1343 825
1492 549
440 269
1094 481
1699 1762
218 1508
17 1186
590 618
1830 1158
1596 1300
641 861
901 19
1145 1203
119 984
1374 921
918 1786
704 235
1422 1988
783 603
1868 443
1277 642
732 600
1259 577
1336 577
1723 1277
218 797
456 951
1855 1082
276 1404
1793 1860
167 809
555 1124
1098 1314
217 731
797 1668
722 1040
556 1506
1389 97
695 1482
1632 706
1836 1072
1628 300
1642 1875
1171 271
1430 1088
1827 1543
822 915
1137 1867
1504 286
1121 1619
1618 1228
1233 1463
1387 841
1921 1718
1167 1685
787 296
826 1382
979 9
70 1315
1611 1484
947 165
317 1649
628 659
1986 1453
1722 271
1224 439
280 6
43 1442
1262 1952
1226 860
1144 1417
537 1695
229 59
1820 264
1083 1102
667 1578
149 1228
264 1714
248 1966
1189 1519
33 1123
1870 1115
1723 1307
1675 1427
1894 1021
1712 1852
389 691
1014 1936
1724 1309
1104 1443
1294 1013
584 174
1236 372
1240 1669
1425 209
90 1927
1242 355
444 892
733 318
387 1289
1418 1217
1611 1680
559 1701
1318 159
777 1323
150 1486
916 795
52 151
233 182
1917 1205
607 889
184 807
1580 814
1332 1279
1025 1899
1698 1013
1961 371
678 794
1715 147
1476 1757
803 623
1047 1829
447 1094
1961 51
1794 845
1418 1174
484 481
1920 252
392 1702
130 1879
1577 1025
964 1283
1544 204
694 280
620 10
1727 1499
187 1592
1383 729
1271 932
1858 1475
1611 1938
465 832
1341 1866
1243 1970
841 1412
1433 55
925 1037
646 520
148 584
533 933
748 978
250 856
655 625
314 1186
607 1900
401 625
209 93
35 1937
653 588
405 616
1967 22
1250 1813
1509 750
329 1792
1604 546
1977 982
858 714
1907 1006
168 560
1620 1230
470 1975
206 1003
219 672
903 1720
1948 302
631 615
208 1512
1550 1287
1198 1938
1690 1771
1426 1199
396 419
1303 91
1440 466
837 103
1358 1789
524 1587
1990 1881
1917 1533
299 1739
330 1705
1273 696
719 1044
25 58
1468 956
1795 569
1833 417
1043 299
557 571
233 1203
505 551
187 720
784 1766
1103 721
1550 1291
1368 1244
1994 1657
354 650
1297 116
1274 1435
258 1396
1534 1771
543 492
998 620
1240 1089
960 1319
726 293
261 280
826 15
576 496
394 1014
1006 828
832 1140
1397 610
777 903
1198 395
1132 301
316 1101
1804 760
1661 65
1135 1328
713 1
1208 431
1555 190
14 1674
1238 1133
1691 1476
1026 1119
394 1226
1270 1323
855 852
938 674
1637 737
233 229
867 1337
1894 721
311 1622
503 941
1247 356
1199 205
1518 1597
237 1191
1812 1233
1433 834
747 460
783 1088
1859 1214
1376 815
871 1474
93 777
345 1117
590 19
643 383
1213 406
588 51
1823 229
1473 296
101 311
1110 1588
1305 1610
865 845
626 1920
1580 200
1282 1927
1460 1321
1950 1065
69 953
1092 1191
1269 1630
54 626
1038 1124
1926 813
408 1078
1981 1715
107 1568
637 520
385 1062
659 1662
854 341
349 1365
1266 522
721 872
1805 832
1419 1998
444 1617
73 1905
1612 409
1684 1248
1697 16
1988 618
1262 712
806 1441
1254 692
938 1296
1014 869
376 1668
326 840
1008 1277
1958 1038
497 781
1649 515
1679 1682
1960 548
968 1471
631 1569
484 516
1037 1506
611 856
988 1136
542 1598
955 378
1201 603
1987 74
1662 1101
596 300
1436 1125
1465 384
1283 1016
1308 354
1154 1917
1722 241
1222 1649
973 1015
521 1895
823 1611
1113 243
1010 147
93 782
1988 945
109 1034
1459 1373
903 1866
553 1353
702 165
1735 731
1815 833
511 76
1339 1412
1364 1776
1135 641
1730 1475
1316 1325
267 1987
859 1861
1385 1152
1459 830
1523 1426
1414 1810
1729 1240
1771 1654
16 1438
1465 874
1651 1188
1175 61
1489 1876
61 217
673 1787
1139 1334
94 1128
1218 378
1941 1287
1542 1755
1344 1111
317 744
719 725
389 1199
1086 79
1837 1366
1565 932
1228 1124
1907 488
282 672
1490 572
955 1532
230 652
1171 1764
1863 1951
1504 1972
1840 994
1545 1521
1972 1817
1207 115
216 327
202 638
1556 1478
1578 1489
1409 456
123 1036
35 1011
677 711
848 303
692 1439
715 438
699 31
1544 548
1734 898
1116 185
444 1576
1609 1426
713 1363
1404 1138
687 1616
1437 314
480 833
1951 188
1875 1913
866 1946
1493 1616
213 1106
644 617
1027 1935
494 808
856 1304
362 1206
1696 1263
733 1062
1025 1047
1416 553
1119 392
378 1383
1943 1181
1224 473
262 220
421 372
1246 1070
581 1035
746 535
376 847
673 1655
785 1329
1018 241
169 382
1721 439
637 244
1428 1086
128 1468
1319 1191
1271 1295
1794 1200
1010 1222
426 1448
1873 1445
245 769
526 1445
134 1624
1768 1241
1535 1320
1023 87
316 734
821 97
832 854
1179 750
1034 1432
652 1007
881 702
108 1567
720 1665
561 1102
1707 1825
358 189
276 1481
1371 1661
570 404
1187 1099
566 1166
117 510
774 1781
687 993
1598 1108
845 1490
1849 823
1790 944
1148 1160
1338 1742
1626 1311
1395 1468
1032 1568
497 1039
479 339
446 1636
1471 589
1683 721
1331 1696
1699 946
1254 495
1807 726
278 77
1515 857
1629 885
1600 473
734 623
46 327
1308 1861
172 317
108 588
765 740
225 1768
540 1865
66 1052
9 1223
1227 1722
1617 537
1214 215
1351 960
853 1510
1570 1476
1398 1912
564 141
383 273
1796 1865
342 1692
1022 978
1772 899
1881 165
800 518
721 983
781 144
27 1288
91 355
373 130
689 757
188 1772
1014 1587
1301 242
1575 1139
330 1140
1966 1030
701 1161
1316 1041
703 107
1459 141
117 902
883 1182
1226 1821
824 1695
1439 1622
1485 1500
721 214
545 210
120 1913
1174 1519
405 1756
472 1138
343 339
394 1241
1351 642
277 1034
200 1136
1573 68
1325 1617
1118 483
1158 768
1593 1093
1248 197
1805 1650
797 1251
147 1850
956 817
866 22
1041 1413
1356 1911
1546 150
1917 131
996 251
572 1224
669 1290
511 1926
1521 245
1332 1762
1885 1925
657 1861
817 573
769 904
1945 1942
31 1784
1521 183
1040 857
1645 1253
6 881
1591 1014
1208 1300
1216 112
1192 423
1330 1026
998 248
1882 1081
1102 1881
1221 642
1727 1403
913 444
1190 1851
1 1818
1539 766
1379 1383
1782 1975
1678 129
934 576
1912 397
33 1199
1644 757
1261 1430
1554 752
1484 1149
1890 622
1903 268
791 1286
1094 1750
1832 669
1953 1319
953 531
1113 886
1386 1233
1229 1686
655 884
81 1753
1789 101
1486 1709
1389 553
995 1546
1660 907
993 302
93 1523
1528 92
1764 738
1959 1924
673 281
676 1385
1268 152
925 428
184 705
1918 272
560 30
1155 1118
1004 1912
359 1605
1845 1990
287 1654
740 1283
860 1407
573 455
84 799
559 1310
1084 1295
705 1629
340 1892
1369 269
1019 1459
1764 799
127 112
21 1781
930 1566
1654 1031
991 1770
447 1108
283 915
1168 511
1088 1068
1890 432
395 713
1993 666
1023 1
222 1080
251 959
416 1146
1174 205
1054 1577
946 1150
1671 416
1026 547
235 1253
207 1628
1362 1888
1132 1691
1400 1758
1519 1111
895 595
1285 469
851 32
410 110
1539 586
1073 1389
319 931
320 1294
806 1905
562 34
618 1643
361 1336
1680 703
1216 1352
1980 1375
1977 1189
1992 27
1371 887
1422 1226
1545 200
1646 1622
1365 1783
1554 1362
1450 62
573 430
196 908
1399 1163
25 1119
1864 733
565 662
1814 1504
221 1062
1215 1184
1553 1565
1096 893
540 1375
1258 936
606 293
1922 315
1319 808
262 131
1959 882
1430 1219
728 1005
1442 1579
1454 1921
1182 1550
301 837
1525 1567
574 1687
1457 436
1444 460
701 1295
516 1125
83 1010
125 900
1329 142
39 1511
1666 224
652 194
135 546
1123 1115
903 179
1016 613
593 1378
1397 1799
1647 1717
1534 1643
1653 1310
1851 1768
57 1840
1896 1340
1448 1450
331 197
711 1237
1029 1714
181 364
510 957
1221 406
1284 605
637 1675
529 1514
1243 1755
776 143
1604 51
1241 842
1061 920
540 831
1891 507
523 1808
784 547
354 1334
710 231
670 272
1211 456
96 1444
1077 1084
1468 796
1106 100
973 655
318 1747
918 439
717 661
426 1181
1759 1103
762 1411
1991 209
976 1106
238 1416
873 64
943 1343
753 1893
545 905
474 1210
1076 982
1391 1297
278 1506
1148 842
176 179
608 1474
174 1773
418 409
242 811
840 311
720 1247
239 259
1660 1114
233 1512
1766 234
1920 1265
1993 999
1004 1780
1061 496
958 1017
285 1979
1263 419
326 819
1569 1435
1002 323
1951 1667
525 465
1835 1206
1909 823
1231 92
1046 474
670 1270
908 146
1463 315
76 329
1666 563
1402 366
943 1820
525 298
1402 244
314 1109
154 368
1858 855
599 1545
522 1050
1857 1862
1577 1814
15 1341
828 1643
440 1630
472 1704
975 733
303 1261
252 1246
1553 1026
1145 1752
879 1379
261 64
1370 1173
219 563
449 1987
475 1470
1891 825
1525 1332
1451 398
360 1744
1157 711
105 685
1812 1066
1118 157
1047 1146
193 1123
1354 1282
698 1979
846 305
183 1758
1804 390
32 59
1374 1574
1823 1540
834 949
1555 1703
1337 1531
1811 120
339 880
1524 308
751 1845
629 1764
841 234
661 1788
1804 201
254 154
889 893
1638 599
57 848
129 957
1569 1251
1378 77
1474 252
1954 1003
343 1135
87 81
1431 1403
885 844
1364 1435
519 1423
1114 1136
298 1395
179 800
641 1512
1245 26
1955 1081
171 1825
1367 1453
1662 991
1789 147
1364 1988
1479 1849
124 395
809 428
1197 1556
111 1641
192 308
271 795
663 1121
1506 621
1632 1083
1218 815
1544 1980
364 1564
1019 1865
1565 606
252 1467
1890 918
1630 1509
192 1169
193 1958
1446 1547
949 1448
1089 489
283 719
863 436
744 678
389 1037
1053 740
273 942
1244 1696
490 1729
768 1115
1188 1390
1360 597
1998 906
1159 366
1011 933
452 260
1552 1227
171 467
1437 1833
1999 1549
1871 579
157 1650
964 1086
828 1517
1920 799
1620 1509
592 1632
1064 232
716 93
821 115
1229 434
1689 548
1794 1832
1093 898
271 661
473 1141
890 1436
691 447
146 815
1870 528
1479 98
1462 1026
418 365
1861 1918
1536 1685
890 1350
249 1572
1431 1149
1736 917
654 609
1010 220
890 1269
1486 1439
1340 1130
886 1229
512 1254
949 740
883 1435
118 971
143 33
383 209
1311 700
604 1349
1620 842
329 1552
1119 1855
1323 501
1460 1451
1213 1044
1513 390
81 368
403 869
1907 1232
1991 1331
162 1460
495 779
1694 762
169 1727
787 1199
652 1399
814 292
456 32
1168 1148
766 636
1487 1587
29 603
909 281
1890 466
1603 863
1010 1389
1125 85
835 491
229 1369
1824 833
1511 1871
1389 898
45 1205
1255 1870
433 1528
583 559
1418 1228
1514 1519
127 828
1447 1444
1710 1407
1405 1500
1311 1754
1681 142
553 265
893 757
1113 138
624 400
761 1539
1498 40
190 1851
704 1108
751 1582
317 1105
1574 111
271 680
1123 1147
327 956
870 1796
991 615
1676 980
808 1916
887 607
256 576
260 1751
1719 1393
1535 1343
57 1232
1215 1060
715 795
844 787
142 1168
784 1470
1881 208
1263 1681
1037 1741
927 587
1878 407
1595 1007
1411 366
1127 461
93 1796
1643 917
103 582
106 9
548 793
1726 1403
547 1809
373 729
648 934
803 79
1625 1367
162 1662
1444 1823
401 745
250 1046
1363 1767
1917 540
110 1695
43 1671
1759 291
58 1495
863 1281
208 1830
643 430
1663 994
1322 1264
1888 1910
1059 1136
1816 1778
1310 1943
1025 1120
1901 398
1880 1687
366 595
585 1675
854 349
1750 1416
1858 68
593 86
1856 1951
372 1864
631 1974
411 1214
540 750
1124 1169
649 1433
1392 1450
913 543
27 585
1031 1243
1379 453
1842 244
1050 347
1614 268
1114 1933
1007 27
508 134
546 369
1979 1013
1092 1278
923 1511
542 114
889 1936
1978 1418
1734 1689
456 1713
968 1022
440 293
10 164
1523 1496
1240 1012
1256 1306
87 1610
1033 1489
480 157
1692 553
1823 31
398 924
29 958
276 1128
832 962
1052 839
1913 935
782 1454
860 979
896 1013
371 1553
152 1144
129 144
1115 1991
473 439
352 1749
681 1395
88 399
1790 121
192 1160
1433 1083
541 1819
333 748
615 865
1402 323
638 1406
291 978
552 1855
761 1227
760 1687
1007 513
1886 1815
1146 1413
1135 689
739 619
346 443
946 912
1376 725
786 484
837 444
326 222
1920 1004
1864 419
151 1949
1931 354
1611 1833
649 1321
1045 752
510 832
1129 734
524 1873
857 1374
515 1682
1846 998
1766 1796
1451 356
254 1059
1854 1700
513 1547
432 1755
1524 1749
439 1738
967 1495
402 510
155 320
1218 1834
1405 585
502 1062
950 1205
434 1353
327 1328
1748 1544
1936 907
1274 652
56 146
384 382
410 1496
327 500
786 1832
1495 188
1541 743
1598 763
242 780
391 612
1318 494
1634 488
234 1063
647 390
277 1833
1041 1536
1394 1016
174 921
1396 1662
1223 1303
351 918
801 587
1261 1850
455 782
563 283
470 677
1843 617
1368 771
1235 1470
1275 328
1127 695
1180 1201
1618 1789
166 551
10 71
1285 1458
430 903
1898 1503
841 543
377 1744
1723 182
1826 1653
298 946
1008 869
157 1047
1252 1486
539 1771
1392 966
614 1408
791 1489
1540 309
192 1437
1477 517
1995 1612
1824 286
1254 1419
1930 428
721 1330
308 1720
1073 1854
200 385
801 221
1857 1525
1575 1184
1194 771
1645 769
1375 1097
1217 1015
274 1930
280 791
1123 31
640 1778
1206 1141
254 1049
1825 1365
797 1085
407 236
81 1189
1794 451
1200 163
414 907
1599 159
1165 325
60 752
14 427
476 149
1103 1958
647 1890
88 839
749 636
174 585
1222 547
1412 1692
613 246
108 878
13 1813
1331 741
16 1204
1592 1746
1181 484
1504 1594
642 1751
1121 766
621 805
1940 759
1871 1701
979 405
221 611
262 1011
1142 1577
1717 230
1979 1645
477 1802
1226 1604
234 699
859 192
1251 1176
1528 1482
830 735
562 1922
1098 835
241 849
704 179
1791 442
1142 1322
811 1309
1301 721
151 763
1550 348
47 1291
1471 838
1422 861
1596 1225
389 984
547 1173
1991 678
841 981
1586 1268
1827 1659
851 303
1649 1042
1640 1729
892 456
1828 1746
1806 470
672 1563
371 122
407 936
224 421
263 1972
1534 1606
1260 1324
950 1013
1850 863
1684 1274
4 1625
722 634
800 49
1667 289
1782 1793
1159 385
1244 837
1869 1777
802 748
1674 760
608 695
755 1436
1064 1002
42 1151
658 1554
869 1825
853 1632
266 999
1316 1495
1387 144
1989 1745
184 1019
1251 698
73 133
558 1291
955 1011
921 1728
1933 1159
1041 1606
226 237
1309 455
1483 1371
539 1586
1796 1170
1060 1250
389 483
1916 1502
1162 340
1558 383
670 1556
1105 442
1188 1276
1611 1089
1462 1128
734 1882
1344 777
148 1640
1906 454
181 1909
1093 805
1998 1347
286 345
1880 1087
1861 1212
311 1200
1475 873
1793 1812
928 178
1073 782
819 459
437 187
426 1920
1522 1321
1374 1901
673 1525
1886 1265
1550 623
612 51
53 1925
543 1449
181 1853
1844 363
1526 676
1254 120
1280 1396
192 116
1999 365
1141 1290
429 706
1311 1581
1784 1415
1707 30
257 213
104 1239
1171 1097
1579 1443
1546 406
776 65
345 1447
784 732
1531 1663
605 185
1705 574
261 546
140 1766
1283 103
1391 776
1991 356
385 754
59 1436
387 181
1033 1231
1482 1195
730 660
9 928
1748 1808
446 1123
65 238
1813 1100
549 1622
1907 1749
1779 529
727 809
916 73
164 1481
501 45
1213 1464
1566 1441
87 737
1556 141
351 1585
221 470
1664 1912
1138 788
571 978
190 1285
1212 1739
158 400
1355 1132
1064 1874
0 1862
1413 264
1954 1652
680 864
176 378
427 671
1716 1896
1304 1715
910 50
1831 1901
1700 152
855 1880
1077 1998
33 1896
194 394
881 429
1597 674
1214 95
697 1521
905 1842
1711 1414
481 1250
1028 649
174 942
1566 625
1442 1505
1030 600
1148 1557
474 1740
1830 333
1018 702
839 941
319 1737
280 1324
458 514
1147 1782
1772 239
799 457
1688 530
437 502
822 1091
1341 149
512 627
1369 180
408 1441
950 923
550 13
1897 409
1307 592
1095 1505
364 125
1500 743
936 1086
1083 1746
581 1841
552 27
72 756
1995 1338
441 889
313 239
1993 1914
1112 1727
1957 1640
1008 1221
131 1004
1518 1769
1971 250
877 473
212 303
630 309
486 1942
133 1315
1715 1169
679 542
787 630
119 1926
1787 1305
1762 1045
1213 1719
1837 1166
349 330
934 1475
1251 448
822 1098
21 1923
423 1958
1117 1647
1806 548
1304 914
101 971
365 177
1105 1434
636 937
1768 1875
239 1317
764 1252
716 139
795 672
1908 1750
1817 1778
1117 341
1885 81
69 133
1207 699
1061 1781
1871 40
1549 1293
101 661
811 69
415 431
249 449
971 664
593 766
1985 1309
1289 1429
902 849
812 542
661 1386
1699 343
1654 289
407 688
301 149
57 1013
1058 537
1678 1930
1833 1808
99 1624
13 1342
1795 763
451 910
1587 175
180 1396
541 1281
149 1833
425 1675
839 612
1094 1816
579 84
285 624
1330 257
862 882
455 434
1838 1586
1582 256
746 566
1348 303
1658 425
296 1397
1256 1203
685 1935
1015 92
175 1424
725 379
1200 1172
544 1180
108 1964
1917 1931
715 1067
1838 1606
1670 175
302 438
1969 1695
932 782
934 771
35 248
333 299
1677 1241
145 70
1311 1622
701 1978
79 1877
1670 755
1320 372
1504 1766
1716 1771
1406 635
273 1541
1845 1770
640 364
884 1253
291 821
296 379
1786 1317
791 1299
1268 218
337 1017
694 775
1160 762
110 968
1879 459
1634 641
125 1829
1198 1810
1229 37
1808 1788
969 1218
62 1310
121 1570
649 650
1992 887
1824 124
1175 581
934 1705
1518 840
349 963
1769 676
930 872
1872 693
1960 1304
1712 1320
1994 1108
632 314
1312 1775
1437 46
1709 1789
57 1767
1774 1017
613 369
29 987
901 773
1724 1938
1815 427
42 785
1342 1747
1424 859
1157 58
1411 31
822 103
1708 1535
498 1163
1729 1185
138 1616
847 1428
247 31
1309 245
1359 767
1207 310
925 307
230 1321
818 617
878 1215
1562 11
815 1575
1538 546
1160 217
164 873
1788 503
1105 1677
108 1955
1060 1121
781 54
1471 1694
1734 189
1996 1201
380 1776
1307 1804
549 1456
822 1904
1074 932
125 1484
442 1659
1773 1497
1256 1291
1812 492
1741 401
1775 1795
345 889
604 623
1277 1849
1070 797
899 734
837 1252
1247 15
117 336
823 1403
95 101
318 250
1072 732
1366 1447
1702 1972
235 1282
1211 1680
641 291
109 554
187 336
1820 1196
482 1603
1921 1990
1684 1828
460 1496 504 1487 1952 836 708 417 789 1181 866 580 1185 1701 1862 402 381 745 825 1840 1406 690 1589 18 774 366 1286 1721 1890 302 860 1440 555 1111 936 328 888 519 1607 800 1013 687 947 1088 1853 1364 309 617 257 1918 1308 1541 1352 1465 115 118 1556 937 1180 568 1521 1012 1380 1567 1134 1106 621 1689 1085 34 512 364 477 333 1477 1532 502 862 1302 141 968 572 387 338 219 1603 554 1097 54 1045 564 663 1996 642 1827 737 447 589 500 1389 1555 526 1210 1433 1751 1484 1498 1518 847 1554 523 1194 723 1658 1271 724 988 942 247 1951 829 1362 748 1412 1741 1075 445 958 386 1130 851 109 1960 1801 811 107 1758 1993 1135 33 725 1513 831 255 1481 635 249 188 910 165 1195 1499 1263 1643 300 1573 1245 1565 170 426 1704 265 126 865 382 1647 8 1176 367 1941 1753 1759 495 886 587 632 1204 1978 450 1035 1377 967 1693 51 1304 970 1027 1970 1517 1672 1367 1133 1223 419 1536 1266 403 1160 76 15 848 1662 350 0 283 1241 1248 353 1232 284 1615 1760 1257 321 1113 100 889 806 816 1736 1345 1613 1256 1744 269 1959 147 863 529 1213 760 1086 1625 1969 145 357 1336 1560 1632 1025 1253 1585 1005 922 275 1136 1168 427 1341 1074 920 214 1915 241 1982 1681 303 849 726 1584 1618 736 206 1644 855 418 535 1807 1657 980 1909 1748 420 1258 991 738 1988 1873 1742 981 47 1819 1822 1435 882 569 1175 1756 1026 1415 1246 117 1812 294 1766 1145 1699 1166 466 332
