5000 10000 150 5400
341 1298
4161 680
4583 1972
1846 3536
4042 4422
184 1251
1124 1069
4455 3967
3741 2709
1889 4387
1523 4308
2306 2990
3650 3874
4362 4993
1431 1139
4092 1005
1887 4757
3239 2277
4499 3667
751 2959
3044 3854
1288 4701
3897 1203
2182 1170
2520 1465
1608 1589
2137 608
404 4686
3544 413
630 1226
1882 4296
990 4562
52 4437
3532 1471
1158 3341
3398 659
1026 4591
1056 84
4845 1340
1116 2634
2905 861
422 1675
2837 503
1032 870
333 1282
2489 2497
4360 2169
1462 2969
388 65
3206 1088
4320 4764
2247 2300
249 4525
3203 1186
3588 2381
3085 4582
2963 754
4949 3218
1183 4834
302 1764
2809 1059
4822 1605
1801 4493
4785 2234
2260 2635
256 2598
1489 4819
1648 3703
1347 1896
1301 3311
1656 1505
2768 1408
2092 3393
4085 2448
4088 3861
3159 1209
1047 3059
3422 742
174 4886
3072 3125
2331 871
157 920
842 1668
2965 2258
2422 4585
2607 4380
3623 3983
4621 1663
2877 4883
3166 4289
3272 4844
3343 3593
3894 978
3897 3884
2038 3480
1900 1903
967 1660
2932 3135
3322 4183
4457 1061
3292 449
2114 988
2751 3518
2887 1070
1439 3943
1893 423
1486 2351
1265 4372
2772 2749
1150 2649
2918 1028
3133 2810
235 1168
3323 3863
1272 771
2579 188
4607 4601
3611 2448
3417 338
114 4354
2182 1804
225 3823
2992 4522
851 2543
2552 1644
3724 4184
2221 4144
4780 2049
1763 3118
3761 512
1900 870
192 1975
4162 1411
357 387
4710 1873
4495 4757
3531 886
2348 3728
3720 4328
2501 1730
4979 716
909 2875
2777 2182
4719 4686
63 1962
2743 2696
4702 2789
623 3105
1375 4799
2509 2362
1099 4292
1654 3253
1975 506
1622 2213
2308 4041
1023 1833
2932 171
2286 1551
3870 2374
3273 831
2278 2098
4252 4431
3467 761
1137 2127
938 3493
602 4577
3581 2212
2381 3868
532 1804
4286 2792
3785 629
714 3311
1348 1352
1691 4838
4550 3874
919 1752
2158 2895
91 4280
3617 4880
4054 1307
1623 1321
4657 73
653 517
4737 608
1752 3492
4375 1632
1983 658
51 2851
618 837
3057 397
4332 4169
3018 2417
666 872
1061 3168
493 826
4435 4770
1203 3709
2745 488
3449 2546
2971 2594
609 669
2910 3292
3899 1391
4139 4291
1263 2728
4259 156
2633 1055
612 336
3661 2656
4429 633
4960 3840
3080 1388
4270 3917
439 3926
252 4928
2537 92
1329 603
688 2415
1377 1656
4807 341
3832 2905
1195 953
3599 1289
1958 4584
2194 2665
3238 4589
4886 562
3937 3255
2448 1498
138 3823
4930 3052
3595 64
3533 4562
4253 811
4223 1265
569 4734
3319 4967
3456 3898
4877 788
418 4276
4577 2442
3906 3427
368 4813
4842 1878
2058 550
1537 2486
4922 1501
430 3783
1993 3537
4355 1240
800 1865
654 672
4938 1558
1894 3446
2392 3101
2762 4976
2780 1691
4231 2947
4640 3220
1978 3179
4037 4947
3445 763
4834 1880
1545 1827
1714 4313
2859 873
2857 79
3008 4026
4748 4199
3830 3535
3106 3676
2969 1429
4824 566
4361 2173
1364 2218
215 1244
119 3733
1332 175
4881 4185
3230 4932
709 3105
4759 2966
4450 302
506 422
1933 2589
1957 999
3107 2348
1191 2033
498 4926
1555 423
4258 4111
4204 4594
4927 2891
2794 3320
822 3912
4050 4007
3685 3925
2672 3472
379 1119
1444 1422
3116 2926
3960 1342
2370 4103
2720 946
4881 1919
2064 442
4073 147
2349 2564
2724 2861
4329 3744
3247 2975
4682 968
4254 1171
1775 8
2097 162
3503 2334
3678 3088
634 187
2803 2715
1856 3010
1961 3501
4356 1288
2328 946
913 4556
3271 3869
584 287
4944 3460
758 1394
4834 3895
2037 1969
4468 4554
3775 4197
2074 4250
3576 4270
3754 934
3226 1165
3348 3234
3954 2279
3458 2707
4755 321
4584 1661
2891 745
4665 1562
3609 3282
2897 4602
452 2833
3799 2006
3156 2740
4141 694
4013 967
1574 3675
2059 1577
2564 3289
3031 4550
110 96
2134 1338
3117 1008
4181 4369
3667 2840
785 2377
4115 3603
2313 324
4398 236
2553 2550
4144 373
3385 1934
121 3468
3011 1037
1341 4547
622 569
187 4296
1225 4018
4961 580
2003 1581
3116 1983
4688 2585
2026 643
4718 3439
4519 3778
787 2010
1495 1481
450 3688
4568 1472
1085 2667
153 2217
4236 3182
4252 1124
505 1397
3995 2152
1143 116
3569 4696
2212 171
3253 251
3204 3186
4501 76
1104 1833
211 2551
4598 4495
1160 2640
576 1901
3532 1176
4308 1136
281 155
4548 523
2478 1079
4659 314
3213 3439
4247 1497
4419 2401
540 1364
2380 323
1131 1727
2117 4508
2121 2566
4202 4699
4983 1858
291 942
1906 4050
1001 4304
4091 291
968 2542
4340 929
4159 2426
1876 3112
886 433
3816 2191
3081 2029
4032 246
1579 4608
720 493
1676 2984
3643 4338
4861 3670
1214 3876
4071 1175
3754 3546
2214 1264
3793 1073
578 3811
2420 2152
4045 3136
3933 2077
4727 3226
3633 3966
3295 3917
2815 4280
4456 3657
2426 4476
131 2409
1210 1137
4534 4723
638 2150
2071 1194
2659 3288
889 1279
2141 1560
2461 993
4763 1534
3954 4301
2937 2229
3724 656
4909 3898
210 888
1280 29
219 4804
920 4768
2054 4068
3312 4891
1979 327
1363 258
2581 144
4241 3088
3841 2558
4765 3638
4004 2829
4095 3819
2734 2416
3122 3497
3234 1075
4534 2686
473 4420
2419 221
1981 4709
278 3082
1834 3080
3687 3014
3003 4934
4364 4439
2056 2806
2760 826
3151 4136
2541 428
1590 4067
2912 1355
3595 4872
752 1677
1654 390
2282 1409
1427 1170
1350 2218
333 2892
2619 534
3707 2163
2992 4822
716 2872
59 4611
1802 3803
2384 1394
3848 2267
3295 2503
2477 3323
479 1696
4114 1230
1039 1280
3804 345
947 4527
1701 868
4757 4130
2060 1977
2995 624
2822 2331
4212 3775
1862 4286
365 4582
2234 2656
1114 4103
459 769
1331 190
4990 169
2379 3492
3853 81
1439 2780
3690 2343
3300 4290
2326 4638
2705 915
165 4535
1424 1435
4446 1072
818 3517
3262 4778
869 673
4167 2451
3260 497
838 2676
1233 911
854 1018
4682 2200
616 3514
3874 1968
2099 281
2277 969
3333 464
63 353
1272 124
159 465
3484 3103
2757 1809
423 1273
2880 1481
1019 2703
2356 4118
374 1475
2173 1815
3559 1553
3758 4221
2970 2716
458 3088
146 4317
1215 4783
3866 4452
228 522
3845 598
4930 994
3595 1432
1501 1134
1394 2930
2280 409
762 2217
1312 3514
629 2376
791 3781
4638 630
1389 30
1541 1587
4194 3979
2253 485
3698 3951
3541 2700
4176 3173
1289 1474
1629 4646
3947 4920
2276 1240
4876 1651
2161 1715
2848 4313
1803 2317
2622 423
889 2378
1110 1293
4741 2905
2975 2620
2450 4351
1726 3412
4833 4336
198 4039
1313 3407
256 3126
4584 2429
27 3258
4501 3894
394 4373
4956 1692
1080 1588
4686 809
3065 2492
4763 2359
112 40
2406 2322
1041 1936
2764 3144
4077 4102
49 3139
971 187
42 1887
3685 3471
993 3087
4733 4028
529 2031
1920 4331
2596 4049
4849 1507
3092 4787
1953 279
2723 993
3085 2703
2085 892
1647 2396
3216 2420
4903 4900
1061 1302
620 2718
3552 4985
2893 2915
4250 228
1282 3749
4312 1644
3036 316
3124 4008
735 4985
3171 1894
3768 2883
3461 281
2565 3172
581 2069
3203 3793
3126 2610
2583 3535
649 1647
616 4717
1015 625
2458 873
933 1591
4186 103
4157 3884
2478 3864
4205 3861
19 3946
697 3726
4076 3336
780 2505
1455 4720
779 4685
3769 4702
611 3491
4554 3637
61 51
1418 2672
2808 4190
1541 3778
2491 2984
4326 2826
4097 2195
1255 3541
3825 483
2197 3423
4976 4197
1865 639
2583 111
3254 3050
970 1499
645 1618
4924 4788
3799 602
1283 2764
478 1156
1643 1006
2482 1340
1277 4893
2298 3434
3739 370
1217 4733
1235 3102
52 868
2137 4314
2557 2586
3088 3975
667 388
4231 1050
549 701
1534 723
3147 975
93 906
4379 2827
4999 1677
784 3818
2875 1591
3850 1220
423 1263
2334 3064
2140 3168
154 2246
219 2007
3595 2930
4450 2893
2997 3200
4318 4647
1384 2731
1780 217
1472 4752
1102 844
4384 1763
1043 1565
3890 2141
2869 3416
2066 3714
376 4707
1032 3930
1335 2908
1261 4773
4371 4200
1211 601
3146 4554
804 3916
953 2698
1974 938
1791 727
4108 3052
3969 1979
4622 3928
3846 4524
4524 4402
3428 794
196 2667
2934 3508
4738 2577
3329 3073
2301 2839
4398 3048
3958 3515
3945 714
3170 2069
1603 1131
4964 2916
4471 1478
2190 2778
1398 1847
2212 4735
3755 1017
86 1741
3088 4644
2841 3073
1697 4458
1617 2559
4855 1573
4445 22
3044 4964
4019 4918
3302 2036
2859 2602
4966 1207
6 2887
1505 3192
3209 510
3649 1541
323 1573
4301 3619
3627 2888
1737 988
4471 4239
3027 2024
3092 3078
859 1929
2043 3633
2237 55
4604 1392
490 4594
2446 2497
433 3020
3092 4785
1123 1012
4176 1327
4881 1903
3008 3290
937 1619
1479 1329
1707 413
2511 862
1181 4236
628 3804
4344 1744
4464 410
4048 2361
2577 158
655 4932
4948 2396
3162 3192
1092 3248
3247 2413
3649 897
1660 514
4133 474
1849 3743
3263 2643
1366 3292
1437 3010
4597 2793
3360 3649
4493 2372
2554 2828
2004 3504
4995 698
1890 4546
529 61
4606 1200
798 3970
1684 1494
2727 1203
146 3298
4720 1178
3926 4471
1948 1943
2281 2505
774 1612
4663 4029
3739 2538
300 1028
2443 406
3464 2379
2201 2370
4664 4215
4884 1223
281 1651
3135 4388
2646 3334
1367 1055
4865 361
4651 72
2355 4704
4970 637
4099 15
4470 4176
1848 668
2557 2456
2466 3125
4827 212
1433 4643
493 2892
436 4951
39 4957
920 3345
2739 3648
3125 1478
3131 3885
1763 2224
238 717
2312 2199
4966 1080
3272 877
3782 254
3322 4898
3009 3100
1955 820
4679 2547
1455 4330
130 1383
3684 1129
3644 1750
182 1651
3161 2165
1525 2665
3836 1948
3822 1163
3131 4545
3817 3006
1485 1762
2982 4430
2255 1732
4932 1316
1780 4017
2452 2836
2783 1843
3859 1555
4228 1285
3436 3864
4529 3258
4771 841
3618 1140
112 4126
4009 3199
221 3400
628 4409
4224 62
4864 3739
975 370
518 1118
2419 24
2297 2025
2820 1950
1306 4329
589 2574
4003 4682
3341 3610
1600 490
1816 240
3683 735
4122 3266
2977 3680
1615 2341
498 3601
505 3500
960 1828
2864 4571
2234 636
1428 24
4805 4522
2607 397
3187 6
4483 3046
4521 4319
3146 1154
1271 3035
982 1623
13 2098
3124 4435
2148 2052
1406 3389
3405 2476
2796 548
3064 1209
4821 2126
2135 2955
2915 862
3567 1410
2739 4112
4191 4727
1218 3833
4795 3884
1228 4060
3783 3303
4756 4015
3312 2172
4899 4913
1691 1217
4168 2747
1681 2906
3103 3793
2540 730
2191 1309
3291 3215
398 1009
2022 1650
4884 3584
4064 564
4647 2413
1125 394
3710 1711
2666 75
1749 3340
4828 3878
4403 1714
4722 553
3610 1831
1607 2605
4800 525
4659 4869
2620 4339
34 4333
2246 3956
3481 2686
3973 1055
4699 4152
3784 2108
2937 2682
1730 2201
3536 1235
2341 2876
4968 4295
622 524
2266 3488
1983 584
1837 389
1457 1537
3322 782
2409 3934
101 4517
3276 807
2772 4797
658 2523
2926 2931
2861 4241
542 1315
4430 934
3136 4566
3885 4543
4924 251
2052 1142
2244 1629
1881 516
1772 2585
1180 561
927 4811
1763 2513
320 192
1235 2755
3003 4156
2597 3420
2928 2423
2184 4717
924 3559
600 4172
3539 1748
1590 188
3349 1515
1287 513
4212 4422
1357 329
4217 4809
2901 643
3816 1605
4715 1059
2289 2491
1015 1274
3056 4107
2683 4047
3461 412
2049 2598
1710 3707
2118 2517
2578 1694
2071 4689
3982 3791
984 2734
4975 3146
4094 3683
1255 1361
1557 4199
674 3731
496 4432
445 3904
825 2985
481 3393
693 71
3866 4683
4994 2305
3367 186
1241 4249
820 125
4636 906
4999 4085
4920 1165
1798 4025
317 2159
2845 3390
2574 1183
4240 1102
794 552
4017 3944
1355 4985
3615 1183
2358 1439
3234 2149
4938 3571
4104 2185
2614 115
3340 3860
2286 4307
1895 705
4926 4190
1990 426
249 4281
4409 425
4514 921
2880 1355
2433 2470
4574 4137
1202 4381
4872 4260
2674 424
3232 2101
1153 712
3989 926
3436 3480
1947 2639
2421 3425
1973 3411
1508 1765
993 4513
65 3157
225 1740
1596 3249
25 1845
4342 2865
125 2946
1230 4772
3511 704
3682 1611
4799 2362
1870 3089
2943 1867
2518 3296
1508 4417
4732 2074
4462 690
1283 2563
3716 2687
1718 2847
478 1555
2631 3958
4924 998
2908 1193
3340 3190
3371 1952
1664 3850
4000 1425
866 1742
1244 20
2021 2173
4431 2730
1347 1544
400 209
2653 4976
723 2288
2941 3609
1376 590
1857 3729
217 1279
4016 2392
688 3876
2035 3309
1518 258
2422 4231
575 4319
1894 4436
1749 3027
4927 4709
1881 2798
1106 350
2312 941
3928 1360
2972 2275
1346 1152
2778 4052
2102 552
1452 2857
4054 4432
4348 802
4475 1154
2553 4035
450 2565
4036 4048
944 234
3201 4236
3333 3998
3720 846
2054 3334
872 4457
4691 3053
3211 2375
3033 1880
3199 1413
4612 4794
1849 4407
1978 4797
3587 3998
1293 2729
1291 3682
4130 1688
572 607
3763 3090
4989 3791
4091 4295
3802 3990
1088 4016
1503 925
417 199
4727 2515
1015 2581
2551 4771
630 113
4443 826
1888 3357
2819 4358
688 1964
2860 66
2283 4720
2317 858
2528 2003
2209 3913
719 337
4812 4532
1847 4403
3528 1099
2699 58
4207 320
100 680
1770 472
4694 50
4175 2990
323 989
3381 3935
1410 120
3047 4679
892 3299
975 3182
3790 1933
1770 3
209 1230
3304 1014
2396 2784
80 4632
2288 3549
3510 196
1075 4114
3874 2419
3044 3509
2975 1084
2244 2357
88 53
1205 2090
4320 3931
4298 1807
967 4037
260 310
2587 4512
4064 19
4540 41
2640 260
2438 4894
958 2700
4984 721
3166 433
4288 2819
736 3292
3429 3878
3505 579
3501 2801
2745 634
1552 482
2252 4374
802 2413
2315 4154
4697 1543
980 2585
4766 4656
2174 4981
4464 3226
3581 4376
4819 1585
3221 243
1187 368
509 596
4178 3103
23 732
3232 3869
4567 2115
656 1091
3060 2084
3755 4463
83 4098
274 3752
3992 3786
2535 65
147 4662
4825 4437
4586 1635
2812 604
3447 1949
901 4670
473 4969
3733 1656
3749 4869
284 2418
3175 277
2681 2675
634 4130
2002 4038
4915 855
752 872
4646 270
453 1671
4893 4130
2799 132
1968 478
3329 3999
2703 256
4113 300
1532 180
2375 2099
3583 1698
4301 2414
2293 4310
26 1803
2257 2515
1803 4842
816 4792
1276 1308
1882 2240
3976 2491
3725 2180
3549 1341
2135 2053
2267 2192
3152 2674
3993 2813
2517 3026
1022 4586
4865 3229
576 6
3909 3889
2583 1995
1416 4081
3660 279
3159 4642
3389 3149
1645 3170
3217 3004
4407 3199
4325 2089
2016 3831
1494 910
4305 402
1580 427
2265 2333
4976 851
1801 4201
2733 3277
2654 2292
4795 1419
1140 4837
2336 135
3090 3829
3460 152
3205 3271
2963 3061
172 4825
269 4121
1643 232
4559 1699
258 2735
796 2609
2978 2004
3761 3927
3949 4
4892 1383
3729 1414
3108 3241
2951 4276
4882 1351
3142 2040
4602 2201
4222 821
2350 578
3093 3079
3080 3645
2834 2110
2105 3846
3881 3330
2884 4129
3899 2714
2355 1318
4809 3083
3442 943
1583 2483
95 439
2107 1411
1486 1356
3734 2259
4384 3551
1859 4314
887 1151
2193 2586
2442 1709
2261 2521
30 3954
2173 4047
1095 3831
1422 413
3155 2172
4730 1801
843 978
904 3342
1354 2645
4617 1813
4607 1000
2697 1135
2083 3996
392 827
748 1469
4532 1711
2022 1393
1225 4122
2238 3972
2811 2772
2810 363
1931 795
323 4590
4418 866
3493 1148
2408 622
2666 3434
1598 493
1355 401
4517 2689
1969 2380
67 850
2466 605
305 746
839 1696
3214 4514
620 1666
1343 1957
3060 1430
1484 2884
1928 4245
3358 1933
1618 2541
4992 2496
1324 4261
1607 835
781 700
984 130
3209 4378
4077 4974
2861 2710
734 1876
1041 18
3428 1065
2656 14
4750 1267
815 2121
1048 184
518 376
1498 2371
1408 4871
4631 3186
1391 851
314 1427
245 3731
904 1389
3118 1088
3507 2334
961 1478
3981 3872
4738 658
2449 4131
4442 3369
292 3061
3957 3170
4533 2085
2104 3451
3893 2998
1960 4490
209 4154
4096 4771
3642 756
2524 511
3327 3437
3123 74
533 4262
2322 4566
3796 1419
4706 3468
4905 4229
3379 2530
2492 2019
1898 1701
142 3366
4285 606
2935 2179
4029 424
1132 4749
2153 1070
2432 4635
2002 4849
2367 4315
4124 1994
4039 4938
2335 4122
3641 3728
2686 1705
4965 727
4891 4498
1111 439
2642 3040
2202 1256
3040 4238
3648 2323
2116 171
4414 616
4195 4745
240 891
3341 3419
1190 4170
4025 3714
1894 1865
4306 3020
1006 4363
786 349
800 1908
1204 3101
1136 3841
681 3940
2732 187
1702 1478
4472 1129
580 1097
1592 1214
3812 4320
3733 4079
2806 1407
2196 2615
4190 799
1136 3629
4221 2705
356 2346
2382 3583
3732 843
2399 3224
2979 3081
1232 2509
3076 1774
3178 2737
3555 2754
4176 1146
4626 4128
2590 2748
4476 3284
3167 410
2776 1428
159 3256
4057 3463
2246 119
1318 1694
1414 89
4102 2517
4403 372
2456 2780
3112 3284
1714 1207
4386 3650
4604 4635
3058 583
3393 112
4945 14
72 9
2385 203
2508 422
2534 234
3780 1649
2641 3565
2974 2714
1983 3697
1162 4849
2129 1305
130 1626
1770 2784
3419 2434
4122 3792
810 2780
1607 4980
3966 1943
3288 4459
459 2230
393 461
3904 4297
3429 407
3460 3714
3169 1787
2031 2902
1766 175
4129 4197
4485 2487
2134 4837
856 4640
653 4532
3618 4975
3027 3318
2734 2192
2090 1451
2127 4385
1049 3476
4083 1939
522 4314
3472 2359
3186 3857
899 1847
521 549
4176 1840
655 953
3092 2408
2765 3999
4188 155
4917 670
2014 4177
4442 3727
2888 2518
2618 670
3012 3832
1683 2749
3490 474
258 4510
3693 4546
1909 2317
89 2012
3761 3557
2727 4922
927 608
1406 4150
2773 2094
4257 4009
1413 1036
3040 1232
3933 2344
4755 1156
672 3915
893 474
3806 413
3320 2796
932 970
649 446
4279 2263
289 3679
4019 1927
1385 1532
263 414
4811 3511
664 2162
2182 2357
1042 3287
253 2471
1038 2455
773 414
4687 1214
4369 703
2167 4396
35 2223
2052 1047
4918 4093
3082 205
3398 884
1231 2760
930 3061
3817 3397
2496 3954
2166 3681
357 2703
2351 4871
869 4656
3004 4553
2895 444
551 2045
4213 147
793 3798
3935 2115
4094 2478
4221 768
1528 4787
2492 4840
2417 2736
4177 1441
3676 3702
4771 2301
4011 1116
387 1773
2115 96
2372 649
4704 3565
4686 4744
4118 889
1730 4248
1872 3710
2468 3090
763 2332
3726 2928
4733 3907
3577 185
1399 3756
1308 1354
1670 1613
4217 2844
861 2140
1071 617
724 3366
3915 1071
4332 1780
450 4573
2504 1833
2241 2096
1109 972
1313 505
394 3868
967 2574
775 2944
3813 1019
4983 2379
2381 1553
959 4336
1385 163
4974 1991
2889 3245
442 3487
640 2823
1564 655
4980 4078
3877 1538
2304 3715
502 4230
4520 2189
927 2970
3845 2853
2652 714
555 287
4309 170
2051 4800
1677 4715
1312 4121
2583 3922
2785 4738
4971 4835
4183 1207
1187 3355
2585 3047
4129 2801
743 2731
4924 3629
1569 4270
2215 4037
2139 4951
1618 3429
4191 200
2156 4381
2065 838
2283 151
1596 2887
2751 697
3678 3154
1701 3596
4324 3422
2916 3437
1830 520
2279 4776
1278 4302
1952 327
1019 2707
4294 4261
1390 1000
4095 1156
4967 4114
1666 3995
1048 625
919 1734
3106 496
4915 745
1489 2745
2069 3029
2672 1216
1455 340
2186 877
2329 83
3224 3171
4631 4918
3991 1015
1233 4687
3564 529
4200 1218
3434 4190
884 2369
3027 4881
68 2779
2783 4700
3864 568
2300 4334
2023 4157
4980 789
1295 341
4846 4434
2359 1206
3794 460
2893 1828
1229 1687
1618 3672
2476 3750
4380 3567
3039 1489
4959 1325
2202 2311
1537 1127
3292 2989
4012 3305
272 1499
2937 1864
3318 2451
2907 4957
4439 3967
719 1891
1074 1797
1407 936
2060 2484
2049 4964
229 4955
3181 4874
4871 2769
834 372
3656 1441
2955 253
2123 1973
1872 1406
3173 2403
936 2251
3581 3429
4165 1401
358 4520
207 661
3836 459
4865 4843
2236 3050
2132 852
1353 647
2813 4123
4697 3282
3710 1109
2348 4254
4322 142
1767 4759
227 2289
2964 2251
3920 4085
4698 571
4739 624
3218 1412
2680 807
576 1572
94 2862
2071 3298
3125 921
493 2065
187 1515
1802 3751
1630 4730
3734 2407
4516 3621
4789 1061
2931 3132
3800 2323
4076 4176
4654 2228
3252 2187
2410 2748
1090 2814
3942 1830
2498 4880
3633 212
1239 4463
3809 1214
2478 1733
3461 2362
3731 4562
1206 971
3971 3210
3632 4614
2178 2085
4015 3773
1466 4843
1514 2248
1179 4020
505 2545
3657 4999
4297 14
1404 3840
4260 481
2432 1203
2773 2773
2069 4184
1770 4581
4712 1707
3508 1526
973 4469
4152 4491
3226 3754
437 4288
2327 3691
4695 3913
51 4426
4529 1170
4717 363
274 4358
738 2577
2793 738
3514 4728
4127 3775
3915 397
4098 4897
2774 1263
3606 363
2473 1500
3634 2583
709 2905
260 3730
3561 3331
3298 2681
329 3086
3055 4615
3818 2162
2204 4345
1595 202
3965 3525
417 4431
4460 2367
3576 2344
2888 1777
3650 2820
2645 2109
4334 501
3557 16
2207 2012
770 4240
2168 601
3592 1817
3996 4764
4226 4404
3209 4783
2430 3027
1253 977
214 2275
4364 2833
3060 1489
3885 4362
3575 41
3797 1904
4254 3702
3756 2368
2632 1390
3028 3023
2200 1890
683 4307
3759 1550
2547 3630
4833 4927
4511 388
3651 2451
3918 4795
1816 4459
2897 884
2902 4051
2902 2951
4673 4310
2409 2975
4075 4960
532 976
3785 3525
3391 246
2270 951
1760 4333
1568 107
2441 3625
728 2234
3667 3787
3888 4705
3430 2627
1152 4561
2004 2281
2304 2884
2589 952
877 4250
631 4685
2175 3082
4604 440
1948 357
2529 4924
2724 2654
340 1686
4853 3225
2508 2650
3091 2811
3848 4738
3863 1550
4989 1018
4462 3102
4265 1317
1379 4552
4329 1958
1241 3391
3812 2576
3523 3742
4425 4459
2647 1276
1108 2744
1736 3467
873 4278
1431 2075
1094 616
2839 2247
3389 1138
19 4444
1612 4526
1201 825
176 3642
3365 4476
288 941
2505 4738
728 212
4951 252
709 4402
1081 3864
713 868
131 637
3981 1778
1227 3714
817 2119
4077 390
826 53
3898 1857
379 1150
3834 2461
4188 3057
3216 86
828 2180
4592 914
3800 381
2954 4179
423 3749
2500 1450
657 3294
1167 3231
805 1058
226 1198
4866 4854
4641 4844
538 2845
4201 1333
3449 606
577 3807
1930 4518
372 4187
792 2552
3833 4433
602 2687
3390 1668
352 3421
3983 1187
3932 656
3040 3326
229 4787
1192 4696
1951 4480
189 1660
2765 4308
3096 3131
4364 3380
1839 4070
4349 1419
2782 3853
816 304
4894 944
62 4028
3494 1443
4142 4525
888 1428
4780 721
896 2470
2486 2702
614 558
4368 566
328 2759
510 864
123 2726
4173 3183
3364 4379
4277 2938
3856 4522
3993 92
2079 3865
3955 912
4293 1661
4291 3674
2088 1955
3658 1646
2403 2553
3900 2283
4024 3149
2938 1161
2113 3636
890 1070
3322 623
2174 1945
4794 3121
1548 1621
467 2211
4144 675
2528 4384
2380 2480
3206 446
2010 1879
3366 3898
4981 1274
3220 3116
2622 1562
4603 235
3414 1966
1710 1833
3552 1145
568 3938
4894 2587
3490 3725
4610 3386
2213 1040
2591 1344
4360 1693
2722 3857
1709 3354
4631 300
1916 467
1903 4849
4896 1152
809 436
229 1490
4183 275
3705 4723
906 4044
1092 2940
1467 4844
3100 4591
506 2753
3830 2745
288 1538
2517 1339
4411 135
1877 2667
3092 2993
4499 1002
1053 2529
3073 3363
2023 1018
3652 3048
4953 4905
2027 4398
2449 333
3001 4615
1166 3255
4450 3657
1866 3391
2483 1328
4834 2163
2901 1004
2719 1739
4548 887
3553 2527
2638 3498
1527 4443
494 3081
3819 1403
1638 3535
4855 1729
1402 78
522 1794
2067 1937
921 2650
2183 3268
3763 7
93 22
3820 1317
4706 2836
3053 1770
886 1688
4402 1495
1936 1823
2814 2524
1488 1214
4062 3715
137 1208
818 4837
4799 459
2145 3589
2892 2012
1915 3066
3131 2901
3928 3144
634 4081
3922 116
129 2884
2998 2617
87 1185
3283 4885
2287 2338
1285 1501
3922 1704
4329 1116
2428 4166
3473 4741
2357 4659
4245 3212
2059 3541
3748 1243
3515 1415
4946 854
1673 3206
3724 3470
1126 2778
4378 1893
1276 2004
2369 169
102 3515
804 2720
1664 2003
2588 3151
1700 401
4295 490
274 381
556 4316
1650 4515
3350 2036
1363 3461
965 4755
3959 4662
971 3891
943 1206
2577 1553
1447 642
136 2336
1440 4828
4206 3907
4023 1831
3066 1998
2851 4872
1596 1513
1105 4558
1128 4102
3857 2389
3145 2867
1454 3299
710 4433
2184 1243
4052 4128
4435 77
3343 2951
3535 1994
4406 4573
1 1794
753 1508
3452 1881
2865 3362
4776 4646
286 3786
567 2224
2386 3705
4742 4588
1657 2614
1979 1757
3141 2447
2169 4595
977 3254
2238 4178
117 4687
1397 3101
1564 3866
1764 1501
4721 856
3388 1638
3827 16
887 4639
572 3596
2319 279
1245 1061
1204 3848
2979 2287
2821 3648
1650 2100
4432 1496
2572 63
1414 3587
681 115
4505 2411
48 3846
3082 2097
4400 3961
3131 3426
2075 438
710 2718
898 4821
2028 3442
1939 4911
2039 4681
1941 3140
4119 1188
18 1103
1782 824
1119 3857
2160 4207
1347 1968
2622 3032
1003 4653
1222 4083
1597 362
1466 3787
48 4762
3446 3275
4500 492
4401 2818
4090 3929
4136 2053
3683 3165
4577 4634
3332 913
1762 4293
3429 1200
4552 85
784 1288
4317 4274
4822 3915
4374 4149
1928 3725
1380 2548
611 4438
4509 929
1706 4317
787 568
3548 3828
1752 248
4068 84
2867 278
2258 2114
4191 4307
3832 3538
635 3127
2932 4164
4919 4031
3192 4160
4326 953
148 4952
3721 2001
2075 586
4694 1378
3273 4113
4343 75
2918 1124
1404 2958
3063 2208
2011 1460
200 983
2655 2512
3377 2009
1649 1075
4124 732
887 1195
200 1772
735 818
1635 4296
1416 1210
2640 3509
3560 4188
3698 452
2226 2510
823 3101
2406 3761
2697 4279
1461 2750
1262 2081
4707 925
2490 2203
4740 1843
567 2707
1497 3999
1365 3071
1205 766
3480 3364
4245 3222
189 2313
487 731
1041 656
2221 2265
4416 679
3777 3374
3201 768
912 2817
1579 2296
1456 4151
173 2007
1845 3530
4339 4928
4672 702
2433 4686
124 4495
3477 3350
356 791
1753 1611
1703 3140
4720 2869
2764 4728
395 1298
3566 398
4480 3479
1645 592
2725 4236
3826 4846
4155 4227
847 4838
4031 4367
2379 257
3243 3915
3546 1790
873 4690
2260 1486
416 4825
4475 4678
306 3210
1315 4723
4801 4374
1140 4679
4652 3912
4785 2672
822 4836
4545 4751
1175 64
1653 4520
4854 1690
1380 3078
3829 824
2470 901
3094 2445
3062 4040
1594 2024
254 1819
4888 2828
710 3442
1615 2400
3817 339
291 2024
4734 1975
4470 2044
4694 2145
1925 1462
123 4643
2445 3702
1643 1103
1465 2563
699 2178
1977 3649
1788 3959
2245 1105
3533 4970
3817 3360
814 1007
1309 898
1159 2842
4117 2809
1582 4833
3163 757
58 4730
1643 3743
4579 765
2836 3024
3681 4852
3739 497
1919 2719
4701 2024
324 4028
3093 49
4926 4186
2277 4809
1192 1790
2257 865
2423 2975
3420 1964
4764 4499
997 3247
927 3930
3853 2199
1184 1193
3472 4045
4902 3989
2390 3324
3806 4527
2289 830
3879 3783
4964 3152
4373 4971
1342 665
677 1838
270 4472
433 3496
3987 2379
4711 4274
1795 1941
4750 2975
2939 4130
1332 3655
1473 4435
638 4684
1068 3911
1488 4812
1544 4736
3656 149
4445 1262
455 3372
1835 4640
1741 4588
4874 551
4744 2889
3878 4770
1276 203
3457 3329
2927 1858
3969 1630
4671 2071
733 1484
1938 3224
4631 4403
4187 2507
3253 2938
2143 3754
3588 2666
1069 247
3768 3703
3777 2075
2475 2905
1182 804
2751 2907
4314 3679
204 2697
2786 2514
1766 441
4631 500
264 4422
2547 3881
2111 1792
3806 687
551 1916
3434 1086
3757 1062
1946 3756
4201 3346
4187 3287
1092 1920
4756 65
1643 2292
2253 975
1258 3439
3677 2031
751 3852
3727 4900
122 4091
3382 1107
3094 4992
954 466
3575 413
1182 1093
289 210
4751 1982
4411 1009
3297 3311
2544 1703
3477 2726
2556 386
3254 4678
2121 2006
4814 3268
527 2922
227 1757
3558 3587
3003 883
4995 3266
3589 1596
465 2226
187 154
3692 1267
1183 1019
3338 234
1567 2683
1262 4613
3216 4057
1687 268
14 262
4103 4425
169 1339
3842 4934
3758 369
776 4361
4229 4888
2822 1603
3651 1197
1668 4608
1079 662
2624 1745
888 71
4406 1349
2642 3496
2134 4287
1894 4892
2611 2101
3583 263
2983 3992
1260 4072
2040 2227
2564 4362
4079 3799
4027 2043
1245 3698
4153 2643
1616 2203
4810 2078
3327 3141
436 3986
240 3140
961 1054
4349 1240
1826 2423
4481 4063
472 370
222 798
2642 3464
2444 4834
4229 3534
2643 2030
4588 2792
4079 3359
2046 1020
3808 2287
4388 929
3625 2709
714 1354
4883 3807
569 38
4410 2860
4947 3409
4621 1898
4795 2810
1058 4311
1264 4468
1772 384
2486 3479
1713 4935
187 3152
2244 2601
3204 3961
2867 2290
3076 2710
3113 3114
4151 3686
1040 864
1951 3877
3237 70
3054 2539
4540 2787
525 3812
1136 3737
4117 4908
1286 4244
1765 1531
477 1291
652 4826
2915 2003
3160 1691
168 402
1415 2869
4971 4050
4398 3420
1052 1986
138 4888
3253 537
1943 1544
4926 4064
1174 4921
1883 1449
3209 70
4910 923
3641 1988
2286 214
3636 2100
919 4956
4617 4199
4793 3275
442 481
4553 1705
974 797
3098 2868
4304 2000
4141 1616
2070 4787
531 64
140 2103
4567 1082
8 1532
2512 405
691 4651
4743 972
1334 4681
1649 385
3365 1780
523 3305
373 1279
327 1069
4352 641
2856 180
3072 4182
3744 431
1019 2664
3558 2666
4168 713
1280 90
1044 1809
1195 1056
1473 2155
1364 3534
1793 4397
3390 2618
1259 1411
3833 3478
2929 3728
657 4393
1817 3328
813 4090
1852 2746
2810 1233
1790 2369
369 1746
4010 4879
3136 1833
201 1270
4574 1330
4141 195
4111 2771
2054 1326
3762 1255
1960 4511
1704 1501
3082 3814
2019 664
3848 4356
4548 36
631 4699
1178 4516
4862 4663
995 3451
4415 1907
1059 1220
3246 3894
3758 621
1454 2089
1267 1698
4463 4949
1638 3752
1577 3147
3267 832
1890 1640
4078 1505
2070 3597
4419 195
1846 4067
3725 3874
2826 3043
2642 1235
2103 1157
1206 4540
3267 4429
3334 434
1674 205
222 3991
1147 2765
1474 1120
2142 1899
1742 1323
958 2196
4531 948
976 4569
3183 1809
3452 1908
295 4576
4139 4015
3592 2966
4525 4714
372 2567
1516 4690
4028 449
2418 3528
2176 4104
2069 3032
4548 1450
3066 2157
167 4493
1024 4267
4576 4940
1002 791
4864 1243
1925 1451
3719 1439
4692 4107
2320 3204
2647 2543
3876 331
2630 3077
448 3936
1745 1887
3569 12
1428 1518
3507 2393
119 2607
4462 4202
1585 4101
3774 2924
784 3893
3096 752
3591 2944
2667 939
3284 4081
3153 991
2693 3925
3982 1752
2631 2563
4308 921
4034 3789
1522 4778
2991 4470
4865 1815
3107 3723
3018 140
68 4840
2432 4155
3841 3745
1668 140
3929 4609
3529 1255
2124 2260
3964 5
1644 2520
1987 1240
1480 1481
1781 1408
2132 1604
2506 3588
727 3940
3116 2439
3785 3670
3476 1634
725 258
3409 3182
796 235
3548 877
1408 4221
3094 1977
1692 3033
4772 1070
3559 3855
4361 4304
4574 3190
2908 2033
4357 2681
3916 3607
3580 1155
4500 1280
2906 1995
2733 2384
3020 4390
1121 4606
435 4899
4790 3998
1477 3404
3593 4551
978 1182
117 1663
565 4790
1655 2373
2543 3292
535 2584
1029 4330
2514 4897
1000 3026
3719 3010
2387 3410
79 1156
2930 3692
2558 3033
2816 1092
4877 4230
1307 1595
139 1934
3868 2260
4271 4526
3002 4740
4051 153
827 1251
1260 1366
4257 1563
855 3829
1256 3012
4409 3353
3427 4857
2837 3715
4110 4367
4630 957
3077 2409
1146 3431
3019 1680
1342 4311
3067 1047
2870 2195
4009 3618
4204 783
1571 4754
4296 4199
955 2658
2635 3382
4079 1108
3968 2328
3266 4330
4578 3493
4548 4651
2179 3363
2747 2704
2776 3731
1424 1843
283 2065
3417 2953
3045 4040
4615 4163
913 1099
4153 4540
4176 3239
410 981
2815 2815
3016 3197
292 2401
3784 605
1011 2915
4690 3594
4224 171
4376 4023
1604 3579
3591 3591
1867 4501
2223 1368
1581 1184
2580 2690
1655 3692
3255 1922
241 3737
2029 2306
353 3512
4065 239
2031 2499
750 4796
4155 482
2908 490
607 2334
2573 824
3764 2990
2057 4107
231 3500
2293 2864
3905 158
1018 608
1538 1457
3951 2393
2215 4202
4486 3443
4290 3500
667 103
3641 781
2766 2926
2039 4505
2204 4643
2618 2266
661 166
4879 3168
1425 3911
28 2443
3745 1480
3484 3264
915 720
2735 2052
375 2762
3446 4831
2328 2282
129 3838
1154 656
1844 3657
3684 608
2166 1443
1568 2320
2471 2265
2331 3862
2059 2924
3621 4583
296 2205
4301 4540
1884 553
724 4725
1153 1312
3446 4865
3927 1087
2541 3364
1576 3605
4567 3831
1056 3484
1891 3876
2495 171
708 2956
531 3104
2427 1884
1991 3347
380 1541
4074 1629
424 4731
3118 3138
29 4175
4020 331
4758 154
4590 4359
3808 3598
630 1222
4697 4371
2186 194
436 1723
3760 1141
2930 4688
401 3539
4805 813
1751 1783
4079 3963
3046 494
2582 573
4954 4658
402 4643
4778 4517
2384 1791
3996 3632
1688 3805
2852 4987
3906 647
3600 2862
4181 2380
4522 4344
4876 3205
1350 4417
2528 2127
3551 3931
802 3063
4683 693
2158 167
3755 1082
2507 3562
2312 2325
1382 231
1448 2454
3104 3747
1331 2667
2510 1031
1939 2293
3724 3937
4794 1190
2383 3596
2996 1414
1892 2515
175 621
185 1064
321 4581
3239 1629
448 2868
2819 4387
2637 1600
151 3789
386 2552
4326 3390
3465 3881
899 3764
2729 2868
4788 384
736 3531
3525 487
3764 3181
2314 1861
3797 3198
4983 1096
815 356
4744 4401
1817 2786
599 2167
1030 1864
2142 2015
3510 4922
2081 4161
1166 4745
3691 1324
3389 3996
3991 4733
1429 3058
3217 250
4091 3194
1690 4731
577 4522
4063 3424
2445 2325
3360 4612
2999 478
3582 2105
898 2395
1951 1589
3432 935
500 2376
2798 2507
4029 4715
3961 760
3693 4111
2592 3104
2465 35
3877 367
1674 4004
2797 4462
2270 3293
4733 4
4072 3993
786 897
2040 4524
50 916
1122 2455
2153 4677
3761 4311
1646 2756
3551 4852
4300 1296
1965 3296
2503 959
849 2807
928 4996
2124 1714
2269 4957
4554 1636
1609 4196
1483 4158
1642 2084
3045 3652
2641 3536
3790 1854
4675 2618
3323 1820
3140 2487
3835 1029
4545 1624
3960 306
806 3391
1663 651
2631 4980
136 2511
1616 3914
152 1214
4335 3185
4310 2060
1285 4584
807 1771
4903 2206
2559 2264
3252 1068
3306 4220
442 2166
369 1979
497 410
2387 592
689 3074
1981 348
1319 2837
3670 2746
4028 2092
2409 3405
4851 209
282 4239
4000 711
2058 3926
1008 1723
3230 3898
2209 1661
1160 3706
1350 2221
3777 2081
2381 196
2839 1604
1775 641
3663 4119
1377 1337
293 291
2099 4245
2275 948
2767 218
165 4103
547 439
185 3912
4971 4590
525 3712
1263 4149
2011 285
366 4810
2782 973
4297 2369
234 542
697 3798
771 3342
3456 458
2873 1588
4872 3984
3752 3558
3910 1338
2713 2715
2642 3679
174 4355
3900 1526
3596 1472
1470 127
4199 4150
4165 4953
3072 4998
2020 3022
932 4187
3581 225
2172 4730
3001 1088
4569 2005
4920 2953
1711 4409
3231 2745
733 3245
4109 4943
1665 2655
3105 1327
116 4076
1918 1042
4619 3647
1147 3988
1486 4750
3934 1628
562 3148
4128 2090
4459 256
4186 4976
457 2795
4278 840
4490 1896
2936 1538
232 2951
4099 2638
939 2091
3055 524
4999 721
4842 1366
493 209
2178 2033
483 3800
2446 3761
2107 544
669 3032
4706 174
1308 4614
3645 505
2662 656
4741 1739
4315 4567
1337 4324
3642 828
663 2033
3275 644
870 1875
4963 4982
2490 4825
1025 4153
2371 4987
1174 3091
2014 691
1800 948
828 2029
53 4245
1038 153
633 3625
765 69
2843 3977
2227 2124
944 623
319 4612
3788 3877
3163 2858
1912 4016
1248 518
891 3911
2177 384
4942 3307
1233 4194
1613 222
1004 4975
3941 1816
3452 3675
654 35
2676 1771
1072 1810
2860 1193
4861 491
905 4776
699 4941
4614 3206
3419 3991
4616 3489
2464 502
2002 2711
2234 275
4112 4272
1641 4907
1099 1255
764 3962
2188 313
2650 4687
1621 985
834 3009
423 2472
3417 2238
4127 3606
2226 389
4483 2194
481 172
2605 1443
864 4487
4558 2021
4752 3983
4005 1483
1524 3959
3347 2678
2915 1710
34 2330
4436 3924
3477 3498
1030 3242
4497 1335
1811 4638
2395 1914
3737 4873
3260 3715
2151 247
2976 1048
2906 2949
4836 202
656 546
1098 2957
1176 2844
2930 919
4192 1626
1912 2144
3452 1363
2213 1312
1947 2786
4164 1523
75 1767
9 275
788 2289
1772 567
3963 253
4946 2740
1317 2694
1935 1238
3579 2191
3973 2151
480 1693
789 2430
2862 2313
4551 3854
425 1918
1163 408
3099 3961
1421 3010
3528 1927
4591 1218
3877 3253
1870 4850
3219 4073
1260 2053
3105 4310
1743 2806
3656 2488
2746 4459
1751 2591
612 1771
3822 910
4610 1238
2820 2283
3423 1853
20 1919
2856 4678
1934 337
1470 1235
2105 238
74 3096
2507 3060
4237 1940
2632 180
2624 636
1046 3557
3542 3782
1421 2510
3160 3581
2096 3776
172 551
3898 1781
3744 97
1200 4160
1716 4199
2792 972
1223 4521
1387 4213
1781 4605
3192 3497
3533 3400
1017 3810
4067 4007
3325 2614
858 4560
853 4937
2268 1142
79 206
544 2929
3950 3622
2850 2618
176 4382
1270 1330
2879 4740
4163 246
3853 2707
2827 431
4168 1941
4945 102
2418 2328
3878 615
4001 1104
713 3020
3392 3719
4055 2535
460 1828
1572 78
3952 1983
4359 2151
2177 1721
2149 1876
4396 3707
348 3482
115 2089
539 1735
2517 4737
2602 1328
2290 2517
1661 3025
3912 645
3346 2384
751 2582
3107 4359
3746 4725
2623 1281
919 1138
74 3924
4474 118
4235 3307
4196 4016
2095 2475
4344 1167
2105 2198
3765 2325
1298 3360
4785 3022
1275 2531
3107 3171
724 318
4285 3498
687 2535
549 2838
608 2951
1790 2303
1166 1405
4394 1396
3570 4567
4541 1736
3412 3423
468 4964
2432 1387
4777 3630
4801 3172
2222 2021
3067 3918
604 1209
4084 1763
3753 3643
3733 4018
475 831
3934 2729
1982 306
1512 4797
4225 3042
2859 860
1526 570
3981 2498
2659 1875
4126 3204
3128 944
1193 185
3636 2174
334 3354
1513 1369
3404 2222
1053 2138
4647 2815
347 1688
4668 3549
2835 1206
1676 3511
2695 4594
1739 868
4373 4154
2714 4361
1462 1207
3613 4392
3364 1525
4657 684
2074 1967
3426 1351
4252 3021
4514 1406
3645 3025
4901 2189
717 3782
805 2698
411 2719
2475 4079
526 1378
1197 3933
3368 3967
4400 1789
3107 1270
3833 408
2061 4888
3382 1531
2752 931
2988 1604
1943 729
4706 1631
305 184
3783 2629
2623 2513
316 824
4755 2291
1178 772
201 3691
1146 2392
4888 3476
250 4860
2973 3030
2285 4468
3054 4986
3047 1769
4324 3508
1984 2376
4395 930
191 2805
629 3899
565 3405
1509 285
801 4347
974 4668
4938 2414
3929 584
3122 4096
4117 2647
3786 2820
1751 1749
3046 2228
2797 315
2686 881
1500 4841
4238 4762
309 635
275 4339
4532 4004
1554 3787
2785 3417
3689 3109
4243 905
969 1799
2420 1118
195 4838
1695 1483
579 1240
2928 2718
4385 1765
612 1752
2039 1100
2784 4344
289 29
3693 465
3776 4440
2655 2151
3063 3036
3841 2548
917 4274
585 1745
1756 4069
4565 1158
4900 559
1239 1071
1667 1496
2964 3594
994 2508
4564 4400
1135 3715
1452 1127
4672 3591
2889 4748
982 4086
3725 3550
2286 470
217 1141
3023 3160
1171 3419
3714 115
2768 231
1081 475
1920 3204
1794 3396
287 1675
930 2396
1984 1768
3409 550
3130 1742
2938 515
1817 1911
4429 2649
4275 2135
2843 453
3191 2800
4544 4799
600 1191
3832 3652
2691 1632
4814 4238
4181 4088
4716 2909
3891 1922
3337 1799
1469 2189
4588 4071
2879 3148
3007 890
2695 2787
4524 4421
1538 4112
1087 3825
1496 3363
3113 3705
3097 2279
1925 1937
3850 4239
3715 4913
1505 807
4027 2081
4182 2550
4134 15
4234 4432
316 2959
4690 4375
2515 3430
1008 1554
1820 3601
1140 1404
346 4803
2478 511
894 3708
2797 1228
2119 677
3570 1560
178 2697
2776 4624
3590 596
959 4236
4348 586
1756 3454
3165 1031
4106 1345
269 2907
2627 2518
2433 4196
2542 2117
4310 1160
4293 2688
2467 1817
4173 398
282 3056
1876 1674
2662 2009
2556 1662
1490 1998
4043 810
4516 3009
1583 4095
2198 4075
1234 1848
2017 692
2965 1001
4902 332
4117 4019
420 3840
2142 2689
1566 931
2015 25
1406 1716
4419 4198
3983 2485
149 1356
1072 3445
2327 2239
3861 883
4121 2756
2713 3931
1005 2467
3853 4285
3745 368
619 1390
4436 883
1045 3434
1467 4370
4462 1405
4527 2809
2879 2184
9 238
1302 772
4913 199
45 440
3683 3678
3994 1683
3215 198
2998 4714
2225 2746
4637 4029
2600 1842
3075 4571
1002 213
2636 1551
3457 717
2498 4217
584 1486
2803 3549
1085 4515
1448 2516
95 683
1598 3471
3493 3286
291 2530
1136 4267
1370 4813
2270 2061
731 4493
1532 408
2189 968
2463 174
331 1228
3108 359
3942 1655
4827 534
1639 3841
3316 2824
3544 3016
2089 4103
3174 2439
3670 3814
2760 939
1281 458
2133 3799
1626 1805
2814 211
635 791
370 535
1040 4449
2101 3602
2437 1884
1167 170
3488 32
3913 993
4600 2501
4101 4803
4057 1860
48 3385
985 2344
18 471
440 1726
1631 4501
4331 4341
64 2810
3090 3733
1893 1030
4381 3969
2341 3654
1633 3102
2724 1685
2754 4775
1662 2658
976 2219
3189 3846
4733 1973
4265 1819
3387 1566
2215 1115
2340 1607
4044 3316
4685 3610
1558 2982
501 2928
36 1282
1555 2183
1937 1948
4351 3515
653 655
2874 2954
3640 1049
3502 4311
2756 4967
1981 1981
3709 4747
324 3388
3909 965
348 773
1383 4426
3788 4
902 2205
1501 4093
1028 1052
1586 2832
172 566
3059 233
940 3808
4645 2717
1601 2012
5 613
539 233
4846 3203
2604 549
109 3557
3442 4396
1097 2270
2297 3651
490 2149
121 4126
2566 7
4981 3484
3352 3414
3730 141
1987 2489
1757 1411
4184 4739
4451 1687
3127 366
4143 2632
1802 1333
2395 3940
3125 3892
4307 2930
526 3495
476 3678
3091 4664
4059 1644
1552 652
6 2921
40 2643
1516 3976
2767 460
2027 1964
1109 3233
4272 3604
971 1026
3655 2793
1393 344
4621 4407
727 440
2252 926
3625 1767
3903 2641
478 4332
538 307
3919 803
1508 397
4984 193
2849 4578
2862 1970
4850 549
1834 1609
1436 779
2161 4121
1153 1318
3750 3590
4260 3055
3571 2282
4450 1408
4626 2511
2339 4664
3896 1702
481 872
263 909
2964 1221
1641 495
4962 1113
2782 2733
258 911
2277 1717
4352 3038
2413 112
4984 2509
1342 3340
2311 3576
560 3926
2742 1631
1734 2057
622 1778
837 2395
1970 144
637 4558
4076 1979
2595 4319
1759 4222
2668 2249
281 2022
3034 4512
1253 413
2413 3378
4409 868
1340 3513
3205 179
4900 1666
1695 2780
3155 142
2286 526
3935 3345
2892 1985
4398 1688
198 4923
4053 2638
1296 2052
1324 1968
2532 197
4752 3327
3058 1716
4455 1871
1521 1219
2883 1927
2758 2885
2883 2221
4793 1564
374 4614
2322 4828
3198 1018
3726 4149
2301 1674
2769 3574
3432 4002
1329 1867
1546 335
235 3869
3474 3670
1709 1651
3074 3654
924 4683
2657 2255
56 770
3357 2176
4724 2535
2006 4259
618 2807
3104 2556
3223 4417
806 3354
4132 1950
4994 67
3296 3035
3084 1365
1618 4878
2902 3164
3346 2981
4462 4257
2413 2437
1279 3991
1380 4538
502 638
3150 2324
4988 919
214 3834
1849 1545
1937 696
4536 1290
1673 3517
1322 4956
898 1743
3342 4156
3315 2354
3598 935
4654 1970
3246 3034
594 3601
4785 2969
1496 3375
2879 272
1216 1438
4559 1337
4679 559
801 3412
4032 183
1498 3019
4852 4744
4921 1558
2858 4279
2667 4964
2797 2483
1068 2235
954 4119
1562 4143
1412 4873
4104 1450
4205 1990
1974 2054
1593 4450
1862 896
16 2914
4438 1508
134 1949
3843 2446
43 3337
1524 3111
2297 82
712 4421
3823 4092
1078 1164
4175 4091
426 920
4416 1018
3636 3173
638 2287
218 3511
1703 4127
3238 4704
4615 457
4566 2774
3277 3518
838 598
216 3825
411 334
2708 1049
4509 4509
3674 857
2858 1928
1196 2199
4275 2539
1965 1223
1090 1930
4012 4727
4758 1292
4530 1118
78 3191
3331 682
1822 3787
1710 3305
1894 3318
4561 3374
4134 31
3576 668
3986 476
1325 2678
4225 2790
214 4446
3710 745
96 3764
2320 915
4848 436
4478 42
4936 4310
4295 391
2459 1818
4704 2749
1778 1707
574 779
4398 1736
2718 4703
2435 843
3999 1886
2262 931
1194 4207
4793 4868
2686 3107
3429 3004
688 3948
4684 4161
1146 3430
4670 3540
1886 2372
935 3763
3374 2544
2408 926
1739 3432
3146 1291
1682 3314
999 3878
2991 4805
3477 3611
3961 3407
2993 2913
711 4555
440 2158
3000 4242
3243 456
595 2103
4562 2643
1499 865
3653 2063
95 4289
3119 1364
1363 4337
2203 2365
2994 1038
4255 4413
1138 4324
1370 934
4165 1276
1210 598
1673 759
2309 2937
3565 2950
101 1680
4115 2688
4088 90
1505 3705
1703 3675
223 345
2306 1401
4880 1602
2131 229
1768 1143
2279 636
2819 4078
2401 1366
2311 2671
4727 3648
4243 1359
3820 429
1332 4446
3659 3432
2203 4020
749 2368
4519 542
3503 1088
3219 4568
653 3995
4073 4901
3929 2295
2439 303
1531 1631
3129 548
1227 3409
3854 3661
3448 4131
3172 1362
3983 2683
1318 2244
610 4157
4622 4198
1114 2561
1385 3814
1393 2398
2724 3078
2747 1723
4207 303
395 4056
3349 2771
2300 2502
860 2359
168 807
2604 1150
4272 1209
4947 2380
4092 2389
4361 1095
4601 2138
4245 1731
3603 3911
2569 2348
1589 1120
2844 3186
2293 4749
2993 2490
408 1408
4764 3341
3099 608
3819 561
4467 3280
3148 3399
3893 3357
1142 4037
1622 498
1102 2925
2638 1813
1944 2070
4446 1048
1516 2339
4598 2021
938 4273
3940 4200
1945 464
1178 3986
723 2447
4879 868
3200 3227
2375 424
1203 4998
619 3755
538 3021
1398 1030
4523 103
2908 1632
1700 1472
2057 535
3746 3310
1172 4752
2425 3772
3902 3289
2113 3627
160 2570
2320 598
2994 2329
739 3198
2085 983
1516 3191
840 3529
368 3186
4945 1769
3267 2647
1228 4160
1399 795
1248 777
470 2439
2469 2926
3985 995
560 4917
2203 464
457 2963
2094 2444
1351 4532
251 564
3383 4936
2788 3135
3195 2907
4852 318
3985 4777
632 691
1173 4462
1640 1639
2098 97
3884 2043
2675 1017
4345 2971
1753 3612
3846 3726
3106 146
3477 4737
4655 1958
3945 432
994 3422
4237 1349
4717 3600
3816 3603
3289 4418
2821 4124
4019 4895
1391 3590
804 3536
797 2143
3805 4133
2969 2314
4070 1044
3766 2491
1640 3102
4396 2509
3091 3060
1497 4891
695 3932
4234 521
1671 3015
4921 4960
203 4162
3308 3060
1350 2869
1044 149
2627 2913
635 2968
544 2766
1824 4322
4124 720
2880 4349
1408 608
4707 2785
265 1437
2919 526
1907 2923
1378 4202
2616 2275
1161 2450
2829 4167
2207 2299
1783 2096
4184 4486
3718 3206
4838 2580
1863 1693
679 1041
2602 4815
1379 1336
4142 4627
3459 1953
3131 4990
572 4085
4381 4269
1958 1157
115 1813
1080 1218
1062 2773
1940 1364
43 358
2228 1916
4445 3099
675 4201
4103 2233
2412 1554
910 4225
3202 2970
3828 986
1763 4671
1088 2740
591 77
3278 4234
39 2886
3107 2443
1426 2012
447 3157
4413 1232
4953 1145
4048 4545
2569 2886
3387 4303
2195 1118
11 865
3743 3326
1335 4324
4916 4583
4147 3848
1598 2303
1313 1869
3707 21
4499 1464
4805 2761
3408 2238
2684 3750
4744 3129
4877 571
2407 3505
1652 1422
3681 2
4338 3317
3830 2856
4618 2743
2099 3282
1517 4982
2594 1986
175 3488
4361 1032
1179 3623
3289 4752
1163 890
4757 364
1658 3758
3228 4491
3161 2895
4782 3368
4952 3767
1918 4321
1220 2103
2243 948
1511 3546
1793 1132
3336 1206
4064 3505
4443 133
1826 151
2663 4084
2787 1358
4307 4170
895 245
3160 4144
298 2594
888 4876
1233 677
4130 3840
17 350
1181 3157
450 4295
3058 3024
158 4337
2506 1774
2215 507
211 4797
3497 4265
1300 2042
2838 3593
2980 1076
1689 2149
3629 4124
2694 2228
4063 118
1566 1068
3450 3605
490 2029
4284 3248
633 1568
180 1882
1552 3917
2432 1028
2030 3222
756 1662
2080 2930
1064 3244
564 48
3686 486
4702 4053
2226 2232
1006 2011
2038 3936
2218 1457
498 3700
4571 3630
3887 3260
1918 102
4435 412
1587 797
329 4786
486 4959
4225 1512
1732 26
2858 2106
3910 3684
2137 648
813 2672
3971 638
1182 1395
4613 3568
4353 4162
1805 405
812 3696
1562 3256
2738 866
2466 3499
4813 3526
4551 4340
2099 2824
1590 1404
546 3794
1053 3949
440 4531
581 816
3111 2133
4380 175
4863 1972
1937 3579
4623 1707
863 466
3449 3246
286 2604
284 4396
4298 4930
272 1727
1727 1161
4123 1892
1601 2397
4438 1970
3808 3818
3283 4235
2347 4056
3303 3281
4006 3908
570 4657
1453 3074
3705 3215
1479 4003
3430 2514
1389 3908
2501 3915
2134 3608
1330 1188
3010 4560
4780 1457
4500 4118
2977 552
1305 1551
2655 4200
1447 2220
1077 923
4541 1694
2106 1156
3688 1700
2476 3877
3903 2429
1624 1411
576 2689
2766 132
2639 1308
1692 4868
4467 2023
3872 3512
4165 4667
2957 99
1897 1742
2384 547
4469 1690
247 1139
403 3536
3423 4764
268 2536
2471 3714
1930 4519
1622 4558
1472 1349
4995 2724
2383 1910
3993 2176
2772 2415
4605 3234
2118 3971
3650 1285
1237 3230
2658 2952
3998 1333
284 4290
3529 53
4672 3458
2664 344
2041 2912
3851 4262
1037 2981
2749 767
4942 2587
133 2673
1545 2077
4111 467
4374 4396
3861 1906
813 3031
3531 1026
1672 1688
3384 4466
3949 760
3688 3275
1471 2497
3409 1375
1788 2275
2277 2783
2279 494
3374 4530
4233 218
4583 2905
799 4779
874 1108
1204 3425
314 1592
434 2489
1390 1841
2754 3621
2825 4714
1507 1463
1169 3524
4654 3009
4840 2457
4044 3237
4280 4442
3108 1411
2957 2529
2616 3939
1011 4730
3052 2698
1540 3735
1207 2559
665 269
2085 1968
3001 4915
410 3369
264 3056
2032 3205
135 956
1193 242
4197 4287
259 3946
4113 3478
2148 1156
4028 195
1810 1828
4414 2549
865 4623
3991 3819
1053 886
1870 4241
1655 3465
1401 824
2317 2068
3944 3040
4984 3304
2927 862
4625 531
1353 708
4831 3922
4469 4992
1182 1464
313 4589
4005 2935
3303 1854
2002 2920
3760 3684
1737 4558
1446 3940
4872 2499
1234 4646
1528 3375
4010 4330
582 791
4370 998
4997 3610
1629 1917
1427 1898
1402 1293
3904 984
4441 2153
773 2156
3983 444
2611 5
1544 171
3991 2861
669 3289
4594 2852
4005 4416
4908 3182
4031 3678
2413 1534
4006 1342
4520 415
3833 415
2659 3902
2463 3537
696 3655
1441 2624
4282 798
1910 4800
1905 2079
51 4616
3345 664
1159 477
4982 283
4588 1552
4 3799
1707 3583
1801 3911
3921 1306
1413 3608
4879 4137
834 3162
1927 4184
3713 2981
4597 4725
3367 1956
1943 935
563 2775
1857 4221
1329 918
2422 3971
3142 4973
1693 1524
4621 2180
2862 1492
825 3870
3691 463
1643 2954
4000 969
4604 1842
4455 1664
1544 3911
2082 903
2265 30
1679 2482
2054 723
4062 1907
648 2036
3970 2495
2358 932
2617 4856
715 4547
2303 3139
4668 1136
412 2568
4466 3262
3223 2888
4178 4965
272 3653
4216 2545
312 4873
1893 2144
2065 1534
4649 2245
3633 2285
906 2610
1337 4279
1634 4850
3918 3207
1148 4792
4439 2136
2403 1594
1238 1179
2890 765
4594 2111
4611 1336
4143 1331
1084 169
30 2251
1212 1156
787 1042
803 2186
4191 1005
585 4958
3672 2778
1857 1008
3610 2283
4373 1582
670 4926
4600 2665
2645 3885
2760 1480
654 80
1261 4054
4858 3099
2043 3281
4661 927
3118 3427
4005 3288
1719 3490
1622 4735
2190 2576
4145 4024
908 2771
3609 2669
79 1750
883 429
3001 3913
3500 3337
3679 4498
2603 1613
524 776
1424 3710
4548 388
2827 705
4955 2167
3217 863
4830 846
4020 1523
948 36
57 1755
3302 1403
3914 2450
2548 3377
449 332
1791 2017
131 3978
675 3456
3529 2115
407 3607
3410 3573
826 2271
1516 3863
146 2992
1289 4620
3835 3680
483 4738
2532 1982
3893 3712
4164 3221
3813 4999
3112 1561
4839 3784
1906 3977
3274 1378
2438 559
4455 4676
3770 4030
4031 4323
4834 4170
1381 3107
861 1782
2771 4044
2904 3892
256 1200
1190 4260
1053 411
4274 4503
1392 2756
1863 4218
1000 1140
1535 4508
1535 4791
3022 20
1742 3836
1434 3707
2125 2206
3341 677
4528 2390
48 4584
4055 1457
4022 4028
2137 2338
185 3308
1055 839
1401 2962
1931 992
2547 2422
3113 3370
581 3391
4632 2885
1370 1718
3613 4010
2150 3804
4721 3018
3085 1470
1014 1007
2007 3105
1196 2938
3045 2129
384 4904
196 1808
1278 2629
3529 3143
4952 4096
3929 1246
3180 2365
454 1746
2437 1724
4473 3487
1159 3730
3071 3119
1438 1315
379 4182
4683 2433
2083 3505
204 19
1248 2818
214 2850
1606 4014
3659 1971
102 630
1865 1352
490 4622
25 2812
875 1875
1823 2944
2981 4251
784 1012
653 1160
438 314
1726 3228
3957 3427
1505 3631
4606 2056
2515 708
4894 2077
2739 679
3410 196
2054 4218
2446 2699
4845 1841
140 2667
653 4782
3947 2344
1527 717
1411 1057
4051 214
4548 3938
138 261
3793 2234
3024 3366
2445 4164
2864 3900
911 1301
2645 4124
1504 177
930 2653
545 4515
4984 2046
339 3147
1379 406
702 4532
3148 4409
3294 4903
599 1770
1458 3984
4432 903
4046 439
4550 3068
3054 2842
4861 3307
2224 1563
3286 3645
4192 4574
3899 2357
30 549
3795 3196
758 3431
1876 505
4325 2193
3448 233
225 2693
2580 474
2273 4754
2990 4219
4051 4631
3216 1818
719 484
333 83
2538 2022
4862 898
3723 4303
3590 782
426 641
3372 187
102 142
1961 55
4838 578
3315 2915
626 2940
3390 3454
4140 373
2743 2328
4954 950
3533 317
4891 3509
2155 4353
1687 823
3570 4690
2553 4788
3207 63
1851 4514
2328 657
2865 921
234 316
1320 1526
4750 4039
1198 1676
4056 4126
3948 3910
1736 2166
1981 2016
391 4972
1601 557
3837 2577
2779 2723
3569 3227
2636 4493
1045 4799
2809 4210
4636 1969
4484 879
4284 1446
965 1581
3283 3693
3467 633
214 3475
3534 1055
1270 1630
4605 4110
4383 2631
396 4185
3328 2534
4931 2509
3341 836
333 4930
3340 1895
4230 758
1578 4070
1257 306
3073 3390
2921 4044
4507 1796
1324 3901
4992 4732
333 3472
3370 4043
458 4335
2823 3968
124 471
3040 2681
4356 4857
1463 1345
2034 2010
2023 2881
1610 2115
1698 4751
4489 3398
3189 4349
3761 931
1168 1595
4055 3580
877 2497
3558 4832
1636 396
2214 3135
4215 3197
4883 3576
2688 3924
466 1348
3103 1001
3455 931
1816 4054
3689 4033
1827 1813
3770 4659
442 533
4266 226
3647 4603
4078 792
845 668
374 959
419 104
3769 3644
3625 1958
2209 1789
4756 3152
4690 4308
4179 4341
4743 4546
2785 406
2881 2754
687 3076
3549 2678
2677 2128
2575 3084
2993 446
2021 3191
3608 2747
293 4534
4880 4826
1885 3932
3243 1293
1522 1639
3988 3278
3897 2214
3492 730
1742 1769
587 2355
4547 4767
712 1185
3660 2728
1838 1495
1724 485
2278 2561
1590 2692
4214 1177
3159 3125
4460 719
3418 2675
66 3774
496 1594
988 4230
2836 2291
2762 1245
4560 3734
4474 2896
1385 1249
4361 2466
1386 1329
4532 1403
3843 4987
1425 3402
2033 2864
1702 2313
344 879
394 2389
4866 4965
2463 3464
332 1461
560 2823
1565 388
4335 2511
2860 3146
2215 3855
2252 3611
3301 1126
4611 818
1698 16
1875 1090
657 782
4082 2096
3293 2777
1293 4721
2562 1383
286 53
1083 3219
35 637
2900 3052
4139 3038
1837 23
268 404
1103 1897
4159 2562
3731 2332
410 3984
320 3426
3189 2303
1412 1283
1801 2285
2162 141
3771 368
2166 3042
768 1480
1094 2601
1220 4412
4744 4424
3909 1663
3409 1034
611 1874
2541 4694
3053 2885
4986 4668
2169 1405
2419 4589
2401 4319
1175 316
462 2937
4806 3234
891 2535
3344 1494
1634 4603
2607 3308
2782 4049
2580 4366
1823 4302
1858 3521
2908 4207
378 2625
1143 3005
1415 1258
3955 1258
2226 3533
2042 2648
2259 4828
4714 2908
1930 1410
261 3045
1561 2166
1565 4412
1173 3551
4714 1931
3696 3522
1765 1896
2052 4084
4562 1061
1502 1585
4381 1317
4482 2066
292 804
2783 1477
4624 1239
148 506
3639 4855
2910 3284
1270 3035
4823 1730
274 1551
2709 2682
1895 1925
1972 160
3917 2103
1852 4951
2035 3879
4426 1468
1998 2773
4461 1458
4856 3721
715 260
104 3418
2291 1860
822 436
2897 1979
1593 38
3616 1692
4709 1842
1567 3859
919 1662
4813 4399
364 4415
1724 4395
2504 4047
4030 3038
4059 3394
1043 344
2817 3447
2624 3923
1582 2717
2603 3948
3828 1529
4787 4334
3159 2560
3157 3862
888 4180
2417 414
3461 4196
390 1345
2463 3694
2227 2416
967 2814
2916 2324
1557 3629
2572 994
4589 4618
263 1967
1512 3985
2238 287
4779 4482
970 4285
1130 4184
2920 2733
3780 1092
2540 1714
4858 385
1083 4652
426 752
3147 2952
1347 70
2122 3588
3064 1234
2535 4336
546 2335
4085 430
3737 34
3893 3546
2427 2207
2663 3030
2924 298
231 3271
3744 74
1357 238
1972 1644
2214 4050
1156 2215
191 4192
887 4408
2142 1507
3939 4333
4678 2486
4065 2628
1515 1890
567 4155
620 2482
851 1950
1210 4010
1001 4491
1360 1082
4118 494
1063 2738
1169 3684
4145 3782
1344 712
3841 4873
2447 4985
3273 2018
338 1094
4271 463
1449 4030
662 2819
583 2039
425 2728
3646 978
1284 1505
1871 1568
97 4867
835 1656
4523 4904
2014 4369
232 4954
409 2448
2550 1211
1975 4221
276 4974
293 4355
2884 3707
526 4336
4774 4483
1912 2001
2134 2447
758 4568
2704 784
1381 1747
4030 1328
2596 3695
965 116
2238 1433
2412 1330
3673 1457
37 4251
4941 2754
450 4674
645 3930
4066 4267
4484 942
2968 2833
231 2428
2248 3749
2537 1937
584 2345
1487 1808
3796 4996
2616 4781
4239 4013
1968 539
3261 4224
888 3686
3911 3398
1628 1955
4666 4938
1047 3404
1109 4721
1036 567
1630 2288
1222 4970
4597 62
955 4667
3549 3444
2377 2096
1970 4570
2006 3743
3078 3780
4620 3837
4291 366
2135 2255
989 1104
3483 2656
279 2071
3455 4817
2350 1495
156 4679
1080 1679
3583 4310
2707 2168
2727 371
4985 2158
2547 4808
4082 2839
2757 2159
3814 4721
2960 4128
1901 408
2629 2232
2456 3855
3393 116
4487 3807
1897 654
1571 329
1351 501
4828 1690
1629 3093
4780 2157
1047 2779
1768 2271
704 3944
1682 1066
2388 3250
4819 3425
79 4971
3286 4540
4442 1172
3876 231
1495 439
2384 971
4439 2694
4690 4537
620 3794
1642 257
1211 2952
1051 1112
111 3911
2694 1032
3231 2924
2910 2325
3589 3983
3528 1460
3050 4980
4163 3689
1114 3179
1845 4031
2886 2122
1370 1266
3486 1151
2618 298
3167 829
3106 1187
4364 3648
2020 3583
1028 666
1862 1448
3893 3461
4427 2875
2981 328
1974 3786
3283 1772
2255 4822
3354 3687
465 667
379 2475
986 2605
2981 306
1466 3629
1723 2894
3195 2002
2215 1436
2411 4814
1863 738
4643 4167
3861 3018
23 1707
4314 3561
670 1549
2908 4939
2914 1510
3038 861
392 3144
2425 4614
3841 3577
4408 4203
835 242
1914 2257
2976 4702
267 1452
1961 857
685 3870
1132 493
1305 4418
2238 3179
3958 3127
2924 3702
4200 4828
1417 2982
1085 1862
165 2836
3983 4575
1175 4551
4633 4075
218 3079
1882 4190
1106 1324
4897 1040
3512 3502
4764 1702
3118 2858
3105 191
2960 2512
1055 265
515 436
1293 1548
1628 1480
501 4609
1070 4383
4666 3759
4726 686
123 3060
4997 4921
2566 4094
1292 1947
971 108
449 4995
485 272
2665 1302
2755 4849
1915 2225
2339 4592
3067 962
3332 2910
237 1728
250 2529
4116 4441
1195 3869
1395 4764
2656 1434
4820 2615
831 663
4356 795
942 557
4698 236
1237 2347
503 31
2429 1361
1155 2484
1232 43
91 4476
2224 4504
4580 3987
4821 1939
3189 23
3398 1517
3820 3567
1638 1541
4558 2357
2874 262
660 2095
2193 3269
868 4102
44 314
1348 225
833 1903
3963 1324
1244 263
3442 1932
533 1895
1997 2002
4117 4796
4416 250
2321 2165
1615 963
71 1507
3977 31
4114 181
3254 1700
155 3598
2162 4730
251 1921
392 458
2460 4674
809 548
382 4696
553 3486
1129 1256
1105 4957
2627 4484
2330 4876
4273 1828
4922 357
953 1203
4201 4370
3518 3967
3524 3022
4296 2535
1909 3805
3067 3974
4169 2996
2318 1498
4570 2589
4639 3171
3884 4022
2201 4857
1376 1385
539 3121
2716 1748
4495 2742
2658 1866
4366 494
4916 1389
159 1715
3169 1957
3638 586
1365 2613
2845 1786
2778 2966
4069 3524
2710 3261
4848 667
973 2475
4075 3397
4716 4345
1289 885
4547 3207
250 4471
1927 3204
1467 3286
2282 668
330 2754
3384 2368
3036 4121
4216 3076
3350 1276
2126 2414
1394 1871
2777 4891
3676 2031
2643 59
284 3343
4914 4775
4852 4842
282 2301
4190 4205
3592 4794
1016 2424
1340 4973
3671 1309
4027 2992
1832 3124
4043 4519
82 3065
3094 11
892 2077
1330 4984
4062 129
853 2098
4602 4512
2774 2126
1236 3952
22 3756
3321 2148
1161 1014
1044 3947
2337 3213
31 4688
4630 1830
2889 4616
654 105
2259 4820
2123 3887
3439 3519
1430 3346
2909 3629
947 3522
4416 1799
3296 1227
1743 1382
484 4733
3992 4006
1045 2881
3347 543
4301 2595
3794 4633
3403 4875
3673 3019
884 3367
3991 1341
826 2424
4928 4266
40 4411
1070 3982
708 3010
599 2029
627 3897
2854 717
243 2949
1259 447
4935 233
1250 3821
2722 67
4942 2906
4400 591
2118 4771
2140 401
2186 871
2200 2904
839 2958
4112 4675
3812 2853
855 4565
412 4406
3597 579
243 2502
756 556
944 2211
4663 4780
3333 2996
2021 3105
1829 4788
1089 1969
1546 4255
3695 2657
3035 1709
1946 1274
1375 4935
4921 1058
3787 3835
4107 4039
3810 589
2016 1290
2003 171
4152 2830
4320 4283
4600 2253
3486 2031
1696 620
1354 2395
1327 2074
1339 4145
3402 1706
394 3752
2827 1826
1727 3829
2609 221
2438 3408
713 541
2982 200
2267 2447
1378 3365
2492 3094
4099 4833
3728 4641
1059 4122
2653 2828
998 1269
767 4885
1250 4058
3207 2922
2297 3838
3228 4789
701 3244
2208 3688
3228 4249
2094 1722
2167 608
1611 3870
2757 1241
4557 807
600 1996
4319 4321
4813 2139
817 4801
1867 168
2823 4860
2607 89
1414 516
4703 2946
3758 711
1545 4592
2818 762
3513 3767
212 3078
4295 134
90 600
4134 435
2415 2627
3077 2583
4022 1100
3246 1453
1511 3288
4400 37
1822 3171
4943 1784
3492 4493
1820 4304
2548 806
3310 1456
2194 966
546 4224
886 238
2757 1435
21 3494
1623 203
959 680
1343 1112
2699 326
3589 1367
224 336
904 4880
1739 2226
291 4589
1560 1803
2637 2921
2388 1337
4350 3363
4757 1434
2589 1386
3008 3398
1631 4275
4645 2256
3483 826
4925 1214
3574 551
177 3101
3802 1894
2247 2133
2201 1873
3101 2397
4178 4543
3827 638
3149 3571
2623 3322
2090 4743
3956 3945
2986 1467
43 4503
4940 3044
4312 2061
1776 772
2435 425
90 2791
3358 3758
2350 1975
4005 955
1299 4242
3710 1232
1 4633
4549 3144
4827 2197
69 2856
3125 3430
632 2470
4770 3762
4328 4160
2817 3587
1640 997
145 4743
757 4045
2812 3937
680 139
4193 2025
1988 3013
3451 4131
4039 4490
3478 3177
2299 4611
630 1606
4240 1818
1258 1761
2587 3954
188 100
3197 193
1716 3289
4474 3819
3729 1587
4247 3386
3581 628
2090 3662
3267 1579
3916 1775
1130 3017
1787 27
3749 3324
2033 3592
3958 3845
4792 350
3351 3537
1369 3202
3212 2526
2254 3958
3147 3823
386 3338
3521 3017
1202 216
772 3295
2730 226
4687 4380
918 1505
2046 2756
4703 4041
4918 1458
985 2623
811 613
2977 592
2107 4853
2634 1921
1689 2203
2967 684
3823 858
4824 430
771 4960
1176 714
984 4969
810 705
186 2741
578 921
4715 4890
4594 756
141 3023
4474 1164
4697 4518
1882 4213
1040 3408
4927 1421
430 3691
902 1983
3011 456
470 2796
4613 3990
3068 3940
1876 2081
4982 4289
3482 1997
4738 1937
1410 464
3405 2632
4020 2694
3618 2940
989 3711
494 26
1188 260
4528 744
1177 4063
4619 396
3425 4018
2586 2268
437 2614
566 4607
1955 763
4119 2542
2310 4595
2103 3213
1759 2808
3181 4473
4538 3202
155 1861
3202 4883
3231 2033
1815 3347
2932 1715
2064 3530
147 3334
1698 141
919 2052
17 2579
1648 3720
3870 2551
27 2395
3616 1891
4018 1150
3657 3660
2518 2656
615 2137
4474 4710
2538 4079
1657 4737
1767 3830
3931 4262
4992 2858
1257 4995
2791 3886
4210 1919
408 1890
2178 3745
4871 1359
56 3132
3844 2501
3827 3879
3738 2841
4010 4411
1821 503
784 3901
1409 820
274 2604
1046 1590
1054 1481
3990 2765
2697 3293
1372 2148
2806 1398
2359 1890
516 4044
4523 270
769 1096
2083 643
399 2717
2697 4107
2243 93
4141 4311
728 3245
1590 4572
2421 2771
830 1829
1123 289
2979 193
4927 156
889 1597
4254 933
950 4232
3994 1065
931 3362
1486 75
3307 4935
4411 3402
982 1092
1442 3006
1939 1646
3902 4806
1717 4837
3701 4289
3031 331
3916 4149
4008 203
500 3258
3225 4367
4147 4818
4092 2860
2591 1423
756 3497
2095 1559
2069 3828
4367 2863
182 3597
453 911
1955 4587
2020 3539
741 1608
1108 3039
2728 3135
371 434
2543 2504
649 823
4857 3494
2713 4630
2081 1702
2334 2787
204 153
1097 1569
4653 1183
1932 841
1397 3478
1821 2675
2604 1613
2649 3849
4511 4099
882 3689
1448 2755
3984 1312
1512 3668
1027 4588
4818 1685
1711 2914
255 4317
2376 1953
4512 2743
2085 3802
2535 4876
4873 4250
2257 1627
1094 2352
2541 4324
4710 39
842 4866
3761 23
2239 197
1552 4933
1012 4770
377 1386
1570 2487
4666 1100
1657 3874
2917 3802
4926 4208
2084 2222
3694 500
1480 3008
419 2585
3893 3081
3469 1377
1577 1646
1117 1520
2333 251
4877 364
389 1104
3066 157
2059 402
3213 1339
1725 2106
673 2694
1812 2870
2083 1685
3854 686
4701 931
3015 3563
336 4794
3450 2422
3577 2272
562 264
984 2421
2760 4618
782 907
1688 2020
2854 1803
973 4937
2452 3743
3103 231
3066 2547
4941 4915
2922 2641
1867 2509
2123 3615
3939 2379
1353 1492
1377 489
4346 1429
3902 958
2991 4392
466 4899
3200 1706
4733 1915
3587 1396
245 3497
389 2053
2766 1464
3326 71
1159 4580
3901 1976
2098 1014
3383 1320
2637 3087
1984 778
4308 686
166 933
1967 3669
320 2449
2598 1624
1064 3748
3362 3898
2009 1898
2625 65
2681 450
4837 2504
3694 4157
3092 615
3641 3785
2473 3329
727 4627
3360 3315
2947 4650
4411 2890
3986 4169
789 2409
1193 4386
4532 703
1504 1950
1990 647
3593 1323
3584 2516
1549 1801
4453 690
2621 4755
3595 1801
2809 3402
2406 4453
3743 3973
4164 3793
1263 4086
4540 672
4902 3493
4965 4234
3438 2075
3617 4349
3892 2891
725 624
885 3542
1939 3560
301 2773
3355 309
3396 2500
1364 812
3009 817
317 2958
946 3874
3388 945
2318 661
3535 946
3025 41
1373 4869
2032 3350
1623 3985
1380 770
2891 2170
565 2138
358 639
1803 1382
2572 624
4439 4338
1537 4088
4736 2937
2595 2661
4038 1917
2625 1542
275 4974
4221 2706
3574 3526
786 4884
3163 3431
524 4225
3039 4412
2893 1064
383 2656
4632 4997
2368 787
4285 1990
2485 4162
4838 2477
2802 2062
1762 215
4310 2501
3665 521
4102 4698
4934 1603
2185 2542
4444 1610
1431 38
4527 1984
4047 4900
734 1166
2194 2913
430 1427
2546 4213
2478 3001
1799 1469
782 3225
4468 2786
391 1627
4772 4396
1914 1459
985 4409
3444 2959
1276 4014
1724 339
3572 1965
4877 812
4015 3742
3403 1570
2649 110
2251 2302
3072 3451
4473 1234
4157 1245
3938 3865
2348 1592
3813 633
3858 1095
3336 2005
609 3383
4981 2202
3701 2802
3406 3068
1037 2301
3099 2363
3092 3396
3077 4648
985 1013
812 2516
4274 3677
3776 3134
1834 1226
206 3973
2037 762
3391 1512
2205 2020
4614 2592
1629 2256
2649 1193
625 1799
700 2538
1452 1756
3766 216
623 3228
392 2215
1702 946
3374 4451
2335 2571
4187 776
2444 3025
1041 1391
464 2441
4250 3434
3443 2832
3843 1759
3391 1854
1631 1497
3890 3164
505 3906
3361 1031
2242 1641
4647 1829
4788 3985
4561 3483
3202 860
4183 3980
1479 4782
2908 4173
3256 3907
1390 281
4991 4504
801 701
4702 968
3316 4757
560 2354
2776 4879
801 676
2048 939
972 3769
4839 1263
4052 3790
4683 2568
3553 3909
695 4694
3699 4481
762 4349
618 655
248 3206
2104 2363
2831 232
2326 2685
4124 4373
3741 4092
3888 4421
3092 3142
2745 3019
1274 4113
400 4774
848 2757
1295 2502
3679 4470
538 2725
730 1397
2988 1708
1143 783
1378 2314
3970 4022
3695 328
905 4155
2731 604
3056 4721
2153 1871
2424 2319
239 2216
3887 2554
1115 4069
4210 1297
281 4309
3787 437
2997 3656
3096 29
2748 1357
2744 3411
1569 4711
2896 1413
4556 2446
2267 2194
4045 3582
3187 2388
2470 480
3127 94
349 3153
946 3688
3265 364
4234 2729
1291 2762
2993 3370
1558 583
4105 1480
2431 2835
4593 431
1181 689
2893 4356
2442 1438
4509 4378
3975 2529
4509 3378
377 1858
4716 3609
4313 71
3005 469
1839 1996
1960 132
1862 3627
3200 3715
999 2089
2250 1736
4181 160
2479 3977
2616 1655
696 2145
1368 4205
3826 4588
2298 3998
422 4519
4400 4440
1694 4677
1149 1866
4246 2708
326 3825
4921 1079
3769 3203
3849 215
2540 661
277 1623
4242 3695
550 2772
1236 3953
500 1959
3069 2246
295 1552
4194 4703
597 2633
4588 1580
3258 214
2450 263
2974 1802
2677 4369
2546 3986
4655 2410
2754 812
4076 3035
2345 1219
628 2516
4398 2230
2588 1298
66 128
2836 3369
3915 2815
3083 2808
89 1871
3886 1727
895 1965
1325 158
1792 1796
4155 1943
4020 1068
1498 360
64 3191
743 1736
4572 2790
4133 693
2018 1159
2746 1312
208 1592
637 2706
4012 826
1435 3743
2759 482
4573 1797
4632 3760
3073 2667
3889 766
689 2823
3071 3971
2692 1765
308 1218
934 4024
3028 773
1724 4789
2413 865
2999 4939
3373 2243
1005 4922
4223 1051
1230 4730
1551 2594
3646 4661
3395 2402
3107 131
4807 4346
4535 4259
1063 2650
507 2778
1446 354
1109 16
3032 2568
3692 1888
4079 4437
907 2205
3990 4351
2188 3752
658 4453
4589 3765
1541 3928
106 1824
747 840
3075 3981
3599 2754
955 2216
2763 4279
2090 777
3206 1085
670 1815
2565 1553
4074 1908
1630 4660
2871 3002
2523 1273
4212 4799
3563 2732
3579 3098
2273 1394
3107 1849
1513 2185
1708 573
2967 4080
2050 218
2213 693
1097 2085
1985 1637
2962 2437
1352 3569
90 1373
1185 3823
4530 567
1173 2303
3925 2384
4979 3081
814 4539
3526 1034
3944 1835
1179 2227
541 3647
2339 4085
1693 4245
4093 1613
1651 133
2733 4763
506 3173
739 4963
2610 2705
2878 4237
841 703
4645 2585
3245 2377
1892 3349
1106 700
2660 2511
3186 958
1159 4848
2640 4044
4056 4724
4462 1398
4406 2943
2487 344
1918 1626
1917 4338
664 842
4356 4401
317 1539
2474 3315
1702 2039
1245 4951
3077 4585
2423 2427
3541 2006
1248 2000
3306 2318
1534 1387
2274 2120
2506 1539
3456 4834
3242 4413
76 2742
1364 1193
285 2734
3535 162
494 1861
1678 2263
4054 2008
780 2868
2895 4681
3334 15
3871 2421
4155 2770
2353 2090
1422 4995
3657 1053
4000 1171
1173 3841
2075 1363
4562 2094
2177 782
768 647
4309 4267
2563 1580
4279 3308
3768 4933
3429 839
3240 1845
3718 1498
2662 2879
2918 139
2541 3376
1938 1867
4647 3430
1398 2810
1066 3483
134 4289
640 1342
1626 977
143 2822
96 911
4589 190
4 4781
1922 4506
4775 1894
2719 1324
3730 282
883 2029
2653 2148
2365 4351
12 3550
2789 301
3749 2030
2660 2381
253 33
4601 2872
778 189
3092 1905
2004 3214
385 4082
4707 3698
976 1004
3401 4566
2095 3667
3869 3461
3802 281
4460 4009
2526 1913
3021 1630
4524 3737
3464 209
4858 832
1340 2800
1834 991
1529 828
3210 2509
1167 2327
1468 2624
2151 1863
2905 1989
1584 777
3720 2232
3839 382
1440 114
1472 731
317 1416
1003 4320
3400 3155
945 2696
4839 762
1042 2845
1511 3852
1984 3986
2324 2874
1516 3798
2952 1793
4191 1815
1560 1887
444 1295
3381 460
498 2088
1128 696
2763 4789
2804 3928
3080 3554
625 621
1789 2370
4515 1028
2420 240
4457 2578
4147 1905
3574 4346
3210 3834
3863 3436
4968 3119
4529 799
4630 1336
2961 394
838 4981
755 3149
1994 1988
2238 3122
2912 2104
3904 1583
2054 1787
215 3229
2868 1592
733 4165
1352 3805
638 1201
1326 3295
3260 456
1398 556
2071 3921
2334 2747
1403 3152
400 3895
2176 3397
3811 3029
1732 799
1775 3666
4169 1135
4520 2673
3457 1473
1352 4220
1493 1491
1151 2106
2021 3900
963 3787
3705 2323
3722 3257
2322 3357
2242 1112
4595 3282
3039 4547
1348 938
4441 1081
997 2443
2615 4226
4395 1545
3723 3456
3401 1866
282 381
3527 120
1663 2197
3536 3637
4946 4159
4934 2732
1194 2315
2619 4894
22 3503
4174 1086
4886 2644
1760 240
487 1411
1439 2322
1957 4447
1630 2365
3763 4362
1979 3953
4388 4089
3638 4913
1390 724
3061 2487
1693 1201
3260 3760
938 1950
1613 3013
2864 1025
4411 3619
992 2088
2395 2244
405 3225
1673 1668
7 2989
4486 2918
2471 4806
1068 4797
1787 4870
1046 1631
1252 1773
3168 237
4542 1611
375 277
2831 3252
2852 3550
2266 688
330 2196
2222 140
4989 1460
2885 2434
3790 3945
428 4583
4156 1534
4759 2950
251 4889
1256 4408
3548 3670
3616 2215
2357 3911
1530 790
4464 4453
1022 1120
3644 3098
848 1130
160 3277
15 4170
1340 2772
2702 3703
1344 2501
3253 4455
3589 3748
4566 4058
1027 2966
2019 4175
107 1061
1994 2839
3932 822
2979 3562
401 1556
4937 1936
4017 4950
656 3019
1896 1745
515 2147
4511 325
4306 1155
2219 963
730 3637
4923 2586
2184 3361
1124 2869
1790 4790
3295 492
3214 4937
3260 1637
108 2442
2651 3170
153 246
1608 1166
4823 1471
4919 3339
152 3767
680 3814
3352 2883
1832 628
1825 3117
261 1047
2289 986
4121 2226
3442 577
1593 323
927 2287
255 4697
586 4494
3209 2971
3639 3701
544 1997
258 551
1211 3426
4748 1891
1879 2082
4765 4507
1581 4416
1200 4075
3510 4869
4421 523
3500 4652
881 3626
3122 2113
4233 3034
3947 1319
2589 4314
4451 679
2985 398
458 4462
131 2172
1998 3669
2813 3109
4718 3761
789 2286
3262 3663
863 4082
2794 4978
3760 4211
3727 3298
702 3037
2800 4255
4793 2194
805 3585
3473 1522
1839 3945
3039 3820
1185 2447
2933 4507
4103 4559
904 3147
4827 3702
3232 1338
1661 1448
4314 3616
3345 3074
707 3925
1736 3788
4985 3175
805 4270
1556 3449
4886 3910
515 3754
1798 4852
2787 1302
2416 3085
4849 1
4593 4715
1990 88
339 2739
295 64
3203 229
4874 4768
4780 4339
1174 1677
643 1679
4284 1268
3008 611
1442 3063
3733 4257
1675 4547
1866 445
4732 3565
2301 620
25 516
2242 1537
4408 3169
614 2602
834 2844
3878 1291
298 1947
2003 3839
662 4748
3090 4958
512 1168
4795 2089
3762 577
2225 4496
3299 4104
3359 715
3241 3951
377 166
4261 2983
3306 181
357 2144
1529 2055
1305 4896
1578 3960
3598 4653
3223 188
3306 322
3071 2813
4497 3749
4200 4506
3199 1783
2636 4150
166 2042
3015 1738
2917 3610
2212 2095
145 4274
114 286
1816 2617
4662 2223
3279 4699
2641 4121
260 432
1492 3766
1654 4349
2012 753
1381 232
3208 3731
1549 4855
3462 4811
1478 2863
3511 2452
545 1752
161 3166
3273 4096
690 2996
4235 1581
824 1753
1233 4622
3027 4316
3750 1532
4294 2419
2599 3868
2365 1296
609 4663
178 1246
1417 3866
2787 1397
2731 679
1382 2330
21 3772
69 1621
4957 146
4121 107
80 2655
2167 1046
3076 479
2100 2894
224 341
3916 2621
4000 2431
2958 4740
3192 1359
582 4571
4957 3260
1684 4639
927 2381
3531 91
4188 316
1539 839
3755 1307
2351 4833
236 3427
3775 4782
4783 1382
3780 2384
2284 2398
2512 3655
4288 573
1395 4530
3208 2694
4743 3816
3345 1147
3935 4912
328 1121
225 4489
1844 380
2301 847
4050 3121
4047 3164
89 4228
1000 1163
247 198
404 532
881 125
1316 2869
1790 477
824 4674
3425 939
4967 2234
2008 2097
146 2674
1615 446
1062 3700
2905 4687
4730 264
69 1507
3928 2030
3648 1316
558 4053
1892 4016
190 1440
3370 4338
4163 1031
2106 2722
2259 3362
556 3194
2993 1110
730 3043
2404 3908
26 375
1710 3160
4919 2905
2168 3334
37 342
505 556
1536 4865
4884 3302
4711 925
631 3847
203 3074
3191 511
2748 3921
1189 363
4908 921
1111 2946
2204 232
196 3101
1699 509
3667 3037
3134 4252
4295 206
3689 2096
2696 1289
452 2699
815 3036
1562 546
578 4316
1117 1041
2824 3859
2206 850
1165 754
1781 4710
1985 58
1387 1898
4021 1320
279 4845
2604 582
1592 4619
891 195
3485 3672
4510 1159
3480 166
4265 3382
3782 4227
3357 3091
942 4760
2381 457
825 4980
2316 4470
2154 1953
2656 3608
36 3629
739 1385
4716 3149
4246 4804
45 3366
515 1925
4409 84
1214 2436
2073 60
3878 71
2119 1532
3161 3059
767 3415
977 3668
4936 3421
3338 1392
3085 681
3649 2348
3415 1131
1153 147
997 3930
1386 2112
4228 4464
278 2489
2432 2158
3940 3684
1587 2695
2323 1397
909 1288
4372 3395
3260 4396
1710 1887
3477 1
4948 4318
273 2779
4237 362
1846 3811
3976 4830
1031 1042
1674 4863
3637 3513
4400 1168
3953 4771
4565 1527
3749 203
2543 3327
4646 1896
2869 3018
4121 4287
4334 1935
2825 3627
4849 3496
705 3435
3904 2591
2207 2976
1463 1884
3274 2578
4104 626
3945 1307
1963 2883
1914 1681
405 3123
4447 1147
538 3564
2761 4569
497 4951
1016 3742
1053 2541
1473 841
1408 3426
1066 3246
2318 1689
2967 2879
4125 292
4327 281
4204 889
1349 3312
4736 3138
1508 4177
3302 4860
425 2041
3884 4198
806 497
3760 2514
2911 679
4946 1417
2762 1581
4902 3952
3275 2906
2533 493
4663 3212
4714 3911
2774 2276
4820 3098
806 4390
3052 1418
2109 4011
1037 4201
4105 1762
826 2191
3973 4276
2093 4740
3193 1119
1770 877
954 1762
403 3202
1127 215
795 743
2308 2766
937 489
921 2094
1431 3998
1604 3208
4701 3362
1271 4842
2260 3671
641 991
140 3811
3019 972
4823 2934
2282 4353
2094 735
3806 617
1976 2209
604 1516
3689 3792
3198 4095
182 3207
2264 2452
2847 2374
2782 4293
829 3395
2491 4085
4601 4850
1003 4947
2501 1875
4974 756
1357 1189
2905 1387
1671 2170
129 1008
2439 2846
4774 3261
1801 4446
4504 4845
976 4804
4326 4337
321 1554
1019 2811
1167 4084
232 4383
947 1508
3669 4051
4803 3497
2350 2168
2895 3201
813 4085
4856 2306
2487 1499
2966 3638
4495 4665
4063 3435
1666 1345
3176 434
1628 1877
4364 3932
2440 3084
4898 2315
1934 3405
2488 3589
1957 4926
2374 2299
3519 2475
3509 135
1296 3918
4 3567
3321 1144
1013 2627
2578 2776
3634 3701
1355 1819
3780 3009
3982 4574
2205 1937
189 2097
1869 1248
3781 4430
1196 3514
1363 2403
1037 3307
1093 2906
1378 3708
261 3067
1469 1615
4039 1535
4522 129
4536 2688
2326 598
1616 1697
999 3224
744 4527
4747 1052
2827 3305
3943 2288
3000 855
4459 2278
1764 2961
2419 2368
4063 53
725 3769
4243 1383
3013 1857
1784 1410
3457 2863
3977 3847
2777 3020
1955 4076
3400 3793
3146 2411
2387 2268
2566 4964
2457 2196
993 723
4895 2989
998 1551
4128 1417
60 1927
2315 1506
3740 1149
3482 2604
4642 803
2767 1943
1661 189
4083 144
4208 740
2343 2963
3863 2246
1577 213
465 2674
4310 303
2333 2168
3626 2190
3422 2741
1725 663
259 3935
3345 4315
2860 4093
4177 4272
3545 4191
3734 2321
2523 1702
3334 3180
934 2069
807 4104
1236 2566
4361 1884
3126 309
3444 3487
4988 387
2322 1424
3873 4364
282 3755
4873 3751
2022 818
4542 891
4064 1478
3619 3948
982 1064
2125 1251
589 1196
2883 618
1816 779
2338 52
1745 3034
1579 954
1738 153
3544 3357
4482 442
3690 3047
1956 13
4260 4687
584 1941
3792 903
1566 4591
2577 4247
2238 3158
4163 3838
303 113
4998 2511
2006 2388
4125 3086
4425 3580
171 3485
3628 938
920 757
3150 3635
2156 1001
2907 3104
2411 377
1827 1051
2163 3696
2596 1376
1820 2569
3162 3347
1542 4512
3461 2635
1631 512
414 601
3773 217
3496 1658
930 1350
1623 3875
3501 4073
4834 1059
3481 1978
4864 618
1826 1780
1546 4389
3981 3737
1582 1065
511 666
1725 469
3035 4903
1947 1746
143 3725
3061 2522
1234 4941
3791 1670
4929 1363
3475 297
4431 4082
1107 2676
2909 331
383 1629
371 2726
4301 1286
2347 2009
1683 3680
1566 3556
1479 1965
2694 3806
1603 1839
1336 658
1288 1388
1055 3352
1073 2597
586 1514
4174 3433
3657 1013
2065 421
156 1738
2762 4804
1160 2536
1696 169
2333 4952
4015 4768
590 3686
4638 775
4458 761
3269 1344
2799 3786
1585 3742
4215 423
185 305
4515 3352
1006 3174
2718 2381
3266 1732
4524 341
4171 4875
2302 152
1586 1751
3918 3412
3876 31
316 1520
3419 2182
359 875
866 3851
1730 4903
2946 1588
1756 1482
1382 613
2667 3854
66 3553
610 3325
4720 4761
3147 753
3956 1747
2319 3828
3319 2200
1662 4841
1995 4791
1522 884
26 4367
1031 4911
1365 4500
2763 2067
4908 2570
943 313
599 338
654 2254
3945 3799
1960 3109
4937 2931
119 171
1470 639
3096 4897
1185 1911
4937 4494
862 3107
4033 3596
3594 2904
3160 1532
3204 1825
139 2515
77 923
1600 3498
138 2147
959 4987
3750 4751
4402 453
3772 1583
4984 289
4074 2672
1309 764
3850 1917
2534 1128
1717 841
3539 1985
946 4337
3357 2808
4889 2465
3540 323
1733 622
1126 786
3407 841
399 4179
1120 1826
4576 2292
1116 3861
2027 3783
3357 4674
3581 599
249 2172
3030 3561
4772 4941
3079 2257
413 2802
2622 118
2899 1701
3871 4674
4403 4572
4113 3146
4837 2036
3114 588
2882 4008
4888 1525
1077 4313
2940 2759
376 1633
394 2718
1911 4287
67 4084
3417 2690
3512 1549
4924 4354
2389 1024
3808 2144
4923 2849
1866 4505
677 4717
35 1391
3931 1338
659 4
2476 1348
4720 4529
647 4043
1691 3967
2077 2663
2380 4775
3809 3200
3798 4333
1884 1046
2529 2705
2913 4667
1224 3628
1837 2945
967 1962
486 1471
297 4527
1302 4240
1417 1184
739 1359
2666 1810
2711 1765
3301 2906
773 4924
2745 319
1967 2853
3590 4569
410 1059
3981 1943
3354 165
3800 2414
4355 3440
1993 2634
4137 1277
3442 2686
719 901
1415 908
892 1161
2026 521
919 289
1064 1541
3419 3575
947 3854
1441 3400
4070 28
3689 3868
4599 4843
3988 105
1193 1504
2277 1925
2664 1668
3236 4075
2522 3647
2979 180
683 2206
238 1627
2614 3731
3612 2684
2206 4470
4259 427
207 4805
2771 1832
3263 1247
2321 998
3986 1571
4 743
3527 4325
568 3860
2752 4745
4882 1165
3089 703
332 1610
3312 3610
3408 1884
4257 4267
300 4203
2511 2756
1418 168
1926 182
1572 4201
3195 2823
4870 1124
2490 3562
4965 593
4924 3075
3595 1154
413 4651
1278 740
1073 1093
2953 3080
4046 2708
2991 3132
374 464
284 33
3240 3112
2770 4851
4211 3238
946 3074
3018 4110
2511 4340
2024 1591
4312 3564
1146 4751
1772 154
2778 1099
3879 2800
2779 4058
2049 2430
3645 2878
4238 911
608 4026
2626 3907
4543 2225
4465 4594
1882 2487
1868 1227
4241 4805
78 3726
1763 2618
833 2172
3094 499
656 3642
223 4950
2988 4953
1336 4106
294 2701
1038 1778
1994 1012
2832 3050
696 1220
2746 290
1124 3869
3266 565
4488 1997
3392 2699
1488 171
3777 4955
2807 1479
4959 3255
2834 2948
2004 4743
2002 564
4973 2
1858 2748
4514 1846
3282 1385
3818 3510
4348 4491
2205 264
2069 663
2744 4905
315 1335
2395 3395
4160 1082
3299 673
365 4439
1896 2065
2176 3817
4867 4406
4486 3739
2415 4384
3679 2586
1753 1589
762 940
4982 1889
609 4366
2899 719
3247 4967
431 1150
3722 4919
1352 1798
1849 2238
2537 4783
1160 843
2224 4640
2527 2439
4711 4560
3010 2100
2354 1300
601 1657
2814 3749
470 2243
3630 1449
1575 2220
2165 799
350 199
1957 1761
4828 2345
3743 3187
3389 875
3930 495
422 3251
260 1186
3992 3137
4253 2217
140 1525
21 697
4505 1067
499 1038
916 2623
3962 3192
3443 4870
505 3916
1948 2165
881 3654
4319 2173
2011 2407
4337 4657
3567 2611
2281 442
2549 705
1199 4247
789 361
4129 2193
3920 3414
494 2939
2605 2381
1422 2457
1788 576
544 714
1395 3972
2695 4182
508 986
1798 2267
3853 4524
461 2568
3066 1419
4261 4925
3573 2069
1190 3558
4483 318
733 964
1198 4757
2280 528
1215 29
2211 3630
2756 753
2926 4939
14 1354
241 4585
4242 888
3520 4687
104 2754
354 4371
625 989
671 2470
2738 4317
1512 1229
3267 1459
4880 1833
2719 1460
2053 4182
3919 3534
2949 2627
648 3337
2505 2388
3918 1617
182 2213
1252 1169
331 3718
4937 44
2245 1979
605 1663
4009 1894
2045 4313
4896 2238
4354 1090
3337 2681
1549 557
4823 1075
3092 3858
4455 3316
2427 3883
2382 2687
233 3174
1178 3648
3268 2446
3568 1979
555 1762
3569 3217
1543 3233
1987 3966
4055 859
3157 12
1710 2462
3412 1686
1862 645
390 4057
2101 2157
4836 4089
4099 227
2333 4147
2441 2613
1618 3588
1521 1877
4462 2746
162 4561
4792 368
847 4278
4685 3174
3452 2558
1290 2181
1979 3378
380 4981
4344 4524
3578 3601
3488 3333
917 4348
1193 2322
4401 20
247 4677
4665 4863
4614 1461
3234 3006
797 2975
4171 1995
1984 3434
1395 288
3443 2450
3151 1635
1846 381
4504 2396
2202 2221
2274 2213
1677 4728
2934 2401
2285 4110
3868 3325
2469 4311
4827 2355
1373 1170
561 4771
2966 4241
2889 4357
2909 4102
3702 1942
4987 1890
4850 2256
1565 1219
4767 1905
2799 3764
1657 858
2299 4713
4187 3684
1294 4568
1073 4814
2550 1281
530 4676
4218 4857
4480 1555
68 4428
4619 458
4055 126
1111 4127
1669 4165
1213 681
330 1783
2789 647
2524 2565
1834 4342
23 3128
254 2591
4312 4838
3841 4810
801 2084
3422 3738
3089 3444
3990 1167
4780 174
1690 3209
219 4862
2965 1560
428 4471
4755 726
1773 3997
312 139
1046 369
1232 3590
777 4793
2583 2850
826 4219
2162 965
420 4904
1668 1624
1555 616
341 4666
3324 358
4093 2609
138 4626
3348 1055
2142 857
2158 4609
2666 1590
1557 2940
4911 2083
2117 1132
3012 3968
4780 3982
1729 1469
3095 1845
2081 2516
4039 1237
163 673
355 4032
1996 1828
1069 3926
4788 1716
4303 3511
2745 2732
4315 3846
3434 3313
4109 164
2862 956
2145 2113
4507 2328
2208 4480
3844 1966
1740 2596
4403 2041
1280 593
2171 4610
4515 821
4216 1239
1299 3848
1258 1981
3751 1702
2614 2342
2116 4608
1510 553
4088 4166
165 3875
4825 3608
547 3565
2106 1566
4935 2567
2612 1455
568 4794
1351 950
3164 4807
3418 1043
2696 1499
2213 3833
4130 3664
3922 4054
2072 4159
2139 3751
2621 3487
1856 560
4270 1923
2796 2325
1361 2934
1118 1094
893 831
4812 2299
4810 3396
3166 4613
2278 3552
2784 2018
1478 4812
2365 4813
4585 4638
4861 1548
38 508
1981 2907
236 276
2907 4559
1756 800
1973 4232
773 3665
879 1809
879 4234
3706 4291
3094 1645
2451 1952
2491 4946
4343 4093
512 1725
3196 2131
2961 863
3231 4704
4346 3057
1321 2995
2520 1582
4714 3872
4069 228
4957 3664
3914 4319
4967 1292
2559 4069
3036 4830
3132 2635
680 3079
2821 1623
1904 2720
587 1720
2868 1910
4377 1638
3216 3170
4883 3941
86 1975
3143 4552
4899 3339
4287 2694
1588 3995
307 3739
3387 4004
481 3001
2315 3756
817 1873
2043 541
769 2579
3819 3184
3929 4665
887 4593
4773 4183
3471 2047
2642 3920
1173 2430
1121 2359
3614 1878
4987 3242
2719 2393
3400 663
4135 4419
3899 2012
3611 1247
3458 3433
1553 643
2983 3783
3508 4287
4147 4012
3783 2275
1196 2543
4778 2635
1304 2484
3327 2643
1948 4850
3527 1534
796 2070
4183 58
1294 589
2406 2707
983 170
4140 3810
589 3345
4831 2520
3949 385
4830 2365
99 2683
3000 1013
2531 1302
1588 2277
2846 2321
35 4098
2799 4890
3029 724
1120 818
829 2811
388 2055
844 4146
3641 3827
2598 822
3760 2269
421 2981
130 1961
3141 1023
2276 2731
4167 1793
4782 4658
220 583
482 673
558 2682
3134 4561
1726 4271
1206 1616
1733 4258
4857 2110
1568 3940
3474 4254
3838 2361
1743 2446
1795 4917
3634 2527
2629 567
2258 3427
4450 4549
1602 770
287 2190
3316 4966
1715 1909
2606 4735
970 1588
3129 4077
4565 3912
598 4257
481 4219
1242 3115
4900 1602
4904 999
1532 3811
4220 379
3946 4336
1092 2804
2417 4104
3770 587
3487 1685
3644 2832
4733 4800
4648 899
1067 887
874 1814
574 1943
4516 2605
3006 1863
3311 4003
3599 3083
3356 3135
4864 2048
1882 2186
4215 2720
4775 1347
1676 3257
4136 1397
2981 1675
787 129
1576 1516
2806 3500
4216 3895
3913 362
2796 2176
208 3118
1017 2706
1316 690
70 3275
3375 389
2828 2076
2776 1047
3989 4476
4891 3766
4784 2480
4807 2721
2428 3610
1226 1905
2850 352
434 2408
569 4990
3335 1800
2348 1363
1190 4067
545 3155
3757 513
2543 4371
4272 1923
2252 678
4705 1921
2023 924
2920 4275
709 1920
1 2027
4173 884
3272 630
4572 1120
3042 78
2008 859
351 4255
1121 4052
3486 4027
3404 4057
2310 2962
2200 3901
707 1292
463 388
2300 936
3312 2294
4267 2424
4456 1359
660 4769
3059 83
3924 1952
1133 2727
4358 3250
1113 1267
4175 2779
3346 2130
2920 574
437 2306
2496 952
4121 4096
3144 4029
3715 4980
3523 3113
3012 1675
2398 379
1227 726
2715 1380
311 2701
336 2487
4649 3957
2112 4776
2885 3694
2120 4808
3805 2500
1883 304
2383 996
728 1708
90 455
3799 2793
3973 4839
3654 3822
3903 4438
368 2166
3453 4706
1520 439
3681 3849
1407 3104
3997 2633
179 449
1721 1508
388 326
148 2318
2191 2030
320 3363
378 2742
4502 1618
2644 4184
1270 4954
3953 4947
677 2922
4300 1920
3604 2672
2705 770
4855 1764
1399 4579
675 229
4880 3718
3254 987
4696 1848
2009 1207
3918 2783
2531 1544
4646 4132
2116 3930
4613 2618
3399 2973
1495 1454
1516 1773
2850 3172
4045 2390
3276 159
900 2615
2228 3193
3141 4816
2511 4672
4841 2356
792 2720
233 4736
2633 70
3588 3997
1577 721
4063 225
4210 1802
993 3756
291 4413
1435 2007
4331 2942
2186 128
3950 1634
1105 925
610 2577
4093 3968
1747 3894
4753 1581
2559 2476
1032 732
1578 2193
1955 270
3501 1977
1434 1635
4997 3503
667 2603
2352 2562
2245 3688
1610 3632
4529 4073
4544 1640
2656 3929
3175 2724
2188 1758
3837 2178
359 927
3079 2034
2642 2410
2153 3723
550 4298
2995 1126
2729 584
3795 4259
4943 1508
3009 1812
2691 811
4336 1673
4507 997
4889 4974
4454 1385
1832 3344
3601 3614
1822 3325
2430 4739
1804 2801
4824 3757
4052 457
4110 1088
264 1273
4558 321
2005 2928
115 2986
3488 2727
2038 2704
4297 333
686 988
3182 4483
1636 4301
410 1291
2581 4869
3160 4166
3427 826
154 4226
2129 3859
4653 3802
4325 769
4458 2867
4386 1045
1369 3880
2570 2089
3402 458
691 4849
3307 1743
3963 2026
601 4870
1291 3611
2091 4436
2136 4151
2502 1623
3536 2705
2630 1620
4625 3298
2672 3876
2755 502
464 3883
372 2592
2666 4952
1944 346
2547 2021
3894 4176
2640 287
1532 4696
1189 2785
1052 1401
455 4509
4258 3475
4191 4319
2499 3128
2200 4347
4938 2233
3725 1334
1916 4923
1246 2822
3997 2218
4927 791
2625 3723
3914 1322
2460 789
1966 3941
4594 1237
3780 2684
3817 4746
2089 2264
185 2220
4908 857
2940 740
343 4031
3611 2994
2160 1781
1572 515
3189 3985
4319 1283
4900 696
3441 358
362 3283
2946 2847
3825 3887
1399 2025
31 2565
883 496
4578 3660
4819 1302
4991 4849
2157 672
3801 2951
4241 2179
46 1147
3641 2295
4959 3455
4557 517
1042 4502
1759 1361
4605 3571
2603 1454
1378 4903
2173 435
1537 764
340 3836
3857 2958
1909 1796
4855 900
2344 2191
4499 642
3113 4581
4263 4152
2874 4924
4577 4643
4236 3741
4518 2431
1361 1311
4636 1447
1467 4823
3050 1384
3609 555
1135 1591
3581 1749
3096 1307
4024 1732
42 3955
2617 2637
3365 312
681 1496
159 3905
1955 3671
2460 3546
2392 1640
1535 2409
1615 1499
491 212
795 1447
870 1017
1804 127
4886 116
40 4428
3466 2534
3863 3300
1971 2948
667 4067
837 3237
2176 4546
3404 4150
4412 3855
3365 1923
573 3803
1359 956
2541 3535
3168 2973
4932 3503
1571 4103
734 1184
24 2004
2013 864
3517 4001
1634 4826
3970 2037
3722 4166
2018 500
3752 153
405 4872
700 1759
2716 36
3803 1333
1116 2018
1651 1798
4418 3459
4972 2496
4659 3590
4402 3710
280 594
3878 860
1385 2580
3856 3143
3081 901
4859 11
429 3616
4755 3810
1787 3621
4139 4031
4616 4642
4538 2501
3594 4529
546 2842
2154 3520
2572 4716
4096 3102
1768 3065
2139 4853
2115 2924
4103 118
4048 4165
92 1046
3350 2314
2427 2353
1822 842
4762 4351
853 214
4225 4204
2053 3811
723 4124
1382 846
216 4287
2301 698
2109 3957
1847 432
3315 4689
2635 3568
2076 3669
1638 2261
2246 1807
1625 4931
2297 4209
1817 1215
2169 768
871 3643
3302 3654
1163 1097
2000 726
3984 1797
2218 4447
2234 393
2964 2781
2022 4573
1137 3339
437 2038
993 4196
145 1039
3870 3114
377 2861
1977 4660
983 2841
4873 3990
3835 1805
3600 4622
2737 4382
3861 3864
4506 2210
3235 605
4534 1749
4788 562
709 1158
4894 4866
2008 3272
4241 4133
4380 2686
3755 4058
2420 3641
2337 1174
4464 3933
4984 1199
2942 1663
1624 4050
1583 3559
1843 4085
393 1537
4497 100
3995 3364
1467 1575
716 3520
218 528
931 4373
1049 2916
3282 2676
191 3594
3688 644
644 1143
4622 1037
3350 4199
2858 2452
3975 4992
2705 3927
1886 1220
4110 4639
2373 289
4692 880
521 2869
2049 4517
2228 562
415 4649
2122 2691
2537 3130
2009 3340
4241 2781
4380 1525
3001 2154
3126 2265
3502 976
4029 3835
2224 1442
4017 1768
107 1434
3883 1130
2042 239
2199 919
776 1040
2687 1445
1523 1858
2874 612
136 1215
2943 1118
4170 188
800 23
4306 4358
4121 2701
340 3548
3148 4188
3639 3416
1010 4516
774 4621
4277 3532
4681 291
2862 276
413 1579
1012 725
3971 104
791 2991
698 3429
4612 3127
3457 2955
1033 339
202 3776
4826 2133
3797 2587
247 2594
1840 2139
1160 224
1774 278
4042 4195
1678 2815
1257 2992
4527 2124
2115 4529
4924 2525
54 4242
4127 49
212 4615
408 4444
1901 3998
3685 91
758 2217
2033 1961
3406 3390
2501 3084
4297 4470
14 4731
3066 481
1033 2799
56 4478
105 4963
254 440
4001 4174
4082 3716
2013 646
2345 4646
503 4602
4092 178
2799 3362
3752 4504
3472 657
961 2134
2495 2714
3045 3719
483 2838
2942 1014
1733 4043
473 1698
1761 692
1353 4924
4242 478
2600 4292
3376 4681
3752 2991
3937 3485
498 1053
1130 3700
2116 3863
2464 3199
2800 3791
188 3518
2032 1903
1431 939
3229 2869
357 99
1924 2557
2911 4513
1492 4880
44 3138
2931 3507
2693 4945
628 3646
1985 3275
954 2754
378 1170
1045 637
2027 506
4017 4260
2696 401
674 956
3859 3813
4306 2174
3720 2285
334 4936
4466 299
929 1731
1167 4636
774 827
4945 4492
490 2829
211 4688
485 4824
3961 1891
2351 2849
665 1271
2893 4163
2753 3467
2689 415
791 83
2541 2803
2241 4240
4904 1273
2935 461
430 4731
1220 4605
4887 3279
2847 663
657 98
1361 2650
2785 2642
4770 807
4509 3053
652 159
1345 2279
1146 267
1984 997
3177 1631
1057 3593
4014 884
520 266
4429 670
384 2350
3326 699
1169 2397
533 228
4738 591
4406 3514
3455 340
2386 86
59 3432
2812 711
742 3302
4677 3024
451 61
4137 1663
4731 1846
2043 2527
152 1790
1126 1828
3021 1150
3454 4295
2813 699
4946 2232
2619 145
4877 409
44 4495
4987 3710
4294 1959
1948 1698
3296 1012
119 2850
647 4328
3241 4423
3471 1482
1086 2435
2270 10
1702 553
1683 4982
4308 3927
1721 4116
140 3640
664 4492
932 2093
1539 4433
4863 1236
98 1686
1297 3217
3785 2247
4599 4638
355 972
2118 4083
1449 648
37 875
4800 3851
4281 240
3076 3608
2043 3093
273 1047
1802 4348
3210 2664
89 4810
3673 1644
1275 3320
3948 4286
3332 4435
164 2759
2783 174
2243 3529
264 1975
236 3631
2578 368
2106 2979
370 2685
666 3104
2201 2039
4161 3100
4781 103
1918 967
2334 4899
2645 4543
210 665
1860 4270
4036 1364
1872 3485
4242 2591
1134 4338
2572 2962
3004 4705
4220 3158
162 2542
4700 4875
2412 4439
1100 1799
2418 4017
2986 277
2094 4776
466 3429
76 3053
1369 3232
3783 4991
1701 3022
1048 4468
1916 188
716 1103
699 4114
4826 4631
4273 1028
2967 2404
661 1795
3566 1028
1011 3902
666 4467
363 4638
13 490
2645 654
4652 3015
419 1445
1060 589
2619 4146
3201 2390
744 999
635 2293
3347 4497
3716 1827
2673 3187
1575 4433
1993 1221
1185 4653
4137 25
3220 22
2454 2479
4468 900
3990 773
1335 3613
1029 3421
880 4179
2923 369
3252 1595
2902 1288
1076 3998
2371 1301
2308 4849
4942 3305
4316 1475
4870 2266
1452 4099
235 4870
3998 4455
3339 2070
2391 4079
212 2432
480 1625
3430 1386
4455 2819
1622 361
2424 479
4606 1666
2387 2214
4160 489
3782 2
1893 2017
1355 2102
3919 3633
1105 1741
60 3811
513 3319
590 4791
4066 237
4280 3013
3043 4641
1141 872
4962 3197
998 1466
2699 4090
4870 1337
1542 1997
2202 849
1335 3018
2125 4227
689 1433
2821 4772
4055 2642
1483 3446
1738 2588
1451 1145
4158 4457
985 165
829 4776
1250 4734
281 4354
1726 1402
1563 4615
2982 641
4204 4854
3439 4042
1055 4967
2089 3018
2575 3718
385 1399
2656 3824
1618 637
4659 493
4987 1818
1991 212
489 2871
4364 1521
2026 2743
1575 2903
1946 4074
3723 228
2895 3058
3389 918
3979 3042
4703 3874
1688 1284
2802 3095
4222 2280
1917 2976
1997 992
1992 3106
1256 926
75 4444
48 1028
1997 2411
202 1808
4920 834
1144 3486
3415 4259
1665 1926
3641 2410
1388 2844
2690 1922
1010 2285
401 3861
4626 3885
4241 4514
1490 3849
2825 1927
29 3935
1242 2665
4380 1085
4752 4017
4589 4579
2345 216
4971 2902
3692 4306
3754 3279
220 3715
1135 1295
3157 2354
205 4792
3007 4629
406 4299
4919 1954
4663 1488
2640 1017
3453 3196
4637 4849
4120 4262
3597 3378
404 3384
3187 2115
1696 3670
3136 4622
4256 249
503 2147
3759 4589
3909 2885
356 998
2436 3445
1535 2194
538 4566
830 3222
3386 2154
2838 3662
1302 2259
2036 1377
1940 2438
3998 4888
326 4408
3743 4192
2938 1695
312 337
3585 1225
350 4308
4907 1650
3881 3533
3110 779
3051 3834
3313 1206
4546 4546
4606 443
2129 2555
70 3736
1147 2633
1601 1693
2357 3202
537 2342
1090 2930
1426 1050
2015 1094
3014 1682
1311 4996
4876 628
4890 2080
458 1352
2047 4398
4921 2536
4335 2079
179 157
4837 3429
1060 3321
3688 4674
4945 376
1677 4464
3756 2004
4925 1511
1276 1151
2199 3403
861 3330
3358 4992
135 4143
1034 1656
681 3629
459 1984
4723 3903
2995 4555
3481 4607
1578 4314
3443 685
3149 181
2502 4669
2738 3766
1684 4861
697 4981
3231 1119
570 2318
4970 757
3995 1503
602 3084
3726 1445
2872 4532
4649 1633
3180 2886
4947 4292
4654 1045
1519 11
3431 4985
202 4673
4970 2891
3028 591
930 4709
4742 4901
1401 4444
3390 3744
3591 2140
4475 1262
3119 2270
1366 3122
3302 3063
82 184
3887 3320
2571 29
172 2858
345 1585
3117 2639
3080 2970
3862 4774
4297 1789
1931 1360
3604 3713
1338 1590
2592 4930
2650 4352
4129 616
2769 1322
3307 1391
516 1951
2474 4918
3785 4110
4847 2006
357 2980
3159 911
3223 2894
3454 4268
2693 1125
2119 2023
4194 4709
2676 3749
4527 680
4764 4242
3871 388
2028 1326
4240 3668
4997 1591
886 213
1944 4767
877 1660
1740 198
35 2843
4711 573
4680 1244
810 362
1651 4694
2043 1330
3915 3911
274 4905
2083 1554
2758 3721
4246 3097
4638 4415
4163 907
3353 1634
2052 3778
3383 3499
941 2294
1846 818
4501 990
1585 4891
1471 1998
3391 1689
2753 2912
1063 4106
422 912
1094 1693
1069 2689
62 4031
2389 1659
1 3658
2626 1356
3941 3640
1546 2464
2532 2360
2068 963
1306 3600
1702 2290
225 2584
3461 4829
918 3372
169 2875
3006 1719
3524 1421
1098 1518
896 2992
593 1585
1770 4652
3025 2793
4593 1173
491 3292
4860 2751
3285 745
798 635
434 2991
623 4264
3063 323
252 4301
42 2132
2417 3576
3360 2106
1898 650
3472 3364
1383 4733
4461 1355
3701 3913
4819 1314
4936 4218
2373 2481
1759 3117
759 210
3426 897
1437 3106
3004 461
4981 3832
1628 3784
486 432
3922 1209
1202 3305
4866 1831
3731 271
2658 684
1279 147
2313 3342
4244 147
1795 2771
465 1032
4530 2366
3038 2443
4237 4108
2632 369
3471 2375
4374 2631
2398 439
954 1296
1456 1126
2529 1670
2880 4016
1534 258
1155 2813
3913 2757
1896 2615
1089 3559
3541 1153
1642 4240
4587 4997
1729 2282
372 3163
2114 592
1082 724
3628 280
2828 4778
3566 224
2408 4367
814 2174
3873 2861
3244 1125
1474 2561
2888 3937
1661 2818
4460 2600
4927 3873
3629 2818
3089 2728
4141 4025
2367 1220
2257 728
2940 1814
4076 283
3322 1632
544 548
804 2635
1859 2361
1408 4427
4092 2367
4262 4022
4717 717
1673 3112
4897 4572
4635 1816
2046 2713
989 4454
2858 4976
1973 1011
4076 1234
999 4160
502 4580
1979 3011
4841 724
646 2871
4356 571
1060 2663
4239 2574
2702 3318
544 4799
4815 1910
2167 1080
1792 4685
1886 886
368 1935
3472 1073
1787 1604
4837 618
1033 1666
855 4178
686 1503
3547 477
4774 452
1453 418
2396 3878
460 3658
3407 3222
3803 4902
4085 1128
2027 1984
3209 74
3752 185
912 2910
2179 3588
4234 1270
2719 1723
223 3818
4338 3027
3873 3854
2283 333
773 1248
1339 4146
2410 1252
4016 2144
1565 1860
4590 1340
1351 2281
1015 4720
4936 3040
1891 2963
415 781
545 2693
4064 1949
643 2653
2666 4703
1171 1454
901 130
1032 1854
238 3714
1418 4356
1461 527
3820 3207
2167 1038
3392 126
2712 3698
569 3097
3577 136
2449 3508
4591 2081
2153 1545
3876 3611
2225 2590
3144 686
1168 3980
2756 1731
1505 1358
4930 1475
3894 4370
1982 3844
2194 2170
3727 4527
2010 1268
112 1166
4910 3077
1423 212
4833 1026
4177 4160
1660 739
4170 3161
3677 319
3776 4226
1048 399
3171 1413
338 1645
2155 2577
1169 2554
1068 3431
1648 1945
1377 3880
465 4549
1189 896
3147 430
4836 4314
1615 569
3779 1703
3214 4412
193 3481
2384 637
3613 2023
285 3796
1171 3139
4891 1356
75 4861
3861 893
497 356
3847 4042
597 969
1617 3025
311 3700
1569 4586
1195 2446
4753 1098
1019 3362
1594 2508
806 3690
3846 1015
4162 4316
1593 1394
2252 3189
4647 1826
1920 2737
4237 2736
2039 4683
4216 3890
241 3124
2235 4119
3887 2923
3902 4277
2955 1174
3311 2572
4028 2926
3801 1400
2918 3826
1630 2376
2977 2599
1082 3771
2973 2379
3610 3535
631 2876
2209 2589
3524 2073
742 3032
4774 2991
1728 553
4178 1635
2402 3388
2939 4326
1310 134
4867 2003
1549 15
1710 3335
3793 4849
4651 199
3915 4642
4082 3333
1825 4193
2067 2842
3680 1777
2479 2945
3125 3447
2024 2434
577 3008
1255 1349
3917 4208
1718 4638
2109 172
1405 3869
164 1280
3042 2707
621 3300
179 4731
2299 3104
666 1615
4516 3301
1317 2187
118 1795
2720 3076
2063 2294
865 2453
2309 976
1653 3491
2547 2296
25 1295
1700 3791
1680 3736
3437 1009
455 140
2378 4189
4574 3884
3065 2643
4668 2254
2910 4322
2967 360
2059 2616
603 4546
276 1848
718 3960
4987 1858
2411 1027
2545 10
4963 1093
3898 1942
3259 3345
1921 770
4757 2534
4271 3723
2977 1224
2172 1272
4935 4350
753 1363
3324 3578
1428 4527
4684 2695
4754 767
1985 1550
651 2822
1176 4225
328 3720
2182 2000
2849 4591
1308 4460
4243 914
3490 2970
4148 2194
217 4795
1904 3883
1179 2943
2634 4190
2270 1518
1527 2905
2063 1241
2411 2443
4721 1653
266 2783
2876 3409
2282 1167
2765 1745
723 3502
1942 4958
1965 3366
3238 929
3877 4255
547 799
3870 4099
3596 3632
1027 2160
3325 4485
3379 2627
516 4743
2503 1607
3510 4966
4110 735
2775 4054
3149 3720
3681 1478
1480 2194
3814 8
1074 1133
4560 1842
1801 2394
3180 4025
4323 1183
963 3691
4121 4369
1865 4100
4346 1764
3617 2610
2037 320
3959 1204
1289 1235
4764 2599
3151 1878
2147 1493
4647 582
2736 1489
78 1408
4778 4121
2254 1984
148 3497
2762 4449
3428 494
3602 723
590 4817
3052 4861
3368 333
789 442
598 2331
208 417
353 882
3739 4636
31 2986
3833 3256
3124 1189
4686 3728
2418 1377
1841 2633
4116 405
4460 3528
2786 556
3351 2293
31 1911
2289 212
4258 4119
4680 2060
133 1593
2451 1268
4508 4092
3202 2955
4933 1895
1853 506
1439 3464
3680 598
1886 2764
3722 2399
636 3581
3302 3027
1366 3036
3684 4274
3185 4707
4840 4859
1400 615
3246 3358
4591 1078
3819 436
2480 3498
3348 2576
1996 2570
1233 673
4819 3178
3432 550
953 881
102 4383
4427 1616
237 4952
3777 2232
3743 1957
3364 2279
407 4591
932 3555
2306 3319
4252 3122
1569 4417
1161 3895
3025 2924
883 1964
672 2675
4280 3221
2096 3229
455 4894
1137 3142
1746 3074
3591 2493
3690 884
3772 4466
751 3011
2283 2915
4693 3288
1108 1492
4981 2359
671 2716
3079 2060
3202 3535
3742 3607
3606 3623
1133 2226
4935 16
2372 466
3974 4847
3370 4513
1408 233
4597 2171
4376 2181
1215 3711
2076 1999
408 488
3183 985
169 601
1528 322
3494 1282
1765 3773
1417 1339
2736 4574
2250 878
3537 3789
3658 1180
3591 4622
2828 679
4689 2298
3964 4117
102 1878
3429 305
2174 8
3507 4252
1611 3005
648 2301
4055 3043
408 3381
4622 2761
3368 839
805 1935
1592 4403
3301 69
4643 1043
1651 2851
4152 3693
3842 4550
4768 1460
1241 3427
4891 3722
173 3671
4325 283
4607 2776
4968 4340
1351 4838
884 2864
2883 3378
1028 3559
174 3501
4578 3796
4336 394
4798 250
4590 1681
894 2201
3761 2103
2977 2180
2497 213
3346 494
4398 1344
2935 968
2665 4331
95 347
4010 3545
2213 489
1064 4583
3351 743
1591 1980
1026 2781
1255 929
3889 825
3241 3285
1377 4269
2558 2615
3960 1012
3104 534
1788 1263
2335 1629
3819 1177
3300 720
588 3102
2 1806
1579 1115
4941 4864
1134 1950
1143 4853
42 1413
4207 304
4334 205
788 1450
2392 373
626 2889
1179 3090
1324 4459
3284 3812
1359 4897
2274 921
3319 2499
3071 1422
312 4956
819 3989
4696 485
988 4692
4853 2573
127 2959
4327 2362
2821 2821
4249 3109
1048 1531
2979 302
2801 4301
4645 4266
3776 2321
1975 1598
527 2953
3824 3746
2452 4875
3651 58
2312 2229
497 4179
2443 3189
2789 512
4150 566
872 3348
4662 3266
4727 396
2343 2619
207 1773
2231 1920
2128 3681
3950 4763
2659 4542
1958 1366
629 2343
1367 3878
4321 4397
3782 3938
1429 2729
2398 1687
2058 3795
1472 270
4658 3306
2771 347
4249 4163
3770 122
1557 3328
3785 3797
1011 4951
4161 273
4180 4336
2858 956
1363 857
842 1853
530 1139
2255 270
3557 4749
1444 1804
2021 3953
3776 212
3521 2616
3321 2207
1568 1015
2676 692
2112 2053
1269 4979
1201 2766
2234 3126
3442 3989
2507 4657
1832 4677
2027 1559
551 302
4698 3383
467 1226
4411 274
1684 2794
4357 4628
3050 2724
4131 4739
3647 3905
4554 2346
4049 4024
4894 800
2809 3795
3923 2359
503 2823
4499 2966
1527 597
4532 4675
4086 3767
3139 3961
4798 2772
2048 266
2201 1601
764 2754
4765 882
4648 2849
4145 3800
2600 2437
4506 2137
3692 2649
1796 4986
4552 4214
2341 954
4588 94
1632 2506
3623 3120
4362 3928
390 3535
2162 4002
4883 2244
2604 484
1636 1969
3565 462
3444 2432
225 962
4690 4747
1878 4229
561 2456
3007 2611
2682 575
17 2080
2309 3096
4585 3265
2845 930
1184 3569
3745 2877
1931 365
4349 1571
43 3493
916 1544
2971 2836
898 501
3719 513
4547 4645
240 3653
1564 4626
1862 2666
957 2970
2151 4825
3461 3587
4395 4171
4541 3431
1657 1933
3488 2106
4919 282
1368 2534
2652 2428
768 885
1334 2318
4883 2469
2424 3066
122 3106
2804 310
1248 1799
3417 3834
1942 1640 1352 2582 365 4137 43 3460 341 1456 1086 1949 2097 4225 4439 1547 2147 1071 3987 2261 3349 777 249 970 3167 807 2707 2802 1084 2895 2711 110 4241 1137 4036 2898 4761 2445 3403 4577 990 358 3350 948 2105 4166 3452 1627 1399 1692 1592 437 4572 3035 3720 4609 3653 4864 1841 1998 2977 4122 3319 2671 3687 509 3462 2728 4564 825 4785 3779 762 2523 2744 723 1187 2696 1397 1818 2375 1629 3743 4195 3723 2258 3969 667 1891 1062 4741 1254 4834 218 815 3015 2015 220 2673 2420 2345 4559 429 3499 1975 3799 4753 3387 776 3707 4788 3308 1486 2499 4132 1361 2698 1177 598 158 4930 4705 3777 2784 3567 2798 1686 814 367 4251 397 976 1016 2324 23 4129 1072 3010 3194 3005 4197 993 2201 4147 3024 3655 2753 1357 4831 4306
