5000 10000 20 5400
4752 2167
2091 2659
1167 2225
3211 4809
2841 1151
4554 3406
372 1878
4770 1902
3852 4495
663 4914
4298 3402
4647 2985
4536 2026
1010 4020
2125 3915
4832 4004
4213 2124
962 2062
1334 2845
1001 4643
1716 2988
580 1891
2123 1165
4909 963
156 3353
806 2458
2586 805
828 2309
656 931
2230 1952
2186 2554
3455 3413
410 1479
2688 2939
308 3045
4920 203
2710 1430
2932 160
4347 24
3790 2270
1043 2750
4559 2515
944 938
3328 1917
1 3551
4634 3381
4384 3476
3424 3166
1249 4466
1224 1442
1952 698
524 1896
2938 4340
4242 2746
3152 1137
3630 1436
1389 4827
3095 4455
150 2296
2672 2212
4044 1944
1833 3419
3665 2298
2066 4570
1059 1997
3701 2119
3366 762
4056 4038
130 3570
3095 4176
1819 522
3297 3463
3871 2086
4387 3200
1480 3357
2369 2215
2743 2760
2565 2477
141 1538
108 458
1383 2305
2341 2484
832 1560
1344 2438
1533 243
4190 2953
1278 4042
4113 4863
4480 4978
1550 4181
1130 3737
157 1342
4961 3812
2323 611
3736 196
4576 2150
3936 1437
3574 2148
2778 2419
4722 4220
4536 1871
2783 4336
4956 1900
4970 4986
2832 4789
2630 387
318 867
1821 2745
2444 361
4235 1679
1219 2742
103 4000
3834 3353
2527 2147
1864 2042
1733 156
331 3621
3626 2138
4363 3760
4880 1809
2695 478
3782 345
2108 1957
393 4041
2795 999
3468 1613
2776 3175
1175 793
3536 953
2959 1358
1846 4032
4733 2414
2918 737
1753 2719
3345 4512
1498 2048
4534 1020
1701 1033
3121 1057
862 2600
2745 808
163 645
746 336
4715 1297
1383 2860
2039 3333
1719 1858
714 3806
2450 2015
2101 300
4745 4162
2858 1443
3922 4901
436 3172
2506 1910
2068 2923
3493 2514
4953 2670
4744 2187
99 3267
4143 1254
3366 4032
877 1777
1188 2102
2911 2129
2703 1367
4311 2934
4484 2863
2199 3725
4652 1992
2260 880
1166 1022
1457 81
1670 4569
1254 953
3055 1522
1623 4416
3185 4423
3599 1922
1965 1575
2648 1041
1826 1541
2266 2335
893 3809
322 2846
1560 3382
2694 1201
3454 631
3712 4617
38 57
563 4856
3328 604
4116 293
647 2980
2681 4123
4957 2824
2293 3516
3698 2104
3347 4881
1632 3659
2160 104
3677 1894
2895 344
4187 1421
4362 2451
990 2677
2731 4489
4280 2344
3117 439
4982 1323
1200 3634
27 1265
2640 2062
2674 3337
4053 4106
3256 2470
549 1327
2823 2144
4493 2392
256 1573
1759 2222
2799 3706
116 3460
4242 1008
4109 524
1708 2974
4346 3594
1756 1233
4045 3661
1685 1448
4482 1635
1300 999
4424 4028
867 3724
66 3282
1024 3948
2178 3368
3866 3450
110 4300
399 633
1322 4686
2956 4916
302 1889
2764 2502
1412 301
4094 2488
1160 1181
474 4660
1434 3981
4943 1133
1040 980
4777 137
1557 2562
4717 1082
3084 281
146 2770
1815 45
3292 3791
4111 2372
1443 4649
3879 278
4407 1462
1269 4513
2975 3127
1113 1069
96 3808
1242 2960
4233 1714
3375 449
1259 505
3019 1379
2213 4068
4551 4358
3811 3651
3054 510
1398 4077
4241 4931
586 165
2412 4566
4884 4278
1943 4093
115 4531
3655 1577
990 3894
2487 65
3068 4739
2633 4861
225 4775
1582 2245
2960 2373
4406 4809
624 2190
1565 1846
1093 2457
2492 1924
885 4454
1768 3132
512 4941
4727 1227
1271 3058
2376 4666
3406 450
2668 4508
4871 2855
1049 1996
720 3149
218 3978
4354 2915
4207 1287
3950 3571
52 3210
749 4530
2560 3303
4615 628
1989 49
1309 4792
3078 355
4411 4718
674 4596
1637 4686
373 2017
3594 4916
4911 4557
1659 2896
2883 3291
3301 840
3225 1322
1242 1031
1543 2549
3824 183
1952 912
1334 1847
4972 1108
1245 3203
4028 3686
3 4470
1482 1801
3030 1105
4089 3878
4201 688
3601 1910
4628 4397
727 3234
2588 2338
1779 4017
354 3117
202 2084
1326 285
4157 2279
3696 2268
1919 2311
2655 1203
1165 3763
4129 3940
2173 3830
3424 1802
2842 1578
4842 2344
2335 142
82 3026
3659 35
467 2589
1520 764
1589 4273
512 3086
3273 1535
3947 4621
1730 4917
86 2996
3431 2869
2061 1993
3602 2246
1762 1921
1558 4486
3717 4720
2507 2018
1091 3856
2886 2342
2033 339
2142 4903
843 3260
3352 784
580 3894
2538 458
3325 4313
468 1953
2034 1694
851 845
1265 3024
2788 814
297 1436
2028 1857
3249 2269
28 1469
4279 4013
3094 613
2349 1213
3832 3282
4748 1647
1290 457
22 4680
2580 4587
3663 3575
505 3892
3388 2439
3594 344
4409 4247
441 1253
150 3015
2413 3600
4277 2898
1391 4787
1288 1820
2045 3953
3592 966
2336 4156
1010 4427
2477 3445
2313 3881
4638 4116
1704 744
2345 14
4032 3983
3363 2559
1253 1001
4402 2440
4663 1083
4146 1970
1668 1960
2287 3463
3791 4271
3108 2033
3430 4562
534 964
3806 2738
3468 1116
1098 2103
3543 122
4862 380
168 2773
1442 4624
2047 2461
4539 1522
4228 4291
2809 3407
4482 4762
3950 131
3247 1306
227 1271
2032 1314
1531 3800
3870 4140
1281 3630
4393 194
3256 2241
178 2770
4662 2151
2163 2593
2720 77
1530 1943
1911 2651
2115 2931
4853 1538
2776 293
2641 1212
3347 702
1161 3239
4365 2198
1455 2367
549 2676
853 149
3778 855
2949 1034
4082 2023
4018 3853
1181 3894
1951 3610
606 4972
3556 4847
3799 3834
778 395
3392 3271
4187 3614
4233 4189
3519 393
2304 989
1722 649
182 3010
3380 2609
3561 2395
3508 4936
4822 3735
989 4737
3234 41
2402 433
1657 2297
3845 788
3448 785
4708 1707
144 3311
1990 3237
96 4354
3096 1787
662 3783
1224 1810
4034 2549
2055 3510
4731 2867
978 365
1987 4839
2777 3921
4850 1120
27 2877
955 163
405 53
4853 4216
1434 4313
4323 1736
1176 1975
2629 4564
307 3312
2230 420
3407 2988
4895 847
3343 2925
4193 175
3637 2501
4516 1419
2264 4105
3936 2490
1756 3621
1764 93
700 2485
2852 2940
2741 4702
382 2714
1151 3970
3225 1704
505 1777
4082 4858
3903 4552
852 1287
887 258
2535 3687
407 4889
1950 4357
3940 4951
1712 4258
363 4670
13 3313
3689 3439
3792 22
240 381
998 519
4741 754
3899 211
2566 807
4698 3300
1788 438
2115 3891
2476 3277
3230 4038
2306 4652
4381 123
992 2833
4832 2708
2620 3844
1410 4997
1744 4482
4174 1011
1213 4486
1550 1451
4717 3537
3035 2525
2503 3758
4372 2830
1319 3139
200 4202
2130 2316
3486 1400
4844 674
2049 4472
2291 2238
3505 4406
714 4930
2282 2184
1660 4050
1662 121
4949 4788
3461 230
3960 4288
1184 4832
2662 2210
1107 4711
4656 1302
3222 1712
2937 241
1895 4709
628 1200
1345 1555
2088 1799
706 4511
4456 4633
4541 2338
656 713
2219 800
4104 1784
2861 2528
1983 3611
2246 2652
1927 1912
3437 2788
3558 4385
3619 2884
3470 622
861 2543
3940 3271
3261 887
4029 4101
3901 4590
4576 2650
4043 3771
4711 4217
1628 572
3312 4639
3489 3788
3774 3124
2727 3228
4719 4601
4108 4404
3324 1829
3395 1453
298 1928
2801 1712
1223 3058
2146 4516
2066 3325
1973 4526
3149 4428
3014 3527
2212 3218
211 3262
1072 3826
3958 2297
1558 3023
839 2172
4283 4644
630 142
1727 1456
4454 3649
2764 1840
2296 1965
383 316
4548 3860
2130 1323
846 2778
2318 1013
3236 526
3454 3112
3036 1042
1851 1364
41 3774
958 55
2006 4454
36 3843
4376 1747
679 494
4558 2661
3041 4067
2152 4567
254 4918
3486 2707
1975 516
1351 2176
3669 3522
1283 121
611 543
1706 4431
2257 652
516 1449
1137 1320
1168 4149
638 2035
3422 1646
3500 3840
1394 4524
4464 3447
3626 3925
4673 3075
1304 4123
2110 1679
34 3060
387 2944
2689 2721
3317 429
4193 338
1051 4380
2628 2214
3889 1547
2271 3789
4312 743
908 1262
4429 487
4977 3308
417 309
1797 4503
265 237
1164 293
3220 485
1433 2293
2253 257
1932 4049
2320 1737
1994 2925
466 3159
954 1862
3891 1845
1467 1025
2769 2132
3716 2096
2544 4950
4535 2323
408 3223
194 470
2526 4313
1633 882
1179 916
3313 4184
921 637
2158 4721
4237 832
4965 4158
4664 385
4068 3200
3769 4904
2333 2278
594 1666
2094 2725
1493 323
3373 3175
1250 1392
2200 2464
3838 1466
3431 2067
1751 4923
183 1162
842 1809
4980 3832
4306 3476
1109 1014
29 1259
4723 3069
2675 3980
1584 2934
4799 635
3173 2038
3857 4233
590 661
4428 750
4178 3659
1903 3245
3696 3326
1470 2708
2572 2737
326 649
3104 3790
823 2333
3006 3001
1938 4249
3127 1772
4963 3569
4339 3061
4064 4934
1534 4392
2743 4927
1980 4759
477 1667
1268 4585
2974 3836
1357 3278
408 1663
4349 2441
4578 2343
2807 3033
2674 4335
3748 1596
2825 3054
1805 725
1843 2445
723 3525
843 4128
2295 4228
1290 3434
286 1748
4615 2238
2945 3661
3959 4930
488 2557
106 4268
3685 1098
557 3244
1863 2154
3830 101
4682 2469
4754 1146
2907 3784
2579 1663
1924 585
129 4583
4995 4699
1484 3186
4286 4176
860 437
3908 1131
128 2831
964 1597
4059 903
110 3063
3595 1878
662 1801
4911 4671
3969 3522
2847 895
345 543
4193 2222
1285 3526
3474 3100
1912 3987
352 2965
1764 2391
2009 3661
1270 886
2611 3580
989 1833
2782 3437
940 121
4613 2096
2768 4412
2904 480
465 433
3291 1533
551 824
4652 3758
1098 4411
3654 226
2310 507
1621 3865
3045 950
631 1426
268 2889
3595 1510
265 4685
314 939
1176 3875
1665 637
108 1506
982 2227
4480 4439
33 4084
2349 748
2684 407
2973 276
3747 3499
4574 544
82 1013
2434 3294
2171 4530
1642 3855
2690 738
2459 38
1586 2808
4892 2767
2338 3626
1282 1617
834 2442
708 3097
2689 3405
2092 296
4887 4184
2263 1213
3669 3902
2387 2990
1209 1876
989 2224
1224 3577
2803 2475
438 1811
3193 587
1728 4321
795 314
696 363
1233 2543
2857 385
2510 1708
2497 3580
4275 2804
3829 3922
129 3084
4802 1165
2679 461
1011 3597
1174 56
4216 1846
1770 4007
2992 4239
121 4648
2559 4959
2264 4003
4201 2709
1761 4962
3820 1789
3892 2904
3839 2904
627 1569
953 450
73 2231
349 2946
3302 1014
2250 4573
2649 929
312 4206
700 2459
4540 514
4937 2080
3 840
4580 3401
2210 136
847 2628
1344 3066
4753 1465
1751 1698
2950 1595
4632 4761
3541 1269
4872 4257
12 3269
3232 2003
1460 3517
4441 2427
1924 3575
1854 2273
2062 2057
303 3074
4736 43
2523 1461
3828 3448
4733 4103
1265 4656
1855 363
2728 3813
2972 2949
743 3905
1152 4219
3271 3084
1354 129
1484 4271
3897 4702
4240 3847
2482 1983
1639 4716
3175 1193
617 1256
1050 3282
10 4401
2160 3090
3524 1094
3110 3899
3564 3241
1143 1526
650 1740
2540 167
3399 1961
3504 2816
68 1018
1111 506
3430 967
3406 1055
3917 3302
4409 3548
1506 2009
1224 1467
2257 2151
1905 449
2330 1152
1676 1885
2408 680
2342 408
2065 3802
4554 4368
4648 2960
3070 2970
1161 4853
2381 2623
182 3303
1284 2631
1448 1988
1746 3289
2663 182
188 75
1496 1191
2155 3658
3031 374
478 2158
182 1101
238 1947
378 2407
1082 1081
4601 3072
308 1678
4425 960
2174 2325
651 3770
1362 118
3383 410
1844 4395
1759 2862
3576 3687
2550 4259
3821 2776
1869 1067
3854 371
3869 366
2466 915
1277 3784
3457 1207
44 3122
2277 1965
4268 1871
4999 979
4097 4274
4080 2792
1313 1096
2110 1632
2148 48
2973 1140
2512 4034
2813 4411
4600 4073
3612 2996
1180 4901
4757 3197
1071 386
2121 840
4777 297
1759 4406
3080 1076
3890 258
815 582
812 1996
1046 3273
2602 3058
2885 333
2767 1309
3868 1626
2698 4013
3785 4899
4532 4863
2233 220
2739 1109
3122 87
495 4919
4390 910
3950 4780
2218 2714
2679 3570
4143 1311
3224 2053
286 331
1366 1857
635 2331
4766 478
3379 3423
4400 2360
1211 3016
3895 572
2734 4098
732 4340
115 3377
4913 2642
1245 425
4449 2837
1190 271
1548 4893
556 2130
2469 839
4264 3363
2563 3760
900 4826
4498 2884
2132 69
887 1120
661 3376
1246 3072
2934 4000
1853 4337
2613 1073
2098 3592
4084 2666
3215 4344
4724 563
466 4289
1536 4026
2109 1
1053 2160
1446 4857
2178 860
3237 2003
2052 1541
1996 2318
1341 430
2357 3092
2953 1538
2193 3200
4869 515
1069 2888
3622 967
1435 536
4908 162
3295 3427
3428 3073
2893 1748
744 4395
429 1137
1865 3947
2723 4814
2553 3922
2773 1840
2551 1114
2195 1841
3069 559
3 4458
4424 541
2364 246
3113 4338
3748 2690
3574 2433
2874 376
1405 83
2950 3391
274 636
1003 3400
3894 200
4229 385
1301 3474
1925 4286
2052 1230
3853 1171
3889 1692
437 2484
3723 4184
3328 3009
4782 308
2685 1239
986 2846
3115 1534
2718 2411
1452 2950
1964 3334
4101 3752
114 3346
2393 3573
3672 2912
2878 2816
293 153
1328 3982
436 4394
714 4126
4965 3628
3347 4028
124 52
4878 561
2660 774
3512 2879
1458 4772
3531 3933
2702 4368
3191 3827
361 951
2055 587
1726 4721
4950 4319
709 974
3293 1757
3811 862
3826 3908
4979 4490
2122 451
2309 4517
3708 531
1191 4555
869 1704
1852 128
2104 1561
4552 301
4683 2795
442 1571
2346 2476
1247 4269
4104 2357
4218 3393
613 4053
3020 2686
4188 4979
4435 2063
4329 2254
1321 4690
2361 4827
2145 3759
3203 4195
4068 4107
4505 4845
2097 3020
3522 835
153 3824
3382 2359
3234 2125
3959 511
4542 4982
803 4620
3075 3628
489 889
1727 2887
1495 44
3 1837
4645 142
2439 2428
787 1714
20 3921
4394 2104
474 2080
3960 969
1947 2455
1748 4329
151 1948
4524 1293
3117 2860
1867 1233
3618 2261
1838 2404
3381 1054
1683 717
814 1239
2024 2450
3598 2086
1150 709
227 3118
2978 197
3454 3927
2919 1332
2109 1549
4505 3148
4107 4337
3799 4612
2944 1952
4298 2344
3547 1382
4838 559
3408 94
4968 4054
2498 432
476 4484
3706 529
3300 4358
3670 292
996 3017
2999 861
4241 4090
3975 4741
838 4850
2979 2995
4069 4797
1793 3521
3922 4459
4438 2223
2130 4817
855 4484
2284 4917
2125 470
1547 2079
2172 683
3697 1248
2435 4614
207 4503
3397 3282
4181 368
111 1672
1396 4644
190 1963
195 2020
2500 2567
4816 3044
116 4544
1686 3449
2060 3928
3730 4669
1191 3058
3040 1821
4964 2445
3620 710
3384 3985
2720 3155
2649 3199
4840 1113
2512 1003
2012 4930
4064 2790
4388 508
2086 2273
4080 3382
3887 2063
4737 2904
605 451
216 2832
3470 1384
1909 633
4417 4638
3125 1122
4463 1292
1931 877
2064 4346
1339 4920
364 3145
4761 3772
2254 2474
3296 3
132 188
2315 1704
814 532
23 3661
1563 2506
3617 4813
3185 990
1009 1954
4728 2429
3589 3182
0 621
1337 414
2370 2476
3049 4574
4887 32
4821 1957
4086 618
887 3556
957 797
1061 3602
1392 4761
349 4962
189 3318
2482 3588
3782 565
1628 3209
114 4923
686 623
2336 2016
2349 680
2511 676
2059 1678
1960 4820
4531 4923
4193 4418
3636 4044
1369 2022
4082 3390
2748 3898
1116 1018
127 931
3301 2506
1194 2984
2876 1760
3072 2268
4539 2020
1710 4822
1910 4509
2501 3773
248 1540
953 4606
1700 4684
3662 2616
2603 3768
2191 2825
3040 3294
4671 3774
2549 3293
4649 502
4159 4581
1213 4984
1602 2660
600 775
4554 2917
3554 2401
688 1334
3873 1
2418 2311
3276 4199
734 1163
1528 420
2494 4277
4601 4344
1524 2172
2166 2827
2570 3438
3297 4743
2347 1546
877 2494
4387 3146
1322 3725
134 1986
624 2085
2896 1208
1313 4189
676 3862
443 1044
2596 2253
136 2523
3968 2222
294 3421
220 4381
547 4533
2951 2786
1266 207
2389 2097
3688 4350
3642 1750
627 2449
4457 1524
1140 724
3495 4563
2694 3434
1358 3855
1361 1369
3979 1490
3867 1799
4306 1835
2772 1380
171 606
3924 2151
2654 2087
3123 4900
1404 1015
3112 2502
230 427
2065 4586
3595 3455
1323 3728
251 1101
4910 4199
4173 1710
147 757
4346 4252
1662 2286
3367 4433
684 2911
3395 1178
2171 3277
3819 2370
887 3079
4211 4621
3096 3280
3922 2496
3979 2478
4901 2396
3556 4547
2609 411
2462 95
115 605
1897 2312
504 4430
4798 4674
1610 431
4996 799
3574 4409
4120 4033
3413 3863
2698 4939
1132 1322
439 2592
3850 2695
3117 129
1938 3664
1727 3662
4097 1667
4620 4522
2256 3485
2970 2153
1374 2352
1282 1891
4553 4107
914 4888
1582 2519
2700 258
3309 146
2495 1222
204 2367
4372 110
4391 2095
2470 1731
3675 2560
4074 1975
4446 2614
4284 1746
1412 3861
893 869
1410 2781
3402 759
1952 1
4870 2320
3266 989
2633 4478
2973 3298
4974 489
2095 3342
219 3720
3997 76
1107 1885
3051 344
3546 1964
4049 1742
2409 1099
4650 2031
936 2237
1575 2981
1514 4092
426 3542
1854 4862
2917 4986
2088 3908
3342 4662
835 4527
1222 2950
2373 119
4825 198
288 4124
394 3966
1683 3464
3027 2008
2548 1902
2580 1752
395 2577
3027 3480
4443 2989
1224 1629
4888 4046
4538 450
728 2214
3199 4588
1676 4288
56 4897
241 4077
1769 4038
2430 2668
3473 4256
3345 4134
1297 1631
3500 1799
2207 481
2113 3938
612 4313
4091 2669
2584 3082
232 482
1847 1980
135 339
4075 2904
4993 1738
694 1575
8 629
3929 641
3441 1128
4527 4125
1761 4414
1784 3023
3036 4279
3838 3421
1818 4498
616 4874
1471 4975
4009 1909
4821 1555
1905 3016
1703 1545
2300 636
4714 318
3272 696
4086 3141
824 177
3802 3774
74 2389
3344 4377
71 1958
3579 3196
3852 120
4689 4753
2661 1974
1019 733
4600 3701
2488 1352
293 228
2125 4686
732 3749
3381 1647
2389 4730
3672 3800
1136 333
2329 4549
4965 2288
1189 4113
75 4957
2300 1448
771 711
2191 2352
1926 1850
4595 4274
2287 1088
768 2968
3766 2709
1566 1671
4058 1941
2148 4034
2579 3181
487 2482
55 398
4673 1703
208 1166
293 4222
2143 1366
904 4132
4873 3725
2508 4305
2458 4039
4001 3501
1873 1795
2849 4688
2199 448
2931 4551
1405 954
4592 4669
145 1700
4766 3454
3216 993
2713 3753
1618 2336
4531 2271
1648 4699
4531 2963
4064 1550
4906 4775
222 4461
3078 1073
1017 2221
3433 2050
2391 4215
399 4142
3187 3056
777 4236
4574 4277
1598 425
3971 4454
83 856
2454 4964
3705 838
2625 2948
454 2800
3848 879
2263 1830
2616 3365
4815 128
1140 3941
205 897
1425 424
1474 3849
4558 4129
29 2986
1262 3757
3573 182
980 1051
2098 168
777 1382
1140 579
4447 1010
3839 959
3671 1501
2483 3235
3238 3563
3911 1920
3510 3869
2163 4855
2862 3082
897 3780
1750 3660
3926 1421
4603 3131
3011 2681
1712 4976
1046 4814
291 1320
30 1346
1532 2949
3084 2711
1509 804
4223 3341
2581 1089
3231 4181
848 2172
3597 3050
3809 3068
1147 763
4735 2056
4132 2256
213 1103
2544 4300
439 4265
3147 1084
2252 2656
4017 3620
3451 1116
2008 3382
1680 1093
1834 4800
915 4530
3594 4683
4714 1675
4586 175
2292 1363
902 2502
1405 227
1192 402
211 4492
1643 3124
157 3412
2728 3029
4714 1368
201 2050
3772 1198
4953 996
706 1776
2088 2734
3588 4864
3559 4790
1527 226
1656 987
386 4103
4221 816
4485 2417
4569 3177
4152 2947
1720 1539
316 2572
757 3134
57 1514
1523 4844
3899 775
4910 1786
2673 1632
3914 2804
355 3022
1422 205
1924 4936
206 4339
4191 4970
525 151
2183 2750
454 2442
3151 2999
4740 280
3622 2296
4691 1825
3009 1362
1512 745
1253 2518
1596 3538
3994 1196
2893 3779
2988 3164
2787 4367
4201 3296
3126 2141
4493 2943
2442 3326
1828 7
2012 1914
3255 431
627 2051
2887 2091
2156 1294
4867 4465
3559 3944
3428 2105
2677 831
162 2795
132 2469
3876 4661
4154 1820
741 4030
4791 4057
3165 187
376 3633
2240 2493
1420 559
3564 888
3122 1806
4554 1902
4615 2302
2002 1204
4421 4822
2435 4352
4626 2453
2860 3118
3928 1269
983 369
2798 481
2524 3329
1332 3626
1917 1550
4607 2532
3509 4839
4158 2269
2479 866
4563 1497
4447 286
1878 837
3026 4288
233 3861
1207 3472
2632 2907
2108 3678
4444 3196
1925 4959
1796 4540
537 4351
2489 2959
1921 3916
2641 4856
681 4931
2606 1003
3465 2406
4430 1849
2881 293
1203 423
197 1707
4503 1758
3559 3029
3866 912
2424 164
231 2867
2686 330
1148 2232
1265 2620
2571 2394
4286 2778
809 2515
1513 3537
399 4411
980 447
609 4632
1106 3483
823 3303
4841 3621
3016 2065
4614 1842
1825 874
2025 728
2328 160
1209 2483
601 2729
420 552
3678 1546
1419 837
2827 750
4276 4496
1027 3572
1522 698
1139 2549
3945 964
4748 585
2237 1020
2133 898
2279 1445
4641 2090
1885 2194
4114 2626
1529 2569
4537 133
3276 218
4298 2879
2563 3375
2150 2610
2242 2351
4196 424
1880 229
2993 3140
1628 1003
3451 261
1984 3093
3556 370
1182 3328
567 557
501 2308
1738 969
1267 2227
4109 4777
1631 3288
104 526
1986 3268
1922 440
4186 3001
4757 497
380 375
4910 3980
1536 917
2751 2254
1675 1294
2713 1317
2197 1239
4333 169
4424 2610
294 4132
2691 3439
3226 339
2850 2017
2841 1272
3933 125
418 1369
3824 2617
872 3796
875 765
1083 531
1341 1772
298 2692
3583 1258
3459 4399
1172 3573
113 1328
4964 3815
420 1421
2584 2478
654 4168
4237 2811
2724 3965
350 140
4611 875
33 276
4587 2513
2562 2682
642 4230
1570 1055
2673 1499
3810 2228
1003 3879
4475 901
2859 4001
2869 2225
4129 2717
1605 4790
4063 4840
2203 4190
332 3295
2428 1142
4887 4825
2824 2940
4922 499
4730 2124
2005 2118
3176 4597
4209 218
2549 4319
880 4483
4903 3557
2844 3501
2586 2866
4063 1039
2239 1851
3139 88
4486 1986
3140 1528
2045 3840
1256 3603
198 1084
4948 2523
4510 1077
453 1620
3460 2936
1584 3253
4037 1156
2819 4911
966 2022
4148 1107
2771 1234
881 3995
4271 1073
1223 4635
445 41
1362 1943
4381 1361
1780 1230
1037 165
2433 229
2006 1383
4974 2291
4300 3313
1281 666
3492 3394
3486 4438
2529 3944
2846 2831
3220 4229
3113 4563
3609 672
3136 1282
3971 1359
1431 1824
3522 3906
1896 754
334 2363
3754 3290
707 3134
3957 2151
1340 3247
2871 33
3688 787
2679 1216
3483 852
731 2714
4930 2744
4808 4033
2886 2057
869 4555
3534 1658
1584 800
4283 3563
4451 1922
3822 1128
2965 3886
1731 873
1710 1473
220 2606
2088 3343
3845 711
2565 2244
3173 3036
2791 264
3998 4854
4640 2660
2462 269
1791 4249
972 3939
1642 334
1990 2441
827 2572
1552 3286
3358 4988
4056 4249
1728 1994
223 57
4959 1846
2638 2876
4118 3752
1329 3169
3625 261
1390 813
3241 3560
1519 946
2986 2451
1128 1613
1868 438
1917 4324
4147 3339
1799 1816
4647 718
4276 4163
959 2349
13 3084
3282 2975
1151 1676
4991 1461
1924 521
1209 1476
3463 2553
1907 182
4439 2127
3079 609
1090 4740
1750 2894
297 4051
3675 650
1957 2639
3248 3268
2835 4858
391 2249
480 3503
1806 2391
233 2321
294 2011
4425 3791
3181 205
3970 2220
4877 506
4018 4709
4530 2169
2052 1931
2747 1007
3729 3508
4558 4917
689 4124
4368 3660
2522 4360
2136 2841
2115 3368
4425 3859
4947 3361
2832 843
1850 3851
1788 3734
614 1238
1269 3300
1194 2812
1822 3607
4565 2422
3246 1593
1429 171
2313 4969
4426 4572
3320 994
4341 3564
2732 4926
4091 4366
1342 725
1242 3247
3419 1587
4349 265
3886 2228
3707 858
4964 165
4757 1455
1379 2187
1542 4540
3894 1762
927 1954
2276 3253
957 3589
2421 4891
1156 110
4727 3884
3325 3283
4382 531
1848 2760
1872 1928
1668 1714
887 3894
1092 1759
4988 3092
585 2683
3517 1722
4234 1325
1877 3785
1327 598
2468 1770
3422 2197
2999 3709
3111 2275
2914 2436
1382 2948
3648 393
2937 3291
2505 1925
4336 4350
4455 4098
4612 3185
1512 1528
1307 529
4734 3345
4402 2019
162 1594
1192 2173
1619 4150
2196 2146
2129 1711
4740 1560
4162 1035
1696 1016
4811 1988
3154 1338
3946 2574
4590 4684
728 3614
3155 4610
2716 4894
2013 3377
292 3622
1833 4035
2493 2355
2865 4462
415 1537
2634 4982
4693 2507
1510 1213
3907 3322
3211 1131
2673 1940
3294 1190
205 3653
3599 3599
4957 4653
4572 2159
4721 4308
2757 75
2481 3532
2326 695
191 3383
3075 1206
1439 2276
2504 1866
1018 1973
68 3942
2253 3982
3611 3693
1962 3722
65 3500
4481 2582
333 3983
4031 2657
3758 2835
941 1764
3836 2915
4306 1205
222 1494
37 1779
1661 2299
3644 2788
3458 4847
1949 85
2484 3779
3215 4379
3542 538
4132 1953
206 4610
740 2579
3198 2862
2378 89
323 2519
827 3645
4011 4390
956 2451
2787 2643
2370 1533
2195 202
4341 3150
619 1114
4947 1985
1074 4689
4468 3722
312 4524
3728 2653
3368 4447
299 3036
4204 1515
798 3857
4735 3511
2875 2643
4587 4362
4136 3279
2057 3451
2894 3931
4574 1967
756 4791
214 1015
1881 2589
3338 4359
4629 3678
1261 99
4467 882
4212 2836
1434 524
4664 2535
619 4127
1320 2160
2060 4167
2603 1585
285 2366
2590 3162
4785 2292
4290 3934
3472 4442
1927 2219
3615 2321
2019 1482
1397 740
4662 3926
2553 3595
201 1021
3259 4509
3193 3000
3182 3689
4968 960
1937 4253
3282 3061
4608 2300
4008 4906
3964 3709
2775 1041
2861 1612
3354 3410
3378 3075
3813 2621
1011 114
3069 596
3461 3881
4098 3591
3114 3757
792 4150
3257 3187
4159 2152
2492 4222
3301 2174
1131 4922
3479 147
2614 81
2563 4525
1942 3022
3626 3749
3019 463
190 254
3243 3756
1670 1590
1481 1942
376 1605
2369 3974
4571 2819
740 4790
1936 1592
3815 3934
13 1825
3638 1783
4261 4359
3240 2334
2950 1001
2464 474
3377 169
311 230
1860 1818
2243 720
3325 3736
518 1834
1398 200
365 2762
4356 4575
1107 2262
1304 3896
1276 492
2465 4452
211 4856
1548 331
2369 1121
4641 4060
3940 4968
4345 2915
2448 1929
4269 4271
2264 3562
3809 900
4236 2120
4299 1602
1932 1728
26 667
2011 153
2036 3567
2153 3501
15 3788
689 1908
2036 2785
3640 4741
4044 535
2119 2437
1106 3614
121 2410
240 4224
2002 3342
522 4917
4068 1915
3012 1796
4401 206
4059 793
4845 4988
2414 1891
4651 4898
383 1235
260 66
2926 2064
4821 1090
4300 585
1917 1558
3154 4623
939 3646
400 2175
3478 4076
918 551
805 2439
2947 3975
2879 1188
3577 1762
437 3051
327 2832
265 4148
1263 2890
4629 2392
3387 4266
1688 338
3155 1201
1527 1494
2891 1257
4445 1507
3838 1200
1043 1863
4781 2447
1970 2486
2220 3835
3405 2353
4127 1972
2102 888
2128 4081
2944 4975
181 2652
2758 1396
1850 4952
4562 100
820 2949
3479 883
987 3930
1541 1446
4323 1597
797 2292
2200 1118
3726 1950
1151 433
3260 1277
3297 3813
2963 124
2718 4995
1095 2587
1200 4468
4100 924
1134 3983
3428 2137
3125 404
839 2273
1550 3058
2461 1151
3319 2436
2033 3728
2632 3469
4421 3685
2986 1198
4498 3426
3668 1873
279 1902
2208 3901
1522 1073
3336 3070
1004 2509
1548 1220
655 2364
1618 854
1391 1580
4232 3911
2171 908
2068 2597
4691 4644
3085 2005
4391 3551
1968 4576
1160 3954
2854 3163
4397 3550
99 3793
133 3142
1822 599
730 4124
1487 957
4502 4701
2315 2349
1404 4038
4982 3021
4752 2152
485 2786
855 2066
4222 3115
165 1986
2676 3889
3936 473
2093 647
1026 519
1923 1302
3887 2863
4017 2047
4351 1485
4310 3682
735 4782
4292 4635
2556 794
1331 4614
2679 2809
1538 4712
3814 2552
3840 4531
1280 1459
525 3617
88 4287
4333 1276
4437 601
2904 4981
3492 839
2592 1522
1264 3816
3329 567
3363 1348
2929 4634
2528 4953
3139 903
3944 723
639 1291
3657 1790
1001 2037
4688 1035
1375 4387
831 3106
851 3116
307 388
2123 3075
3942 2221
4457 4882
1164 1643
1620 4476
1636 1196
1262 423
1050 4087
934 2457
2932 478
3462 1246
482 1685
2520 399
3405 1014
2806 4844
2076 4020
4358 1853
1840 1538
1516 1038
197 4058
2503 2371
1135 4245
3228 1033
3578 4367
3053 1534
2848 3043
98 540
2684 341
3098 4875
1754 4811
1598 3339
1245 1263
4157 831
4107 4688
2232 3207
4118 4150
2708 1962
3550 4930
4858 50
4489 683
2718 1586
1621 3949
4678 4364
2199 4606
4860 1221
996 142
747 2062
3701 3852
3166 332
607 3841
4713 1682
2511 3945
652 4464
4418 2895
389 3299
4202 590
594 2673
3257 2795
1636 2804
3593 3835
1832 2580
4888 1601
1976 1369
2917 192
1250 1099
2720 1544
1470 3385
502 2166
1965 4414
2430 3554
40 1486
4554 4034
4133 4224
457 487
1599 2458
4722 437
882 4166
1173 3737
4619 30
312 263
1999 1663
748 2961
333 344
4565 1339
2812 4512
643 1912
1044 3818
28 3128
4235 4542
1833 1330
1181 4377
1267 1432
4700 3921
1267 3901
2772 1746
2268 3056
3181 3073
1926 551
4663 653
2961 1001
2313 3762
4265 4125
216 3817
1564 1660
1171 3609
3161 2827
320 2797
1332 1910
4230 875
2592 4846
3112 575
4251 4692
3031 4041
2325 1922
3302 2882
159 3105
1788 4619
1855 3638
437 361
1138 3191
1372 4178
718 4399
3559 2105
2402 1614
3837 3445
3177 1714
3901 283
3297 765
522 1990
3013 2026
3768 4974
124 4555
4602 4693
791 1722
4034 2063
2842 931
1604 2558
3365 1400
1485 3189
1976 947
3691 4018
4475 884
872 1825
445 3298
4186 3328
3868 2671
2557 1814
2146 1337
1173 4289
4631 2760
3456 4022
2568 587
4021 697
53 2960
300 2869
70 621
2425 1320
1916 3207
4294 3261
211 1490
4069 928
708 4520
3837 4006
2312 4286
565 287
3128 1337
4421 895
905 565
1451 2232
4492 3207
2867 3525
2022 2331
3092 4669
3508 4472
3546 3141
2417 3771
413 2285
3667 3999
2707 2949
681 786
439 205
1087 2696
1172 1712
3662 3375
3880 2089
102 2369
3606 2855
4088 2575
2708 123
1066 1417
294 3649
4635 2507
191 343
4968 4008
1023 4045
2590 2086
4090 3429
1196 2748
3998 2443
2388 2883
991 3370
3299 4572
4564 3774
3177 3259
291 4086
808 393
1002 3054
1825 4344
4973 2442
3 481
3076 4676
4460 957
1254 2943
4909 2641
3345 727
770 2841
4091 2968
3586 3521
2198 3216
5 1978
1011 3387
3069 1733
2031 2263
4855 1445
4412 1977
2058 1036
3112 3265
371 1958
410 3857
4563 3558
1594 3509
2016 2950
697 3559
3577 2340
1277 3723
2410 2961
479 490
2850 971
793 4791
3314 1520
3513 3448
1013 2770
2713 1869
4996 3637
4189 3838
1940 3439
2732 4878
1249 1249
762 4094
937 4283
4029 633
3865 773
79 1501
3588 2552
4223 4721
2083 1397
3053 1257
4478 2997
1451 2538
2590 2234
542 1949
4082 2858
2391 501
2032 2826
1591 71
1306 1147
1174 916
2818 839
4841 3004
2908 2096
2935 2848
2312 4116
459 2032
3461 2755
3227 4915
1259 1851
2917 2900
1222 439
537 2878
3302 2697
4324 995
1063 2288
1238 1575
3559 1123
3396 1272
1231 4637
1861 3353
4440 1577
1920 1937
2556 3947
3088 4330
2238 4453
506 976
2810 580
4847 2480
316 2827
4517 2374
1884 4669
163 2552
2812 3405
2583 3090
4276 3475
4833 1079
3564 4811
3312 1763
1021 105
1993 3622
824 3442
74 3402
1010 1601
389 4614
2264 238
1515 4199
4677 1110
3205 1361
194 436
4718 2848
2425 4802
3634 1367
1572 3747
4028 4410
2461 3827
3132 242
794 728
1126 670
4825 2402
2628 1623
822 479
997 569
171 2086
1327 1948
999 3758
358 1812
1534 2523
1380 4612
1904 922
3993 2770
4739 2486
1552 4598
662 1093
2858 4189
1393 485
3167 776
1296 455
2970 3896
2779 3411
265 3961
2754 3260
1252 4229
1711 662
2156 667
180 246
2967 4499
4610 543
3154 417
4339 2277
3798 601
1241 4332
4357 3193
1203 41
1628 4740
2943 3254
858 3984
3494 2884
3427 1758
417 214
3867 1605
3008 1546
4647 30
2202 1607
2344 4572
2165 4199
3207 4783
2976 2145
261 3239
3349 2130
2018 1153
746 469
3531 4916
3173 2744
2281 2480
2028 1190
3045 3184
1360 2211
2335 3325
4162 552
2773 2235
4580 4936
735 2574
1735 2478
993 967
22 2368
3914 2226
2442 2654
2921 59
4925 4356
1535 3591
3048 1691
1421 28
3213 75
2624 1352
1960 4436
2328 4806
2924 1392
560 2452
4108 1009
1284 2261
1118 3650
1467 3798
853 4872
1879 240
997 4890
1750 1094
3182 4266
2866 4312
77 3876
4245 468
1885 4603
490 4431
3173 2538
3456 4496
2492 2911
4892 547
2129 1804
4518 66
4717 3310
4766 273
400 2623
2746 3402
313 1979
1582 752
1463 1323
3226 1831
2466 1496
1719 963
4912 2838
4500 859
2216 1110
4171 4254
2971 538
1239 3798
3059 2897
4176 1728
1486 4988
4988 2737
2823 575
847 2681
4167 3223
1293 2828
4313 4738
2208 339
4756 4457
2364 14
571 4683
214 2923
4774 2463
3779 3575
4078 770
444 4640
3247 1431
572 3742
3048 3111
3465 456
2865 2605
632 4084
1595 531
369 1043
1829 405
155 671
4954 4780
932 2427
4995 3980
4565 2085
2499 3359
4331 4185
1431 4981
2761 1465
2025 2430
3181 3907
957 4708
4351 2384
4589 709
2495 3991
1706 2389
810 3389
331 2211
4737 297
2607 3881
676 2266
4474 2466
1273 1639
4628 3644
2555 3137
2976 4994
3715 919
3757 4620
4134 2529
4675 1110
2880 900
52 1239
2188 1835
2572 4545
4840 3059
1338 2911
615 2501
356 1260
3292 799
2935 4283
1956 2534
2861 1068
1 2918
2208 4787
1012 3549
2266 3746
2523 2304
4292 526
1796 1071
467 3635
1529 4147
3492 3028
1074 3488
2756 4536
3118 529
3174 4196
2330 3703
16 4919
646 1151
2695 4320
4970 4052
2551 1209
921 3819
2916 3556
3581 4323
2196 3961
4189 2258
884 3000
519 1509
3804 3746
2711 3234
675 4837
2924 3199
1686 2110
3336 4429
3569 2034
564 2079
3020 2119
3522 1572
1301 1700
4861 3161
4726 4898
1297 4334
1480 4000
3113 4720
4504 3372
166 3834
3667 509
3941 2375
2677 1777
4378 2903
1746 3127
4361 2344
1956 2158
117 1718
3555 3947
4154 2250
2444 1350
846 3387
3480 839
623 4256
4881 4004
4147 4536
3364 3425
2965 502
4479 3115
3866 3790
4613 250
4622 1536
1176 1163
292 1946
1917 3751
1696 4983
4476 1274
214 4724
532 1748
261 1406
1291 2078
203 351
1663 2955
4037 1548
3871 110
2791 2790
337 4307
2259 3576
1832 412
654 4680
4136 1520
4809 1110
135 2123
599 4632
2381 3570
4208 107
1329 2025
1766 3748
2465 2437
711 528
3018 3905
2291 38
24 2489
4479 4995
237 3460
3125 1849
723 370
961 2273
2769 4544
3911 4361
4622 2623
574 2922
1641 2715
3685 3345
3138 1426
3368 1038
4024 3209
2266 1547
1676 2285
453 708
4520 2182
1247 1190
4346 463
3352 4221
1909 4491
2090 779
4650 2871
371 1887
345 400
1661 1980
2824 944
2019 3251
2363 977
1827 1397
4596 319
900 2433
1181 4166
1510 3648
2808 482
4887 4317
3395 4562
1051 1635
3215 4864
4151 2983
329 4061
252 134
4943 3243
4740 1094
2828 3983
2093 4558
1402 2797
1376 3684
1072 1833
3861 1285
2764 4466
4144 467
4236 1680
1974 2584
977 3904
4193 3786
2467 2848
1901 2105
4769 3272
3589 4504
2575 2478
3461 1219
2374 2264
4123 2064
1854 2562
3349 1015
4685 3124
3656 786
3838 1574
4094 3111
4558 81
4647 3270
514 3372
2713 3986
3663 665
265 2777
389 4525
3206 4504
3862 4437
1322 3257
1393 1
3574 1121
890 3329
4294 3876
3046 396
4229 4501
623 2495
2284 724
3858 4519
3351 1447
1374 2956
3089 1061
1075 3508
2303 4720
3431 3737
185 3773
1025 3234
4656 4329
2666 2721
69 498
2188 2173
4259 4246
1896 4235
4463 2263
560 4688
2810 4518
4248 3407
2594 689
2869 2172
4492 3562
2668 2531
177 2
609 2781
1447 1545
1783 2440
2435 4094
1883 2423
2062 58
822 3780
1523 174
3500 3611
2246 1377
2134 1628
2205 3097
3206 3401
131 3120
3986 1613
4517 4929
1351 890
2589 2673
846 3072
101 3730
1282 1883
1505 688
248 734
4157 2639
2024 1504
741 4373
4624 1504
2991 943
805 1863
1695 2348
2633 1235
4109 1710
1932 4433
1839 434
4748 3952
3991 777
1627 2329
2007 4019
78 159
197 3999
3462 3
4012 3299
4786 2446
1068 1806
3935 3065
696 62
1503 2949
3797 2584
1822 218
2628 2841
4857 587
2625 4163
462 3385
671 3338
2846 447
1837 4034
2390 2416
303 2841
3097 4824
2080 2846
2187 2697
1849 4385
3874 588
2929 938
456 4635
3051 1754
3756 4134
2868 4928
4551 2923
4847 1907
1797 1630
3651 2502
2020 1634
2269 1597
4455 922
2746 3424
2688 2308
2772 1896
3634 4465
1045 3513
3386 1266
2783 25
812 769
2113 3196
983 2700
854 1681
4915 1234
3141 4082
1849 1651
3055 1729
4757 2672
2356 4416
3744 643
2299 1560
2258 3709
2320 4295
496 660
1245 3241
3541 496
817 1165
2087 1441
2240 3609
1911 3857
3426 2652
3718 1303
3487 2168
4913 3964
1694 4214
3256 1577
66 1748
4666 2529
885 1972
2288 1648
3133 1000
2051 1623
113 2139
4897 931
4794 3196
4055 2872
1655 3191
3695 1978
4076 3730
539 3929
2899 4073
4847 4988
275 106
2819 2701
966 3124
3173 1279
4861 3675
1704 2501
2578 3855
3051 2573
4068 3798
2163 1551
1421 3205
1337 4270
2183 3454
4488 3719
2939 3530
3442 1514
2352 3567
4503 3602
1573 319
4606 3595
4863 4930
2944 1635
1445 2374
85 4015
1854 3734
3480 2764
1015 3667
4694 4685
3785 664
1801 4096
3426 1103
718 1329
2229 1171
2895 2172
427 4866
150 3614
491 2415
3672 3265
3181 4181
4646 4150
3171 3677
1030 2151
228 543
665 3401
392 4498
2455 576
3752 763
963 2285
4844 3132
3932 2752
4484 1354
3589 2916
360 4673
2118 1994
2904 1661
4590 2953
640 2279
1325 341
2156 4056
2469 4505
3130 4845
2670 481
2113 3904
1575 2992
3719 1034
3461 2266
3951 3200
611 1545
544 2370
4621 1699
4929 2898
3291 579
565 1149
3924 1146
3018 3457
4683 3362
2043 720
2988 66
1871 3531
3125 2359
2345 4774
2979 2493
3342 1447
2017 458
3172 4273
2303 3104
565 1895
759 4509
1828 2563
4877 239
4360 2500
4760 4763
3293 4329
4963 2089
1404 1982
4167 1184
3901 433
3860 3931
2669 4012
721 4623
1266 3111
480 1063
447 2849
2261 3018
672 915
2635 2252
2262 4741
4294 1075
4393 4519
1158 1644
197 4846
2631 4924
955 842
3631 3858
2549 1984
2492 2060
4245 990
449 1260
4675 911
3906 784
4396 2668
3377 4746
1084 4941
2807 1298
1845 2564
2257 3557
4637 75
781 4660
4653 2070
1798 2514
1550 4771
2148 4823
2628 433
2218 282
3803 3391
4389 1592
4456 3399
4833 2710
4871 1638
4456 2483
1778 2222
1701 4821
788 3832
2020 649
4038 420
2697 3699
3757 4736
2111 4793
642 2362
2351 650
763 2680
105 129
1121 1914
504 2144
1341 1434
4593 2086
4316 4384
505 269
1235 4629
4022 3547
348 730
4478 3903
1105 1074
99 3209
4471 1688
3558 3095
1416 343
8 4590
669 3388
2614 1845
1258 3198
4094 1735
4231 1086
64 3043
3560 2928
785 1107
456 2889
263 4298
3271 4379
377 1196
3578 3383
1722 1083
2230 658
1168 249
215 2105
3485 1885
3971 4668
1124 2810
4302 2986
91 3069
3780 2242
3970 4616
3067 4391
1594 4393
2847 590
3867 4762
945 3186
4329 1806
1504 357
2760 4515
2023 1498
4815 2018
3489 1701
4259 1671
1804 4039
4877 347
4441 1160
3055 3272
2427 3952
4277 4885
700 1608
3368 4822
1007 1138
4614 2912
2571 4829
592 978
1765 1702
394 4730
196 1217
1154 1887
3643 87
233 3509
645 4919
80 316
4466 1901
2096 749
3090 1184
4101 4030
1779 1648
1019 2194
4964 3581
2101 4863
3087 2415
3856 95
1334 2123
637 1079
4231 3250
509 2806
1754 1361
4939 160
3321 2022
2780 2189
982 2010
2853 3640
3944 4450
3529 4319
2609 2820
4671 2871
2450 3803
746 2642
1874 3601
548 636
996 3380
469 2211
1166 1744
3723 4728
1201 4370
212 7
2347 3760
3363 3987
3658 2147
762 278
4810 1633
610 4212
1405 4187
2918 2197
2521 2427
1108 1477
1005 4949
2725 4385
3378 579
3793 2968
4587 1535
2946 2595
3345 2809
3869 2696
1483 1757
1563 1677
76 3198
1912 193
3178 3669
3894 2274
13 2281
2384 4901
1931 2815
1056 358
768 3765
814 1881
135 4977
539 3160
1665 3932
4221 1703
3398 1450
1779 2267
209 3623
3985 2068
1768 1288
427 898
4077 2221
433 3783
723 3847
4788 675
2573 1493
2881 4584
1475 2036
3370 4165
3019 3730
2477 2372
1753 2910
3489 1077
4237 160
1535 297
4528 3989
1145 865
549 487
4575 3304
2001 282
843 4130
3707 464
3884 2638
3424 2269
4217 4410
1315 3316
2258 4946
4844 2379
1374 1079
2051 893
2580 2819
631 3677
2644 621
268 3999
1636 3567
4616 4531
4024 2767
3700 2055
2330 1272
3321 583
2671 1998
3333 3967
382 4291
2108 1821
4257 3656
1291 10
3058 4021
1043 1206
3952 4268
1379 2066
1277 1718
3419 2459
200 3592
2676 1213
1387 600
2969 3948
1331 810
2331 3306
2283 2700
3831 4770
2036 3813
320 4643
1866 13
4646 994
1978 3229
3243 4264
3098 2133
1955 435
4451 2735
3735 1155
3240 4477
1260 3962
623 1626
1258 4854
832 3214
959 1908
1901 801
4442 3503
4889 1077
521 4737
340 4655
4804 2349
4689 3861
4706 349
3654 3190
1291 4053
1243 781
45 2315
2927 2379
4077 2763
4854 218
3118 4035
4247 2054
234 4932
2363 1356
1477 3140
4977 3723
4768 4622
4780 1685
1641 4734
1912 451
4429 3219
466 2526
4119 165
4703 3457
1878 3002
4294 3116
3208 2391
327 1988
2078 3615
4238 1655
4010 3962
846 3926
704 103
2792 4
4921 457
930 4061
1186 4019
2070 3517
2802 1970
3627 4789
272 1774
1082 3640
1232 4351
4459 3908
3296 1739
4736 2957
1504 3099
4682 2487
418 4168
1691 4982
1262 4039
3278 1417
628 1550
443 120
1317 2828
1259 3480
2735 2981
3977 2295
4374 1946
245 2273
392 1343
4985 3543
4939 2442
2 439
1089 2500
2730 14
2709 1247
2629 50
2538 4590
290 3629
2218 4874
3553 4433
3797 1947
543 2718
2698 1529
2075 556
2630 4084
251 916
1785 289
3815 3818
2218 4691
59 4822
1172 1346
1520 2534
4611 4528
3345 3323
2396 4543
1544 3811
542 1225
3736 820
2320 2447
4203 3476
815 556
1030 4200
2147 4741
3151 4166
4069 2089
3050 1525
1161 4598
71 2026
4275 854
4467 1217
3537 4596
2386 1780
3454 1941
1774 2820
3231 2804
1313 1692
3491 1251
2679 2315
381 3946
3183 1748
4793 4445
2901 1562
3088 4551
4562 3279
81 3986
3021 4245
2671 1685
4302 130
4369 491
4502 2704
2073 2407
4975 242
711 814
567 4640
356 1393
4811 260
4241 2484
4818 1126
4680 4526
2715 1208
2350 4666
1974 1233
4656 583
3180 345
3184 4474
4615 4481
649 3072
2224 859
917 91
3210 1204
663 663
1142 42
4962 3842
560 4326
4924 1460
1715 1751
4466 567
3577 4744
1185 1301
2571 949
2321 4897
3147 1712
3761 21
1316 4455
4451 4808
4438 4880
1203 2059
688 1750
2098 4824
142 237
2090 1416
1665 2718
3814 3276
3629 3237
3492 1846
3422 3348
2263 658
540 1801
1658 3482
1812 937
2568 3648
2841 1645
1455 1682
4256 1376
3920 4806
521 2591
2293 4350
2382 3841
1107 3307
4382 3065
254 4492
1033 2566
3100 3700
4467 3025
1768 1418
3707 3335
4497 3751
132 4494
1330 3460
3522 171
128 2050
2017 4962
2082 1392
178 941
3715 1005
2979 2917
578 4294
3078 3873
4537 3244
1604 1885
3390 1684
1805 3934
2193 3442
2052 1170
3748 847
211 1019
4302 4248
2634 3846
1511 821
3463 952
3326 3295
4436 1597
3511 7
3597 3698
2003 4822
1951 4479
2366 3572
3643 4099
3503 2005
3337 2606
4800 1777
1992 250
4821 2236
2459 3961
443 482
2448 2303
1774 2031
994 894
1074 486
834 2245
3717 2544
3334 1872
953 3397
425 3363
2924 4359
324 2042
2754 1615
1835 524
1946 1986
1178 3791
4393 2899
1278 4057
1767 1047
4218 480
4174 825
1575 2471
377 1868
2979 2517
4895 2815
642 3758
1949 2191
1293 3603
1961 566
1321 428
2331 2398
3471 1799
1014 3674
1799 4395
485 659
3285 2995
147 226
4088 57
804 4120
3623 2814
429 1865
4759 1476
4150 506
734 2488
4840 2081
2036 4264
4692 1801
4737 3802
411 469
331 2528
2167 4510
4327 4331
4273 1540
3925 769
2435 4954
191 2025
847 1354
3310 2249
3250 2964
4624 4926
1674 4239
3218 1297
3210 8
3955 2687
4702 3393
2165 678
4206 286
2577 3501
2602 4802
633 3729
2131 2321
2645 1074
4005 3307
953 842
3804 4976
3989 434
1499 642
3757 4228
43 974
2445 4849
3439 396
2622 919
163 2023
2771 4147
1884 1026
663 2292
4059 3631
2990 4380
384 2137
238 3721
3613 460
1306 3133
3692 2405
4060 2980
3432 1090
1960 2977
827 4048
4630 3140
4104 2389
761 2499
195 882
496 861
1327 3706
4252 2653
3094 593
3884 4235
634 1850
2710 1864
3984 4247
1342 397
2013 674
1157 2576
4649 533
1159 984
3499 3684
661 1127
2555 4210
598 2800
3045 3760
3049 4828
1918 142
666 3297
4599 3069
404 729
3446 4947
2813 3387
1679 1131
4271 3012
4645 2740
3952 1735
992 400
90 3559
3548 702
847 2216
4541 423
45 1578
4015 104
4914 2312
1132 1310
2209 459
884 4683
4250 3835
3966 345
4301 3835
4392 181
618 2068
3429 1691
1246 3245
256 1036
1562 4848
3732 792
2751 2562
935 3543
2087 4157
3548 3888
1801 3488
36 3366
2997 4868
825 1007
2617 94
1648 1252
3890 4504
2453 4762
499 1287
855 4791
881 4339
4133 4205
1578 416
3191 4184
3307 3797
3379 1703
2388 1785
4373 4632
3578 419
1723 1219
878 4413
2570 4986
4485 3568
388 2950
2228 4871
959 813
2526 144
4859 2874
2870 4633
2142 1652
2075 3179
965 437
4449 2232
1935 2420
3343 2253
550 598
48 2378
860 4234
3147 4710
3238 4106
4317 4111
1215 3384
4500 3062
577 2431
507 906
3216 3100
2173 2961
2985 1730
3824 2656
4231 4191
1811 4123
2689 4518
982 1765
558 2814
3130 380
507 3785
3101 4825
255 2767
3082 2496
2051 2410
2281 3041
2723 3301
2083 232
1865 3971
238 3367
3108 679
969 3348
2094 3095
1852 3522
3147 3417
3951 3265
3461 4649
287 3257
4615 426
4157 4295
4440 725
1411 2208
1392 3214
948 782
1960 1087
4333 3825
2939 369
2909 57
2561 3963
623 2555
3476 254
4167 4780
4030 1519
3593 4318
3555 3348
4769 50
1228 2375
3219 1919
2952 2989
3079 2473
3282 3170
4878 4199
4467 2373
2151 2747
1628 4906
4980 4655
899 3032
3174 2999
3729 1720
334 1699
2221 355
3193 1244
3187 4684
4240 2829
4524 2575
3494 2900
272 3038
2249 3392
1657 1604
4432 3803
873 622
4731 2710
4757 4753
1022 4254
4798 3481
211 2383
3613 2703
3299 1883
4995 4169
23 296
3099 4660
3770 1933
4429 3389
3024 1232
3336 4823
520 1483
1659 222
165 2675
700 3
1992 3435
1267 3585
1832 677
4458 2530
3113 3771
4257 1382
3378 4232
2146 694
917 3300
3790 1034
2714 2398
2537 1473
2479 3461
849 2578
1459 167
4547 4923
1703 724
2958 990
4173 482
2754 4900
1084 638
17 691
2738 4944
2342 2676
721 3022
1032 913
310 4459
726 544
1540 658
4182 2291
3743 1831
4213 4420
4343 202
2043 3923
2861 4995
2000 3539
2772 4066
77 1815
4534 3360
667 3091
2637 2369
1834 3691
4134 2827
2161 3524
2648 3480
4363 348
1594 4212
3446 3477
2843 177
3224 643
3781 1287
629 4435
4789 4470
4163 1239
3414 3677
4986 2739
4828 3979
3979 2309
4951 2724
3560 4564
3681 78
4559 4757
1068 3577
4736 354
2660 4101
309 1866
1961 4846
47 44
2970 2219
745 34
2968 393
789 4265
3055 4237
2419 3803
640 1173
4650 1056
4438 1346
3963 3430
3632 1715
3791 972
4632 1947
923 2724
1932 425
1892 2690
2191 3322
4640 2910
4985 2355
3870 427
2664 1848
2582 232
2240 1890
2168 4529
3788 3547
3538 1400
1285 3055
2562 4606
1600 4430
3956 1252
3396 605
3024 709
2909 4973
4985 3907
2080 1183
3585 1967
3469 4483
1753 4649
3826 247
2909 3680
37 3239
307 236
1768 4199
2806 1319
3119 2430
3257 586
1859 1223
1022 939
560 3759
4409 2769
188 3517
4326 4282
4736 4517
4448 125
4941 2351
3858 1473
45 4570
3293 558
2067 4320
2728 1341
120 3691
901 3304
2243 2670
1886 1596
4106 2174
3437 952
831 2223
4836 731
3515 1862
2010 2890
2518 1465
1643 4186
4600 2660
3407 4668
4436 4322
1798 4753
3193 959
4807 2330
924 177
3981 3556
980 3870
2812 2582
3689 3832
1594 1949
2637 3527
4887 4863
4273 1624
1297 1902
3718 1742
4997 1239
4572 1840
1046 4126
1983 2403
1524 2105
991 4256
1225 3865
1734 2659
196 4046
4388 3226
2214 3771
381 4074
579 1429
3367 2319
3950 475
3912 803
4394 1234
3624 3106
1550 2439
4443 4851
2813 1284
1332 814
3602 2670
4578 4011
805 3809
3926 3904
4868 626
4097 2058
2819 4998
4777 2196
841 2455
978 1158
1708 3486
1829 4802
4445 4469
4376 2559
2487 2576
2685 308
3663 218
3678 832
671 955
1213 4720
3634 4041
4464 2146
1749 667
407 1578
1508 728
2280 2577
367 2880
1957 4701
266 3345
1876 3413
1346 1930
4262 587
1332 621
4884 2289
3096 2390
2789 542
130 385
3072 2183
2908 127
4266 3434
1211 2292
3216 1788
1550 1886
4217 4972
2150 1069
4101 2485
1481 1203
3620 2394
2101 4419
3001 3586
4070 1532
3821 2511
2354 1781
4642 394
3810 4406
1340 4637
4369 2566
3562 3958
1213 4834
2772 4020
2389 3492
3949 4539
2577 4691
2822 2163
3444 2839
3489 161
4117 4799
1967 2114
4426 2481
1076 846
3080 2022
4419 3926
4482 116
166 462
3481 4955
4350 657
2833 2160
813 4621
3266 3259
125 1240
4391 672
4016 581
676 833
992 1298
2005 3612
41 1186
2204 3669
851 3537
1215 2859
2462 1736
3390 31
1009 2022
2171 2072
248 1842
4790 838
1787 3460
2058 1505
4093 1232
793 1963
926 70
613 4665
3850 4592
592 4830
3623 328
1729 296
3392 3002
555 97
3458 436
4554 1097
1203 2443
954 2216
803 1118
1139 3946
4318 1720
4921 2752
3645 1816
3435 4633
4750 2658
762 1033
4919 1338
2164 1036
2071 1371
3644 4947
4410 4943
3482 3884
3581 3265
779 71
4742 1908
2942 3902
2438 303
1077 94
97 2770
1559 2363
3586 2505
1949 2954
3971 1759
4881 532
2507 4504
4123 1986
762 1173
1616 4776
2112 4560
3154 4737
3913 454
2877 4483
1633 1893
1912 1113
2379 4588
425 1739
1906 475
3357 3265
1574 2728
1539 3113
3781 2194
1605 1050
4994 3822
4866 4352
310 3006
2708 834
1231 4737
533 4634
2450 3627
2300 1844
36 592
292 1687
1290 3582
688 4914
213 2922
2094 2393
3087 4855
2312 3217
4247 950
4293 1022
2748 3752
1351 2234
4378 2121
4670 806
3159 4997
4979 4722
1420 2427
1966 3284
929 4933
2116 3021
4974 3843
276 3772
1806 4460
3718 3844
4125 3952
526 2116
428 1101
420 3848
2904 1360
3531 3816
3775 4924
3456 1497
2392 191
2864 421
1726 2814
1144 1156
3040 1718
4892 3216
4323 2661
4445 3814
125 681
340 2644
919 4638
4976 98
2184 742
454 1059
1349 1981
818 2412
4766 4626
2628 3620
1136 4645
4896 1961
4464 646
3564 4961
3838 4426
2223 3574
2068 2411
3554 900
4743 866
1911 2351
3032 3753
1763 4400
3940 1174
2931 4364
1784 2100
4336 3903
4075 173
2832 4408
4966 4740
2092 4698
4227 4365
157 3071
3496 1193
1148 1929
319 4978
1150 1457
2604 1432
1632 1572
1592 4078
1378 3563
3113 2369
2275 1204
1951 1324
3372 363
9 1492
217 4852
4858 3896
952 4681
840 1133
2574 3399
3670 2350
4325 4537
2048 2423
3637 1346
4226 2785
2056 4015
1332 4200
838 2956
85 4405
858 2923
4079 4078
4492 1896
2865 3287
4838 3580
3470 1079
1076 4089
2918 3561
69 1620
4089 2090
3577 3506
857 2682
237 721
1857 2466
2654 3626
3561 2082
4279 4112
104 2654
4429 4406
3588 4735
2791 3229
706 4992
1944 3521
2860 1951
745 454
4822 1670
2728 2420
2888 699
2432 1135
362 14
1640 3358
3337 4435
499 2333
4721 388
1335 4185
1590 1158
1093 3138
411 1137
220 1782
1409 63
3408 4370
3865 1808
3304 4186
3365 2244
1588 3988
569 830
1634 3577
2751 1585
3025 4257
4979 838
3198 3496
4483 2268
955 1171
4034 4389
1350 4908
1593 3535
1804 3155
3883 1804
918 30
3739 2382
3500 1488
3811 885
1387 916
4713 1202
4498 1117
4425 3362
2809 4810
4276 2711
107 302
520 3611
969 1612
2233 2958
2759 4380
2316 1850
3837 1877
4302 289
4246 4544
1682 4084
2430 2654
1579 2873
4744 2214
2935 4592
1141 4051
903 2052
1221 2330
973 1411
1602 1039
3439 1111
2129 681
1236 2036
4367 1755
4346 4135
558 1163
1426 1982
3664 2638
1514 992
1737 150
4219 35
239 3355
2682 2630
3974 3595
2771 3775
445 1608
21 1120
1404 4006
4557 2238
2440 291
397 2334
3280 776
3692 1456
4643 3420
724 2591
4501 997
4265 3172
1879 3396
1554 1578
4521 1908
3943 4392
4940 3490
2991 2363
2447 1262
3347 2658
4892 1546
2723 54
1908 4747
3672 4921
1522 1720
4805 1436
2408 4077
2450 2843
1276 4419
224 2641
3908 1771
3095 2825
622 4398
1949 960
893 914
4375 3220
4023 1944
475 4661
4865 199
1022 2243
1059 4561
4361 1162
1750 305
4058 70
3864 2073
839 46
3384 2434
2235 883
629 4557
2835 899
2370 1166
1304 792
905 4615
167 2409
730 700
3268 1206
2967 4603
4027 521
1278 4075
4987 1753
2932 4690
2010 2554
3147 4623
953 2126
4185 2723
4837 1090
2162 2836
1342 1264
213 3035
283 1220
1409 1531
1250 2384
667 2867
367 4614
1610 26
2257 4705
4739 1916
161 3844
1513 2244
2795 3004
141 1117
2732 2930
1022 522
3948 1353
2683 1910
3331 1381
1823 2078
4581 1350
3080 982
3413 3104
1495 4593
2016 2539
2405 1622
960 1813
3003 3051
447 1973
1870 4873
3718 3960
1289 1267
922 3844
798 1398
1747 187
3500 2028
812 2220
3738 2220
98 1157
3413 2211
471 1311
3606 4776
3337 4404
2617 1048
2633 1503
4722 1493
2447 3642
2982 1678
3086 3483
395 3353
3752 107
488 3090
4281 3900
2987 462
0 3218
28 1537
4848 1407
3405 687
4985 4822
1687 3720
682 543
4148 1353
3767 4520
458 4585
2026 4173
4116 4163
54 3873
3664 4364
341 2168
2030 1435
3178 162
3437 4307
31 1409
1666 2646
3252 4065
4672 4933
3642 576
3110 1774
2684 1439
1719 426
589 3365
3674 782
3383 3993
4459 4425
2751 3309
469 2939
4003 2090
2771 1350
3566 4518
2479 3258
4680 3844
3756 1659
1778 2217
2646 4093
4121 286
1662 4384
4793 2499
1906 1222
4827 3400
997 2646
4918 151
2225 2044
4958 4939
1889 4802
3847 1857
2668 2866
1560 4851
3407 92
4627 277
4972 2274
1139 1084
1749 3221
1040 2147
2060 4589
4958 1653
4878 1972
2244 3565
2578 4512
1643 221
392 2991
3076 491
3572 1115
1233 2397
3021 3282
1457 807
1611 860
3702 40
2200 3894
4742 1988
3280 4156
3120 2675
3377 3203
2039 4486
4077 3985
2791 1348
777 1003
3567 299
1436 3657
3174 2776
2909 4549
2704 4666
1458 1487
2420 2643
3620 3761
3133 4633
3349 4840
2724 3663
1731 3620
4680 890
4563 2863
4286 2166
878 3108
1131 2993
3175 3452
161 4270
2128 2348
2470 3663
809 3981
2666 4278
2067 4013
675 4991
2973 3675
1707 2987
2826 230
2162 2986
4859 421
4851 943
1564 4497
4311 56
3929 1621
2259 1180
3500 3532
3191 1899
2827 4890
2356 2762
4569 779
2139 1115
1339 1135
1365 2706
2516 3213
991 1385
4667 3973
2490 1063
1703 1950
4854 4099
4116 2821
1888 4215
870 3806
3786 4541
267 2397
1528 2927
2723 1492
185 3788
1534 1093
3118 2440
1663 1725
975 98
1675 2185
1329 695
4826 2193
1524 534
1287 1821
1320 3929
2805 4378
3000 3064
2189 3544
2246 3305
4093 472
1864 2897
1709 3258
1266 2178
1265 3884
1012 4182
3145 816
1434 2757
4203 878
630 2369
3611 2751
2833 2791
1918 4637
2267 4403
4653 4437
3815 3605
2997 4796
2380 3985
683 4390
4366 3827
4228 3033
4067 2930
610 390
3601 2190
1652 3037
3890 3592
691 109
212 3541
3333 2690
3195 1149
4453 2891
2082 87
3146 4478
910 1844
2817 1109
75 2092
2816 4862
870 3592
3851 248
2108 2130
3849 753
4570 3636
4983 323
1756 4041
827 4418
1870 4397
4043 2478
472 158
4632 1457
2749 1496
4378 1575
2694 4035
3941 1999
4829 3068
3806 4502
1182 630
1628 3978
4014 4058
400 3404
351 4800
4752 3330
4434 1093
4660 928
4708 1449
1733 3218
3533 3086
2851 3110
4492 4740
2948 2563
4341 2164
3768 3050
3970 203
2345 554
355 4328
3734 360
2588 4267
1113 3346
167 1530
1793 3993
2665 2417
1817 2777
3373 2803
3535 1469
3680 2146
4910 4455
4224 1650
2697 2570
3120 4026
3808 2561
3535 4395
3549 3637
1797 2803
2201 2517
4202 4238
3520 1189
3060 3879
3942 3467
1444 2324
4885 4727
1166 3826
2616 1769
2177 504
4281 1461
1443 1884
868 3775
1651 744
336 1794
2775 4294
371 3031
2199 628
4704 334
571 4463
4055 1164
3523 1257
199 854
777 2489
2489 4557
1249 2023
4689 756
4212 1823
4558 3407
4553 3963
2420 4628
4233 3559
373 1340
3993 3138
265 2988
1082 362
4848 4349
4853 1262
3294 3470
1285 2500
4878 3545
3169 236
3186 900
4180 2406
1302 1874
1759 2638
3764 1892
668 3854
4630 4545
2866 1122
212 4197
797 3484
100 4543
4795 3470
4176 2024
3793 4328
3164 3034
2195 1309
1406 4911
2398 1457
1913 944
2188 131
1685 1908
4384 3989
1839 2012
3316 1515
4421 4209
4089 4319
1805 1679
1419 917
245 1736
2546 3695
534 2249
373 3614
601 3876
1534 2713
3393 2240
3461 274
1115 4231
2881 3525
241 2991
2898 749
3374 653
2212 1245
4345 2133
2487 4100
3743 3775
4202 2322
23 3018
1345 2713
2291 3171
3279 2948
3727 3550
3268 993
4831 528
3907 3409
4648 4632
2 3216
1599 4153
2703 1234
853 1797
4147 4682
704 2201
2989 1117
3306 3201
1225 3269
4087 2086
1425 916
1782 4101
4527 4276
9 2113
407 4736
19 1485
3813 3658
3538 3742
1528 3499
329 3852
4471 1382
4936 3535
2516 2618
2526 4251
3768 1601
1266 1661
3413 4727
4837 1115
4821 1100
1392 2098
766 4582
1729 2995
4385 289
489 4381
1653 1062
3261 3860
702 4776
54 1588
279 2111
1548 1622
4169 2818
3040 4075
635 205
2991 2147
2269 3057
2164 4207
181 4194
1267 790
2119 4073
3460 222
895 2368
2784 2593
567 1144
3677 2721
2238 146
817 3791
294 4436
288 2149
900 2241
4747 63
1445 3932
2231 2534
1220 1312
2803 1227
3480 3064
2401 3150
2777 3101
449 3908
3242 34
3995 2133
1978 3233
119 2263
718 249
2377 3840
3123 2862
2440 2925
2928 3844
2665 4638
2962 4759
4305 4301
4736 1994
21 44
4381 4046
3788 1538
406 417
3844 3917
2412 4816
4139 3939
4166 1500
3108 2317
1065 3137
4349 1478
110 1503
2085 2638
2517 2576
2911 420
342 742
4260 2634
2624 4710
2633 1762
1536 2025
576 421
626 2466
2013 4803
3950 4251
4006 3380
2545 1635
2482 1138
31 191
1311 1294
2050 74
4087 4463
2543 1173
645 4826
330 252
2590 3750
4860 889
3987 1170
1839 3415
1014 3132
741 2411
653 2414
2702 3743
1688 2928
4067 3581
1017 3321
1800 3479
3444 2429
1831 1669
3538 1952
1680 3042
3435 3487
1145 4433
3135 3253
3074 3769
1374 477
1655 2060
1985 4343
3817 143
1332 585
1750 1440
1941 3985
2563 2681
2840 1658
675 3702
1078 4061
291 3279
1949 181
3200 2342
4775 3179
2186 403
1672 3607
1987 1043
3582 2255
3538 4994
1439 3693
2391 2433
2488 2877
2913 276
1534 2267
3844 4596
1917 3492
4641 711
1772 2624
4194 3799
503 3634
2102 1588
1154 2736
3327 1981
3466 3541
4371 708
3856 1547
637 900
3963 1772
4725 707
1184 4936
739 1500
1223 4697
1236 1103
67 2686
613 1741
3851 1725
2211 423
2478 838
4874 4441
3129 3708
2 2348
4470 4911
4268 3163
3384 3751
4713 4440
2038 3141
642 362
1995 4035
438 639
3345 4919
1168 2320
2070 328
1828 3638
3758 2863
2293 3407
1191 187
3497 566
628 414
4539 1855
2258 3675
1931 1889
677 931
4152 1723
3364 69
4041 1839
2839 48
515 2942
2072 3004
1729 540
2476 3367
2359 3448
2063 2769
4169 3978
2935 1092
3090 1021
580 2788
1765 3901
4776 3507
4014 1786
846 4740
1299 3376
2590 1224
2002 2188
308 2988
1498 2567
364 3538
3976 4765
4653 424
2330 4277
3783 4553
1747 4255
4437 4423
3479 1742
4994 683
3759 69
4806 2997
4707 2658
1359 3783
4712 428
4648 2267
312 3615
797 4726
3284 690
1311 616
4033 4969
4742 380
2477 4976
3039 4197
1044 4794
89 2843
1732 1360
4236 1756
2035 2787
1384 4106
3381 3136
734 2806
4130 3403
1152 2993
4354 2130
1003 3247
3277 4925
3443 1096
3297 829
1379 297
165 3903
2055 4782
3651 513
1135 3687
54 3553
843 3510
1646 938
2080 2116
4716 762
2502 3022
410 4520
3828 3851
4162 2767
550 935
204 1211
3483 798
4181 3516
1023 2906
432 4202
1399 4857
843 490
4252 4156
1145 4235
4932 2445
1526 1277
3525 251
3965 511
4443 3823
4553 3983
1104 2106
3323 4232
3989 3220
595 4363
2586 3306
3444 4716
4082 2633
2355 3103
1259 79
4268 2162
3311 4622
1438 4038
545 4487
366 1548
4569 1961
3103 1633
1441 692
2765 4339
4931 844
3473 844
629 4473
2456 2687
2247 258
1546 1141
3402 2546
1979 2760
3113 4828
1601 1127
3790 4162
2438 1015
411 4127
3874 733
1867 3905
3903 379
1703 1611
4881 4981
2757 4617
1388 4527
551 4535
1217 4369
1306 1692
565 468
2365 2782
2089 2740
959 96
1035 1167
1878 69
485 4329
1522 390
1609 118
4072 1508
533 1913
4064 3380
3490 984
3908 2971
3843 2356
3778 2020
246 3861
510 1826
2441 1178
508 125
152 4203
3187 3745
2466 4135
2481 1258
4311 3363
546 3709
4332 444
1729 2673
1780 1327
4650 2956
1456 4880
905 3495
2454 850
4328 2458
2496 4634
687 3025
1416 1535
4582 3872
3220 3050
2756 4750
422 4039
1664 2263
3384 1810
1496 2452
4684 4858
626 400
1217 3255
2573 4407
1650 933
2124 3683
1536 1259
1998 1211
4433 240
3197 1475
2152 2174
3890 299
2341 4383
3499 4765
4115 1568
2329 1612
3732 3505
2738 4181
3026 935
2045 4228
2031 3298
4078 1491
3710 1654
3657 635
4953 4158
3624 2723
4168 4307
1111 1299
3030 3175
4925 4419
4432 1719
4860 1591
322 3782
2152 347
761 2381
4704 3008
3538 160
3355 574
2887 4176
897 4178
1755 1068
1801 3428
270 1698
1495 2619
4446 3608
4427 4301
316 4910
1965 2790
2556 4574
2212 441
2725 3607
719 540
2450 1356
4488 4692
3498 896
40 3942
4859 4510
1317 1479
2409 4604
2946 1991
3639 638
2587 656
896 3190
1955 2011
1279 1975
3749 1678
2499 3511
2400 1641
3942 726
4571 845
923 913
4309 1914
1194 3641
3846 597
3872 4046
2660 3914
4071 4420
3632 1665
4914 2957
2336 423
4030 2101
2545 1999
3204 323
1584 4954
39 4679
2749 3688
4035 2488
4414 3133
2245 2659
4929 2071
2361 4471
4134 4534
4279 3722
4240 244
3649 2192
3159 1851
2575 3697
3650 2671
1585 4525
60 3163
4024 3765
1712 1637
3497 2925
2345 164
3259 1750
2032 3268
3802 2584
3 4667
1813 4325
3014 328
3283 2291
2867 1944
2268 703
2070 1216
2381 2596
232 2379
4999 3159
3810 4963
3343 1269
2379 4641
3378 3703
2691 1501
243 3659
3428 2246
3116 4395
1037 3598
583 2179
3706 3903
944 258
3402 4920
3448 4408
3746 1672
292 756
4364 3629
1234 3140
2220 2672
2212 2128
3125 8
2131 3714
1561 2763
2813 4466
3461 1624
2895 186
16 4238
801 4869
1036 4119
565 2624
4449 965
4291 2830
4661 1511
867 578
461 164
2186 2832
4092 1549
3506 3452
2884 2666
1166 4651
4085 692
1605 539
3637 870
3255 174
2347 3842
3727 1713
993 3427
1787 4610
2585 3014
2363 4656
246 2486
139 1968
204 3816
4739 681
3341 521
83 3327
3981 12
1734 4201
3415 1659
2291 1079
4850 1944
324 1581
698 286
175 2439
4461 3487
1027 878
4759 4089
4617 2062
4917 282
1872 1431
3895 519
4290 3141
1361 4536
3628 3390
4836 4359
2000 3828
2070 952
1734 4671
267 207
4852 3223
3153 4657
2161 4896
1550 1942
4922 3298
516 3366
4156 3443
3013 4121
1104 3660
1205 1022
3495 4881
4841 1973
4736 2152
4574 4034
3529 1711
844 4073
1171 3803
1356 569
1224 4266
2977 2517
509 3535
2232 4983
4609 576
2817 4472
3932 821
2067 998
1912 4084
4530 3197
1414 4287
4478 2274
4961 3660
1744 559
377 4433
4269 2214
3255 2082
3419 3711
4033 273
2843 3528
4044 2931
3976 2028
3066 715
529 4637
1122 3530
3460 1912
3236 594
1499 1889
4603 1661
3464 4578
1163 3702
389 4231
502 1802
349 4624
3645 4644
1966 1638
312 2666
3942 2247
1594 4263
3067 3030
904 4322
2684 966
59 2823
1256 4019
3050 452
4453 1972
3804 4051
1937 1715
4606 4541
4642 3421
581 3442
32 1093
3313 3148
4985 3130
314 1550
520 2912
3473 1019
3998 2968
4944 1749
3704 4415
3133 2228
2469 1962
2364 2644
4122 3081
817 352
3062 2827
292 311
273 2331
3463 2074
603 2057
2802 1195
164 1407
4509 3983
336 4304
2530 4714
586 4770
1897 3131
632 1286
4614 1826
3306 1165
1098 1079
4263 2203
3439 383
2324 4663
1616 272
3047 4005
3093 3298
295 1875
1251 3030
1904 3086
1396 880
392 961
225 3370
4958 3659
4046 3108
797 3310
4887 1620
676 1458
124 2494
4004 4233
1375 1782
2444 2041
3662 1067
2380 4937
4208 491
93 3804
4202 2399
3574 4604
3030 1612
1441 30
1423 2479
3794 305
3522 3411
2957 261
2315 4067
1452 2043
771 3458
2653 1478
986 3887
4716 473
2681 1935
3391 4207
1656 4809
1235 1845
2059 353
1182 1594
4629 2434
2028 3211
1891 2080
1227 51
3585 2648
4392 51
1798 4252
1299 1794
3754 3775
203 4681
3252 4653
878 639
4539 3350
1441 1869
4608 3691
1787 3853
4050 2895
1320 4122
4898 3085
3770 393
4096 1672
1903 4807
2169 2983
1877 3372
3069 677
2400 1465
1719 990
2756 3672
4998 217
3730 1109
2757 4205
46 1240
401 3698
1727 3170
1146 3055
932 4817
2424 2018
1956 4292
4112 4332
3228 498
2279 760
4147 3587
4695 2582
995 3207
1437 4496
2189 3398
625 4766
3155 861
4307 815
1308 4181
4688 4477
2362 2062
3818 4320
1636 1875
1176 966
1244 4357
4516 1521
1694 1036
920 2436
4625 2713
4072 1203
3644 4089
1546 1307
2800 3447
1810 3151
688 419
2700 3615
3183 4507
3281 1452
1692 625
1008 1502
2699 2083
3853 4120
2304 3442
2705 944
2718 1247
2276 472
2752 1172
5 1789
488 840
3446 336
1465 2877
2934 484
2811 3860
1055 3599
1468 4060
2918 1477
1639 460
3406 2175
2060 722
120 3376
553 358
4897 4604
2585 3604
4296 4029
359 2780
4206 1723
1486 1724
339 2666
3305 2472
4619 518
1629 4446
1088 686
3701 2985
2172 1140
486 2441
984 656
4684 4563
2541 26
3801 3224
1731 4113
2754 3990
456 310
4534 2098
1553 3527
544 1757
4900 2243
4285 1664
2278 703
833 3854
3810 2678
4846 4721
2077 3255
827 4368
2625 543
1206 3927
1601 232
4942 3698
4729 2340
1455 4054
4188 3358
1000 9
1578 3282
2223 4274
3060 3375
3557 4975
1466 1573
908 3781
2241 1681
4181 3975
2179 31
297 1156
1031 2311
3606 3122
3819 3907
2186 3778
3677 2802
702 1356
3382 532
3474 257
166 800
4430 4813
625 3024
671 4137
2484 835
241 442
4102 1026
3842 1352
3200 3164
1734 985
422 3781
197 3698
1806 1984
3263 1149
79 1247
3176 3178
615 3357
4969 2968
1994 969
3053 1310
2239 2635
1147 3475
4599 4228
2598 2956
1345 1113
4262 3074
452 1838
2294 3002
217 1120
2074 1861
2607 3130
126 617
2094 4358
2634 2118
1312 4244
2434 2716
4275 871
1459 1105
2515 1717
4343 85
3443 3650
869 123
1281 3951
1311 1768
3345 4500
1167 3295
482 551
809 2455
3850 3261
4808 604
905 1442
1561 3849
4049 2345
2026 815
3945 1051
2792 3515
393 1490
1262 740
1089 4790
2992 2846
1404 4252
43 4675
293 292
2428 625
2548 3209
1632 1288
2128 1321
3323 4251
1371 4830
920 2283
785 1788
2017 4085
2639 4870
2472 4682
3817 238
3320 568
3674 747
3252 4654
4437 4674
2952 2088
4010 4094
3730 776
243 2912
4348 3300
1304 3303
2714 1044
6 4829
1384 3635
1048 1251
4785 1431
1715 660
1825 2334
3374 3009
2219 1008
3424 2894
4856 1964
868 4836
1351 3017
102 135
579 4720
4933 3649
408 2190
3116 195
1247 4156
559 2689
1475 2366
3999 410
979 2674
4154 1372
3336 3323
4923 2551
4461 1142
4508 4575
2972 1402
4145 1136
2252 2024
768 468
3502 4631
4264 2443
3093 4510
4160 4052
3724 1537
1441 4928
3760 414
1400 3093
3545 4419
3545 3921
614 1316
2557 3925
4041 3152
3670 1411
4371 2376
2427 3597
715 4511
2970 3788
317 1746
4057 408
4239 2597
4309 3545
3400 2013
524 2937
4029 111
3666 3051
3281 755
866 3100
3221 4409
4311 1519
3075 2225
1090 4281
4029 3456
1903 2388
244 3550
4063 3058
1090 4775
3334 2687
3340 3991
1690 1530
801 2442
4087 3283
66 654
1029 1560
1290 3047
2671 4164
207 4628
2757 3572
2759 3282
3942 252
46 4367
416 950
4206 1371
2961 537
4091 3000
1447 1309
2905 918
1415 4141
565 4858
4306 809
1828 2970
4865 3801
806 2144
3673 4104
1096 3384
3019 684
2036 3616
825 2203
4941 1818
4058 4276
2656 2168
581 1373
3917 4970
1966 2339
2157 3728
3946 2223
1910 4763
2895 4986
732 4627
2094 954
3227 795
602 4687
3172 4289
3543 4295
2407 1371
3602 1167
86 513
4692 3882
3570 3462
151 3954
2094 3509
1782 859
786 210
667 4180
2458 955
1298 4442
1221 2892
3704 2719
673 2801
4294 2610
3621 3916
793 832
572 3745
2165 2180
1032 3726
637 2171
4372 976
1788 1292
3179 4036
1395 4417
942 1395
564 3163
3111 3586
2011 972
2717 4622
4978 2766
2884 39
1314 3782
4280 3945
4983 2519
3627 2488
2371 4712
4523 880
18 2453
694 4923
294 649
3999 754
230 3772
858 906
1166 3237
2415 415
3062 2379
3465 1080
1714 3870
210 3161
1877 2437
615 3513
3774 1039
2264 3587
2790 4211
4563 954
737 2532
906 1550
2515 83
1482 1081
2205 2719
688 3652
3018 2002
1193 315
4209 2980
2930 2288
4064 4120
3859 2405
2558 1188
3555 395
3279 2836
2056 46
2329 2008
4955 4311
3773 1155
4853 2427
380 210
4271 3597
4718 578
4215 2146
4275 796
1326 2684
2124 3364
4047 2279
2878 2745
1638 3645
4270 1685
3110 3233
1330 937
1564 4347
4858 3835
3131 3246
1820 936
2359 4654
4788 613
2486 3747
3335 4227
4186 293
3180 785
1584 4025
840 500
2426 193
4375 271
1559 1799
200 4197
1161 4888
129 2612
2080 1987
4778 1390
670 3290
774 1701
2316 2450
1433 818
4017 2895
4762 2368
3527 933
2989 4176
4619 1607
1793 1878
4925 4913
885 1359
1056 1116
4860 3250
1930 4217
2101 3435
4965 489
2471 2363
4791 4833
3359 1982
2625 4031
4099 329
515 1383
4442 2583
3270 1352
2276 4189
4266 2813
2138 175
843 943
284 3350
4383 1091
4117 4656
3093 267
3120 113
3145 3159
3683 726
918 3118
1277 3092
169 2000
3544 4727
4371 1715
2245 2374
4991 3492
1623 3852
3297 4709
2437 3515
3147 4336
840 1110
395 875
478 2466
4788 1399
2793 4560
4617 751
1181 2905
1988 2704
3895 3108
101 1398
179 3493
3776 2570
759 4657
1304 4744
2509 756
850 1120
628 1769
4451 4734
1761 3344
966 1838
2881 2098
1099 3851
2951 1353
2968 1702
1281 3357
3502 3806
1790 3883
4094 4304
1777 3841
4376 2240
2241 4509
4668 1344
4006 3960
744 2753
3898 3426
2136 4398
1543 2600
4313 692
344 2012
3878 324
2478 3001
232 4150
3104 4723
3531 4898
2581 1580
4857 2041
572 3627
731 3484
1783 1311
2612 2309
1371 4307
3943 2123
1423 2140
3598 811
2846 2722
1596 3569
4922 1272
2995 3026
2959 3765
1608 4939
1717 3534
4442 2959
188 231
1401 3376
3812 3652
3655 2565
2079 4707
2512 796
652 3447
2119 4505
3978 4426
3793 3874
607 81
3573 507
3154 561
550 3137
2414 129
4749 336
2209 4765
3477 4759
1666 1659
1607 3865
2178 896
1883 2865
2784 241
3199 2012
1026 4809
4616 1658
4898 4368
463 214
611 1683
1263 2829
4679 3295
1008 2867
3068 4364
4770 886
4790 787
1357 2135
1316 4719
567 1449
3476 4449
2847 216
1114 2361
1815 1868
2322 296
4321 837
2832 4699
4273 2687
1072 4675
533 3651
105 1526
1993 4057
1152 4157
3684 2267
3105 4380
2291 835
4045 2239
956 2708
3991 2993
2905 4783
2597 3778
4059 528
2972 3474
1098 1942
3056 1466
4264 1094
3602 1903
4012 999
1945 2316
508 1738
2126 1924
1391 3813
2591 3998
4376 2828
4664 25
3206 4741
3850 4174
3796 2803
3615 107
81 2392
4868 4928
4545 4066
3273 2083
1830 7
2945 433
1567 3321
511 496
4902 265
1101 1696
3889 3339
4414 1131
1913 843
1717 3431
4928 1871
3445 2856
4168 596
2621 2555
1575 1076
3568 2985
1710 2960
690 3945
4708 3759
4618 661
4153 671
3418 948
2409 1285
2223 2072
1311 606
2020 4053
1454 4045
2931 1024
3697 1659
3413 4378
3559 1792
2762 4627
3140 1343
3797 2729
3927 3341
4541 2804
4982 1193
1722 3173
3789 4925
873 2519
2302 4443
3147 4040
2806 2965
1165 1508
4254 637
4605 1285
1799 3301
957 4421
1685 3758
2406 394
593 1815
2508 1008
3245 361
3089 3367
49 4755
1096 4475
878 3192
4095 3577
835 3586
4559 4749
2958 2810
603 2252
357 3880
2707 4293
2441 317
3353 4302
3570 615
398 4865
1868 3613
1196 3854
3789 3480
1585 4913
2962 1048
3275 3731
4326 2651
1938 3993
66 3051
890 3836
414 195
187 2538
4343 1690
2702 4095
552 1174
3971 1826
3697 3649
2032 4021
1949 3933
1388 1224
2846 2598
1410 3390
1763 466
3643 3044
3680 4042
3518 3271
3629 190
1703 372
323 4796
543 1984
1463 3936
8 366
166 3796
3549 2827
4446 3995
3722 3906
1381 1934
2490 2577
1798 3354
1024 3817
2038 4218
2191 617
1407 1109
2450 4257
1287 1481
697 276
958 272
4213 4143
1561 3779
1880 2017
4983 3569
4889 3015
465 1031
3719 2869
1961 4076
2420 1609
4782 4645
4900 1678
975 2430
4573 4785
4091 4745
2822 4244
2670 2974
2958 3120
2754 2771
2263 3514
1869 1167
2603 4196
1817 3508
2753 463
849 3742
1802 3006
2731 1788
1056 13
1043 4783
842 1448
3381 3787
1428 640
2854 2139
4928 1582
4790 1382
1334 2243
4685 4570
2456 1297
53 2581
4023 572
397 424
2201 1024
4708 4070
1298 436
3798 2382
4634 2414
335 3443
3292 626
1137 896
2224 1344
1339 4184
906 4284
4144 2619
2875 1778
4708 666
446 2735
1074 2605
1788 3772
4960 2548
698 43
1868 1297
3662 3376
4784 2898
4767 3049
70 2170
3020 3281
1998 1334
1549 2637
358 4724
2441 3358
1400 3332
704 1459
1117 463
4685 149
2069 2763
3108 737
2186 564
2636 3923
551 4226
4283 3441
3657 1732
1809 3719
1843 4545
1089 251
3936 718
4370 1461
587 4752
4862 72
4292 4155
4099 2330
1303 765
4540 4470
1244 1513
2290 3522
4667 3522
3410 2296
3881 3617
2829 1153
729 1301
3712 3506
1723 3910
2856 3507
3375 4618
4290 576
980 2393
2970 2491
4276 1573
2819 4277
3174 2515
791 4707
736 1765
4445 3629
3780 1895
4740 3631
105 536
377 895
466 3938
1023 4509
3686 3923
509 1997
4837 4808
477 952
1518 168
99 3767
2821 879
839 3130
1088 2825
4190 3974
1252 1270
3586 1052
3283 4490
624 4221
2859 2098
1336 2717
4655 4931
1478 2939
1675 212
5 4569
2263 4821
696 3591
4517 1558
3407 2510
165 2559
1699 4659
750 3074
4743 4188
2636 4365
589 535
4486 2444
3777 2510
196 192
64 1792
3619 811
186 1649
3086 1788
2791 2104
4572 4673
1134 660
4959 214
4280 590
1287 149
1085 1414
1393 263
656 4911
754 2039
2522 3694
2388 1497
2540 1550
4303 3058
1663 1809
113 4512
1109 3119
2882 3399
4315 3365
4572 1029
4888 2375
1853 649
3080 953
3318 735
3792 2854
3290 2942
4116 1164
4532 1819
4026 2473
4816 2262
1542 4715
1154 3688
4205 3518
1866 4660
2529 3688
1688 4208
3396 1938
4285 1763
1488 2544
4986 631
2103 3288
3278 1345
4080 508
3217 426
4063 2913
2608 2435
3207 1129
1554 2251
749 2610
2989 3120
538 2700
2727 1263
1304 788
350 3857
1008 1395
1187 2805
300 3074
950 1136
2191 120
203 4042
3995 2752
2398 2055
726 2323
1571 1563
2903 1485
4408 919
369 3429
1982 4980
3397 3677
3185 769
4991 2597
4026 2807
3221 841
4651 4002
4170 3932
1524 2121
3691 3375
1553 1742
795 154
1105 3834
2266 3573
1689 1289
583 4335
4208 1711
554 3452
2102 1452
3068 2018
1274 4262
4917 2315
4885 520
2240 3214
2904 849
4389 3772
1888 1163
127 4011
3714 2383
306 4908
1586 4989
3844 4708
2686 2936
4894 1290
1336 4431
3698 3004
1921 4818
2371 3592
2745 2112
3576 821
1286 2799
1533 3293
1832 518
1453 4439
4615 1054
64 1867
4046 2226
1644 2348
3239 3158
2449 2347
3437 688
1205 3878
395 1486
4666 1721
3189 3344
1505 429
4925 864
2328 2840
3666 4450
1806 307
1076 1893
273 4987
3291 2348
3411 4103
2620 2803
277 2447
1654 2601
3276 4271
3861 768
3083 963
4617 3571
1429 2623
580 2003
2129 2478
4933 2240
4454 2009
478 1059
2046 2188
2166 2333
1656 2501
3651 4573
2920 1124
3325 4013
2354 3258
3917 4821
4718 4434
3044 2001
1693 1092
4300 1390
3491 2299
4942 238
505 1316
18 3936
4641 2740
3787 143
330 392
3373 1382
1751 4307
2240 4336
2234 3690
4858 3450
4637 4880
130 4391
4361 4836
3982 2997
2480 4196
3078 1732
2737 3891
4106 834
3268 1276
4288 2963
2375 56
218 3287
1682 2201
3950 2829
4228 2010
1834 454
2207 1924
1161 1992
3795 703
1694 3938
2534 3737
582 1247
3616 477
1596 596
100 2309
3256 628
4094 4101
2403 2581
1274 368
1418 3916
1474 4522
3730 2248
2842 3895
328 4348
2644 4881
2043 3835
1768 1580
2562 956
4976 3360
2418 3082
448 3086
4713 2617
3917 2958
2877 1634
270 2250
4348 24
3098 4379
4981 358
1906 2306
1969 3514
4944 1982
911 3037
419 2086
3308 2476
618 1316
2688 3911
1834 2774
2659 3448
3276 2315
4787 1677
2436 629
4513 1974
1556 3303
4580 3367
4169 3014
2186 2309
3927 995
2935 774
4916 1687
2137 4358
2961 2270
3000 1803
4078 2314
1380 886
1114 1369
4361 4170
302 572
3527 1056
249 3607
4954 3255
3535 4552
4948 305
12 3042
1725 4509
2822 289
3096 3254
345 4383
3123 1993
3325 4542
4406 886
1613 376
2258 484
3465 2433
1010 4481
1611 3448
326 758
3016 4906
1808 3598
3314 3207
2812 2641
4760 3973
1726 1778
1789 4533
2595 1137
2500 1205
1115 425
4609 3651
488 29
4049 604
1492 1916
2588 3710
860 1279
2400 3562
665 4804
1275 2146
1339 555
2792 2402
1818 4316
4058 1736
2376 2254
3171 2574
2179 4774
2383 338
4280 2402
4984 1625
3382 3289
4180 2967
3188 2335
4183 4819
1866 144
2105 3020
1224 3365
2846 3700
1915 4287
1429 4672
1215 2404
1027 597
492 2904
4403 4731
4585 4713
4410 4577
4096 1663
2763 817
4250 28
3467 4849
4122 3136
635 1518
2162 918
296 2518
2850 756
814 2992
366 247
1374 4394
871 4715
3507 2608
2675 4764
3498 3219
2390 4406
555 4902
1678 2007
4410 1999
4487 3062
1520 3634
4102 201
4529 182
752 3978
1487 1005
3900 357
4340 761
4358 2554
702 4278
4346 2488
4287 4383
724 4909
4613 2912
1573 3954
4210 1273
1256 25
63 1752
2084 705
2863 4561
2809 4778
598 4134
4283 4574
2477 4762
2484 2737
3617 569
1328 2843
40 1923
3175 4172
2413 2471
954 263
227 1907
4982 441
4290 3145
4109 2221
545 2227
167 200
2917 1714
206 2600
317 1897
4448 3586
2662 2244
304 1084
991 2519
2480 2927
4757 4874
2020 1309
842 2667
355 3570
3715 1397
1003 2647
1164 1334
3668 2397
655 2126
2699 3062
3275 3816
3210 4312
622 3655
4297 2073
1069 1025
2684 1352
2068 1856
1679 3273
891 4033
1230 4745
2593 2116
1393 2845
2123 4154
168 2824
707 404
3583 3436
4780 4450
3987 2493
3860 82
2438 3771
805 1860
773 4375
3174 898
4162 1295
642 614
4883 2278
2843 1344
3369 1927
3639 4289
3560 3853
4945 322
4964 4688
1909 4740
2268 3554
1772 1331
1771 3735
3436 1640
1925 3073
1691 48
3508 2963
636 1938
3999 385
2020 211
782 3907
3786 2241
354 2086
4597 548
1907 684
3739 4409
448 2250
1770 1134
4093 780
4203 1051
1848 1200
389 4695
2720 4554
4371 2749
2771 1674
3313 3684
2915 4216
4944 1329
2949 757
2465 943
778 550
1369 3496
1898 2498
4068 3293
4177 4430
2343 1158
1292 2077
1293 2406
27 1525
719 3880
460 1709
3259 4217
367 1541
4465 3719
1606 239
75 4031
525 1930
2470 2013
3179 3484
1731 4616
2242 2668
1984 1876
4347 237
2940 1467
3209 3131
4589 2591
2394 3621
3370 1232
341 2007
1904 251
1154 1911
3264 3358
527 2007
4495 1827
1349 3125
2403 274
1025 1628
665 241
3455 1517
1281 4843
1296 1505
2875 472
238 4709
404 914
2413 4277
2244 850
4516 3495
1138 1148
889 1155
3254 4744
3372 3875
1085 736
3812 1218
2043 4664
2954 1383
3160 553
1403 654
4248 1751
259 4039
1523 2772
2531 38
3986 140
2463 3178
2834 4152
3609 1976
1571 4314
4675 1811
126 3444
4990 127
585 2695
3785 852
2311 395
1964 2802
2834 2266
1178 811
1950 1509
3819 3009
775 2853
2954 841
4098 846
4201 1464
4733 132
1282 2851
4018 3857
1005 3477
3496 1516
4295 2249
2611 1744
1186 3595
3289 1209
3787 2153
1978 3096
3053 2712
1013 2842
66 2045
3880 1260
328 1664
1949 3838
2440 4734
3389 3819
3016 3299
1974 4765
4774 1848
1504 3309
2050 307
67 2913
1259 2107
1449 2683
3400 2222
4186 3070
1391 1214
3539 948
2174 653
4248 4222
3796 4183
2845 4015
20 1426
1071 2974
4138 252
1955 4246
3864 1216
2973 3170
3539 4391
3029 4002
585 4308
2331 3176
223 805
1306 2146
448 2205
3792 248
1175 2215
1945 3652
1987 2826
1892 4027
3459 3910
3601 4448
2632 3421
642 2240
1340 4481
4747 251
3796 4986
1933 3607
1303 2416
3955 1072
1982 3107
4257 3414
4144 2693
3316 618
3665 3140
4465 1896
3063 1508
12 152
1606 2189
2732 811
649 121
3952 2962
1238 1274
1412 2317
3466 4030
3114 406
2389 426
3619 2897
2552 1119
141 4630
2116 1914
308 4666
2560 4001
2054 1913
2894 1263
4948 1443
650 679
4890 3782
1548 1700
1781 4702
1213 2077
1981 1721
387 2867
369 460
4368 1041
2956 1764
4150 438
3335 4950
51 198
1890 280
91 3215
905 1421
4474 158
775 4025
4393 2874
1365 4905
2819 1683
3183 730
2309 4116
3226 3721
2367 2935
3574 784
4134 3275
2026 4548
2126 1342
4862 2327
138 639
3443 2394
4494 4764
2065 4307
4554 3070
645 570
2313 4265
1290 1569
4284 4187
4292 440
212 2755
1400 1000
1142 2538
2696 144
3767 2376
871 608
2252 4703
2287 83
4415 272
2773 1208
1592 3838
4001 1173
2277 256
4628 2323
2321 4182
3730 3668
2864 1127
38 2121
2573 1241
3034 3498
2122 313
3967 1866
1242 1320
2524 2944
1677 1717
4052 2409
4181 321
3011 1164
3040 1168
3168 3072
1277 4981
1460 1606
3293 2885
4831 1042
2174 4888
1235 3535
1714 2233
4319 169
2665 1982
3950 4042
3988 1861
4949 1282
3425 4300
4447 4411
170 4566
2881 2187
469 1576
458 3808
1303 2492
1253 1836
4653 4153
4034 4999
3576 2006
3652 1170
4802 4188
3589 4178
1183 613
1986 4074
4904 361
2127 2601
4432 3493
3732 3324
316 4394
854 1337
4681 1308
2256 1660
4686 1405
1408 2003
2617 591
4083 2469
3339 3638
509 4249
81 559
275 3891
1524 3725
3843 2640
4511 4600
2536 3775
3923 2463
2510 2228
3326 1659
2905 3825
328 3847
3314 3563
4494 332
3049 54
1455 4739
1095 315
3908 3543
2123 4276
601 3117
2234 1342
1364 619
248 3634
2217 3348
1225 1990
1442 3380
4402 3794
4132 4010
4696 1806
2204 1523
3197 304
2041 3016
2948 2912
2906 4410
4995 2865
4250 3970
1088 329
2982 3674
3830 4792
1901 1971
882 1556
2851 696
3878 619
2458 236
4177 150
3568 4841
3861 399
3947 1802
2857 4756
3421 2135
3942 1950
1247 1370
3345 2579
4779 4866
4726 2708
1877 2242
1386 3913
3264 4738
4770 722
2451 2112
606 3688
1016 1116
368 1479
762 165
511 3681
3339 663
1138 976
354 2896
2655 4964
2338 3219
833 3219
4229 1711
4853 4198
579 156
1078 2189
3236 1733
1553 1077
4718 1685
2795 3933
4550 3338
2504 2596
970 3967
4382 2172
2938 3170
2071 1341
1352 2457
4430 1459
962 1809
819 1832
636 1584
1691 909
3542 2389
1461 1004
771 2142
2443 4967
551 1935
3772 105
4942 3334
1421 2786
392 1622
278 4008
4634 4463
346 660
1282 2345
3601 4795
3068 2828
1458 3522
2118 443
1362 3477
1183 2368
4702 3702
1429 3108
4574 2582
516 1662
1265 4851
3989 1529
4917 1254
4278 4216
3073 2764
896 3912
2324 4971
1004 4800
29 2918
3471 3498
4358 1567
2809 1741
2988 1049
2755 2913
4250 1563
1304 1234
3281 3685
1039 1237
576 2922
2896 4256
3264 641
887 894
254 993
1808 114
416 3733
3372 4919
1484 4272
16 2351
2643 1614
2766 2551
1476 3453
4479 4890
893 3886
862 3636
3295 987
4274 1085
4496 2395
1018 626
3591 1268
1981 3619
2390 4229
1383 1662
4175 2960
4599 4748
1000 1266
655 3006
2883 3824
2039 392
3803 405
4747 2809
2530 2999
2451 3170
1276 637
2205 4001
2180 3530
4501 1029
4754 2853
4030 3381
4788 4614
1467 2018
2459 3298
3296 2128
117 671
4734 4668
2973 1922
4701 3910
1956 3496
1722 2205
2811 2135
2933 4308
178 156
358 249
2885 3335
4945 3081
3394 4048
2831 3804
4772 3056
4683 1852
4012 2246
3748 1050
343 183
212 323
2784 3122
1685 2344
4401 1834
3102 2664
3729 717
751 4355
965 3979
2914 1655
4024 3122
3963 3095
4169 4079
3949 2849
4248 4965
1001 3799
1100 4004
1382 243
1158 3750
4042 3122
733 2604
2615 2757
1781 4548
2172 963
2123 4811
4177 4498
3915 2601
1221 4659
1640 2291
2798 4199
1165 3795
575 1088
70 1672
1020 912
1872 652
193 1448
4272 3302
1241 4037
4266 4981
4792 547
2083 2
1713 2284
99 968
4231 3383
4469 109
3193 402
2185 2107
1716 3524
4123 911
2252 3467
1070 3860
4220 1281
550 4221
1255 660
787 4145
767 3092
4810 1143
895 3280
2939 1100
296 3042
1938 3556
2280 2801
3105 2302
1695 2698
4596 316
4845 1939
218 1718
4906 1110
3435 4514
673 952
2797 4095
173 109
3318 1630
522 836
4098 181
4483 3988
505 2659
4377 3556
523 421
1303 3396
504 2698
4210 2777
4710 309
723 547
1818 3503
1719 3767
3345 2156
1589 3580
4333 4113
1249 1547
3707 496
3280 928
716 1701
12 3752
2773 3444
2283 3144
982 2438
1204 3508
616 2846
221 423
628 1451
1380 2478
4014 957
3011 3735
3499 4876
2394 1453
352 4978
3208 4202
4809 2188
1329 288
473 1194
4374 3337
1487 3056
3904 2334
1219 2794
4794 3116
1810 1702
8 4114
3620 1646
1347 4251
3574 291
1795 3885
4077 397
1517 1379
1973 3446
466 936
3447 3302
1390 2646
3369 1905
4147 2194
4477 304
3400 1894
3477 1225
3527 3667
392 3642
3518 3218
4458 55
3532 1621
195 2558
2858 2727
2237 1619
339 1946
566 475
2611 355
490 548
4476 4274
4997 1758
3181 1556
2228 1628
3107 1770
4101 627
1936 2632
2782 4787
1178 530
3089 714
512 3708
4666 3082
854 3851
1456 3676
935 2495
111 3759
4945 2480
4779 1338
586 4151
3589 4410
405 2255
1454 4029
4491 4375
4181 3146
4675 233
538 2631
4797 1946
3468 4363
3975 267
4389 4898
3168 2906
2663 2900
156 4978
2278 100
2357 2807
4308 3447
3723 4519
3283 2529
2459 1568
460 4137
2322 921
4901 3994
1478 1168
4226 3279
1718 4206
2520 3752
4932 3476
4269 2912
302 2811
2808 4611
4522 1752
4297 176
4477 2880
1016 2386
1018 8
4306 2557
3180 805
2050 2154
2162 250
794 1032
3492 991
3668 4758
4370 1063
4331 1561
2306 1490
2089 3728
1855 4789
3463 3119
2526 2588
840 4619
54 729
1571 4300
3751 317
3090 743
1004 1430
1975 4430
4113 4808
1652 1411
2061 1623
1308 3824
1322 910
4593 4451
3277 1510
4731 2041
2935 677
2925 4592
2959 4005
4045 3684
1545 3465
2711 48
202 4383
3889 4754
4337 469
2622 279
1558 1417
1251 4126
3224 189
585 1462
1282 2014
429 1425
1040 277
1233 86
1969 1194
3100 2683
4561 857
2501 478
2525 745
4702 748
1628 3110
2194 3399
4550 3141
2888 4955
1374 1120
3106 3867
4562 4637
3563 1053
4609 326
4367 79
448 647
2903 750
2716 253
1856 2295
1110 3854
2538 601
3058 4141
3163 3494
3080 3479
2956 1825
1892 2408
3034 525
2015 4028
4206 2813
3377 2982
3495 4564
4544 3487
2645 3113
1487 850
134 4297
3700 3230
2485 1021
2295 2863
3259 1214
2931 345
2085 723
2825 4773
1201 1392
4496 3021
3751 3485
1204 2540
1539 320
1525 364
2230 1387
3805 4748
212 2272
1638 2637
2892 2761
1792 4459
1192 2088
4677 441
2581 4946
4294 4511
3228 3162
1655 2557
3670 4252
101 3002
503 2965
1471 3223
3248 986
433 4350
1211 3920
3482 1659
817 2222
1623 3938
1702 757
2242 1647
847 4610
4765 1872
3084 1917
4741 946
2087 2131
4920 3032
3837 224
1275 941
1640 4994
4934 1502
247 2002
3716 3218
115 4636
3133 4489
2606 1118
1877 2900
2411 971
3547 1321
1455 86
4545 3726
2586 2470
4675 2569
3485 1817
3903 2637
3456 72
4652 1542
2603 187
4124 4885
3851 2074
4643 3754
666 119
2564 508
2027 2846
1251 4996
2073 3841
4118 2058
1350 195
3494 2993
1321 4085
3667 4610
2245 1712
2927 163
3512 201
3563 1606
4704 2655
533 1810
417 985
1495 2387
1054 834
4892 2066
891 1680
851 3020
2266 2969
2598 1818
3403 2809
2538 759
691 3342
976 57
344 3577
4621 0
884 2162
3468 766
614 4934
4223 1180
2824 2872
543 4454
241 3798
737 1772
3225 357
2102 1301
606 370
2960 86
1679 4903
4123 2422
3111 4989
2913 3507
777 3036
841 2952
1529 2228
2558 2597
600 2793
3155 3186
931 3158
1646 2288
3161 1579
195 2524
1243 2689
2519 757
2014 3533
1945 3449
2184 2483
1057 4915
2099 4901
1575 2859
4653 122
3521 4623
4498 3679
1809 648
2692 1632
3076 156
960 3279
1520 1858
4364 4273
2503 3393
747 1372
3361 4425
3722 1755
2113 821
2835 2019
3534 4815
2205 1157
2241 1847
1004 2789
2073 4000
2681 3680
4891 1816
524 3231
956 2707
811 2869
4636 3805
1128 4382
1230 900
4375 1548
3227 3520
339 2909
1034 2805
1775 766
4318 4618
860 3801
1966 885
3207 850
1592 525
2126 4374
2667 251
2948 3487
2731 1998
3216 651
1808 4612
2464 1443
3945 4665
4269 3883
1069 2674
1704 1440
4085 2974
1157 3533
3863 4924
4619 719
2376 3924
3539 4955
2833 1567
4888 4462
235 3964
2976 995
2389 4004
2506 3877
2498 374
2102 1834
1057 4583
4784 823
4201 2569
3341 2983
4287 2295
2267 3613
3209 1728
3882 4463
4759 1933
2920 3787
1568 4373
1461 1219
4782 1005
3694 3884
2170 3260
1615 4084
4350 4875
2268 407
3334 3254
191 3322
4283 4568
96 2188
1422 4237
517 429
4607 2856
1034 4778
1730 1027
4459 3693
2383 3220
2693 757
1346 1082
3450 2874
2135 4193
3325 3211
2147 4587
4650 3145
4521 2678
1190 726
4403 2747
3480 2038
2057 3519
3604 802
2904 4725
4044 1978
1215 2662
1338 4927
2328 330
101 1250
3455 3255
2766 1479
4635 1876
725 1272
731 3316
1201 3618
3807 1363
3155 4548
3070 381
1117 2083
156 2150
3230 4845
655 4476
4110 2372
4221 4698
4743 861
1616 482
2456 2429
342 4169
1060 2064
4244 2549
2331 3067
1112 4629
1159 1055
1827 1313
4542 2054
2669 1593
395 3899
2747 1074
1071 1631
2295 1006
1265 4589
3771 2330
4750 3143
2652 3731
178 1266
4133 2733
2506 3094
4326 229
3859 2763
3788 3477
3861 4026
4952 1320
4272 163
4273 1363
4474 4928
2527 2848
769 3088
1380 13
107 1443
2169 4583
1128 226
2791 3251
3249 4533
3484 2905
2871 3984
3735 4114
3933 784
2235 1055
1263 3522
4404 3897
2636 2002
4112 2703
3057 473
1275 1823
2091 1886
2620 3512
3952 527
2508 3836
2700 2558
284 1582
837 1648
4016 4652
3159 456
536 2152
666 3590
1800 3300
4556 3023
446 1336
261 4485
3889 932
150 4904
4999 3886
133 3111
804 1859
3447 2329
359 4143
4669 1851
553 4528
3274 1755
2000 1137
4836 3300
3499 2523
1210 2809
442 4203
3306 1783
11 4394
405 749
2538 4210
2521 3159
705 3503
2846 843
4815 1306
2675 3607
663 2780
4075 1356
1406 717
723 3122
3626 3645
1579 4538
3187 630
3912 3898
1200 3861
4167 4229
349 50
2006 3342
4582 3548
1571 4354
3254 4939
4748 4709
2947 848
3170 4983
4309 3029
156 1027
2641 2136
1532 2586
1569 1755
4879 633
670 3382
4033 4263
1597 818
283 4964
1213 2667
4607 2336
148 685
4339 3942
2934 4407
140 3772
1506 911
4843 3665
2667 1044
4015 1171
4173 1574
4772 2593
2917 1725
2217 3873
1623 274
4211 2089
1935 2965
4725 4568
2204 1707
558 3321
1991 2530
1512 1795
944 3779
375 2086
1722 4256
0 3960
907 3320
969 4837
217 43
477 2830
964 2263
632 1892
4909 2220
644 3618
1555 916
4292 1957
4997 977
1127 2497
4424 4146
4075 3162
619 1243
4587 436
4207 4576
424 1476
1010 3812
4446 1843
795 3394
1780 2376
575 388
2540 4819
4556 2305
1963 4623
3254 2453
4289 1037
2405 284
3769 4772
1506 2025
3049 3308
2765 2500
4570 3444
1044 190
3528 1657
1549 2350
181 192
3808 318
1614 2515
2816 122
3771 1613
3121 2304
374 2268
3565 2002
3445 581
1463 1771
1371 136
2807 4286
1767 474
670 3162
2616 3025
4473 4686
558 3803
546 334
325 4984
2390 470
3405 4173
2176 1132
3768 162
206 1352
1409 4278
3827 2976
2911 4577
4062 866
1192 2343
1578 66
4105 2170
3747 2505
2600 3019
4276 1131
1433 1969
832 911
501 3067
4688 4736
4330 1729
2622 3392
3678 1010
1979 3804
4602 1533
1281 3263
42 2835
3319 980
3321 3916
4472 3873
2811 3753
4032 2573
1211 4848
2849 3364
458 125
1546 4171
4919 603
4749 2535
2421 4876
2218 4379
1505 4838
229 49
2805 848
3406 2098
4617 463
3406 3654
3570 2663
3804 3590
1470 2521
4996 2623
183 4985
3291 2442
324 2063
2406 283
2863 4916
617 2339
2325 2847
4165 824
1630 2375
3521 1039
979 3794
932 42
1792 1167
630 1588
523 1178
1002 1845
3408 1362
3003 1454
887 1784
1580 1808
1450 4212
4234 2229
3141 3329
4557 1706
829 2504
4522 4601
1972 4075
3332 4955
3886 1204
3801 4492
3178 1068
2303 361
4619 3057
3745 2028
3010 4511
3164 2157
110 497
3641 1626
1470 2799
4931 1361
2397 2324
1918 2625
3823 2698
4175 308
3141 2778
53 1337
298 2779
4301 3717
263 4243
3054 2357
3698 3926
888 2850
3400 3639
1934 3500
4840 465
3980 1786
2165 2196
2103 2621
1277 2613
3710 3394
2903 3763
1285 507
918 2375
2449 3521
634 1464
1151 3132
248 3271
1648 1249
3681 2714
2227 2405
2063 3198
697 3337
1665 4575
4440 4796
3921 2903
4488 3773
911 2489
459 705
4452 2408
4085 4995
2048 3762
2628 4444
373 1362
2034 4918
4430 1181
4104 4436
1305 1131
4679 2248
860 2976
592 770
3790 4345
497 4409
766 2322
2085 246
3138 4989
2837 534
3326 4425
734 3560
1830 779
3651 3881
1737 3151
2998 2569
3141 911
415 1443
3725 530
4524 191
257 4568
4387 2211
1695 922
3259 198
1729 3109
576 4395
4233 4221
2466 245
4199 601
1328 4176
411 1927
4578 2403
4495 4321
4876 1937
1374 1885
2677 4779
1070 560
714 4762
2301 4944
4957 4843
1174 3032
1514 437
4866 4645
1605 3840
744 4269
2569 1800
478 3526
4194 2176
1333 432
4776 3478
4536 99
539 2360
3420 1931
2623 3935
1374 4161
309 1916
1624 2016
1478 30
1093 3586
4039 2669
1464 2022
2890 733
1180 4974
3163 4094
3818 3789
3511 592
1291 1092
1206 2044
4215 1911
2300 3117
1462 3464
2621 4041
3786 4419
717 2888
1451 1939
3259 2384
1855 4852
4447 568
4351 718
1516 3432
1655 2992
1355 3089
1137 1643
4854 2107
1630 4561
3761 4745
2751 2796
2700 3890
4938 3271
4120 1866
1136 1543
4343 604
1672 1222
3869 619
3455 1222
2449 322
4900 2259
4154 3021
4191 4444
4799 260
3501 1172
129 3514
2326 763
2648 4315
1543 843
3157 2782
3887 1780
2052 2739
1914 1487
1517 1781
2534 2995
387 4967
2279 3002
443 4646
2604 240
68 3004
4809 4409
2569 1270
3845 1634
3892 3746
4334 52
2418 2586
2654 909
1528 4598
761 1401
4460 4723
3723 2594
230 2781
2147 1437
1123 2340
1432 2452
4239 4368
4613 3762
1731 3833
4044 4105
4621 2801
1966 2385
1294 1005
3210 2256
4308 3908
3512 4208
3113 1791
236 2276
1610 4258
1814 1173
2179 2861
1079 4055
4224 4409
697 3633
4011 135
2943 3494
4653 2285
1592 914
2678 2918
131 4406
1710 1684
881 4643
4548 3352
3823 1111
0 3997
4708 2889
2742 41
3015 1435
4216 1809
447 411
3920 918
58 2616
2832 3404
3177 3459
4921 1700
4889 3014
187 1900
3758 4922
1739 4139
2477 1259
2802 2813
827 844
4432 2200
1726 4286
153 720
1640 24
2234 4214
3697 4942
3097 3743
1279 589
1467 3829
753 1555
2674 1957
4495 1962
266 2700
4895 1366
2816 4476
1862 3245
1307 3992
4731 3620
4692 1217
4492 3129
414 2452
4842 992
4102 3054
2641 4653
4871 801
2079 2027
2832 4352
4133 4455
4072 617
4756 1539
2318 712
3660 735
4158 674
4491 1116
152 2066
1431 2594
3788 3201
24 1282
4980 3479
2711 470
2946 3858
1353 3622
1664 872
1008 1842
544 2991
1451 1148
671 4219
1506 1142
4010 2653
3060 3271
3049 2879
1372 4835
2769 4483
121 762
2255 928
780 597
2583 692
957 107
4063 3294
4353 4782
4660 4681
1141 1176
4018 4659
4892 3585
1292 1375
1811 4334
2847 4353
4085 169
4612 3813
2239 3393
3226 4601
551 4893
1819 465
4110 4093
2343 3297
4489 2856
2716 3420
4700 2559
456 3547
4254 2341
4750 1343
2165 2016
2540 418
1119 2116
4442 4936
1960 2441
1693 4183
1403 1648
4022 1784
597 1346
341 18
3156 1271
875 793
4561 2504
645 4378
1065 2476
1387 4088
4101 2978
3829 2905
1406 5
2834 1064
729 1772
3306 2460
740 4861
3717 1871
365 3845
2930 2770
1855 2755
4422 3075
2885 2304
2962 122
2995 2908
3500 1950
1386 2821
1768 4751
45 2433
2 3706
3601 1915
3841 2730
4761 4754
4473 4972
3602 1228
219 3365
4917 4721
2556 2098
1478 2406
2057 2954
1484 139
506 3736
809 2667
4464 4486
3401 1729
2142 2176
1636 4568
2799 171
4668 3748
1287 3440
828 4630
1388 3212
2238 2800
3293 1935
3534 4905
1652 1658
41 4946
606 2708
1493 2094
2640 4964
3894 3571
3248 797
1883 3280
1980 25
4995 3043
4450 4992
1849 1376
4277 3582
1294 1014
46 3866
386 4961
3212 4790
1167 1851
2955 2609
880 1238
1629 4147
4831 2333
198 1620
4216 652
1479 4226
4177 4816
967 2683
2504 3342
830 292
4932 4200
2986 2717
4765 2365
103 2239
4752 975
336 375
915 1344
4240 2861
336 1276
3849 4103
1248 4133
3167 3150
2820 3528
2629 2385
4179 4461
4940 1396
584 3997
1013 4741
2411 3065
55 350
1737 1776
252 1876
645 1426
1350 120
3483 3939
3698 3723
3315 2456
40 2281
1265 1311
3758 4001
118 3407
4231 1919
2930 4909
2662 2861
2282 2839
3353 788
1181 4860
3319 3525
3216 269
4643 49
3342 3356
3906 2969
4181 2331
3434 4631
799 446
136 2925
1454 27
1275 158
431 1152
685 1704
4162 130
1311 2613
4679 124
792 390
4532 3718
3762 3441
1672 4660
69 2723
3250 853
4202 3497
1811 530
2275 310
4340 1644
1595 2916
3067 1156
2897 2123
1268 3449
4560 1564
2815 2554
4617 2832
422 1086
2260 4469
1286 3703
3137 1259
410 2542
295 4295
222 105
3776 3715
2822 4491
4055 4982
3658 919
1489 2246
1734 1466
4388 4470
3829 1684
1860 3508
3578 1912
3890 2088
2151 349
4435 3354
366 374
1526 457
455 751
4479 1344
2329 2983
682 3496
1838 636
513 1197
719 1805
950 3472
589 2149
4208 2689
372 3727
4326 2931
2197 1470
4189 575
3911 4508
4915 981
2989 4719
709 799
2865 3447
1019 2617
1538 1566
1700 2912
2093 1999
943 4600
650 572
4458 4058
2617 3444
788 909
3206 3351
2588 2628
860 3345
3151 749
261 3597
2893 4561
1701 4243
2474 2078
3882 657
1848 3886
3653 4336
2990 2049
3761 965
4704 286
4781 3632
468 2696
12 2554
4474 3603
2611 1952
3962 2908
2389 4983
1207 1850
2823 520
4230 294
2210 3459
2168 4800
4077 3874
991 3663
3130 110
4384 3019
1676 218
76 3367
3962 2911
1784 4190
4385 1766
1415 787
1046 1830
2854 1925
1178 876
1276 3504
3238 133
2697 1129
414 3512
4528 3578
4862 4472
508 4071
3970 3386
2041 37
3561 1215
3739 2682
2844 1579
1956 1469
1439 3365
3964 606
2457 4193
2921 1462
2730 1189
2809 3394
3720 4663
262 3617
1804 982
4074 1890
4422 1217
357 3873
284 1156
974 1179
668 1311
3988 2792
2521 4393
2877 3059
4916 1996
2526 4627
822 4748
4895 1521
2033 2186
3613 3577
3599 3504
3717 2837
4984 1443
1408 2795
2446 703
2753 376
2184 3943
1221 3196
4613 3893
2018 1236
1787 1357
2232 331
802 801
2519 1665
2026 2319
494 890
4960 2328
2868 3949
2251 3059
2590 880
1516 1521
989 3359
4392 132
1010 3969
3625 3121
4855 4630
1007 1447
1537 88
1679 2303
4945 4384
1541 3485
1737 3693
2877 531
4828 26
4962 4948
3195 2166
3454 3205
2077 4234
4681 474
2338 4070
3907 3335
301 2974
436 3634
4561 1563
1644 3407
2860 1500
3024 2968
2418 468
665 2986
1573 2693
3184 2081
4522 4624
1372 296
4660 3476
3902 3063
3428 1506
2559 1973
396 2725
3862 2010
1264 3499
216 2535
512 853
118 2768
3421 3540
4164 4601
4511 1269
1591 3207
3662 4692
1564 2454
655 4568
499 3784
985 3709
2330 3485
1500 3548
3541 1038
2606 4485
190 2573
1272 3621
4690 3732
4334 262
425 1754
530 748
97 262
2876 62
708 4109
3581 103
4594 4162
4132 4614
2984 2140
4254 2101
644 12
438 3920
3947 890
2195 1052
2906 1799
1378 4192
1274 3088
492 1969
4237 1686
4275 3393
774 2981
4547 2244
4741 1309
4760 1588
3059 1705
3579 1836
533 1701
735 2650
897 1559
2861 2002
3349 889
1710 3639
3110 3239
1877 695
1291 4936
4094 4243
1281 1636
4566 2986
4490 4696
3703 2134
4615 3640
798 1062
2434 1773
4150 2162
44 2304
2926 3636
1447 837
221 1206
570 1930
1850 4059
1331 2310
3451 1416
4455 432
4636 2404
4705 4791
825 1704
1773 3496
3887 3518
483 2868
1971 1269
2527 1355
3365 2101
1136 1114
1559 3377
4326 582
4097 896
3457 864
4612 3577
1612 2962
2511 2211
294 4439
2921 3060
499 2577
1588 841
1646 1314
3850 3431
4267 1802
1935 4353
3125 316
1623 1383
2524 3642
2302 2636
338 1740
2533 2228
4757 4381
4428 137
2419 1725
3448 1379
2604 2209
1920 1342
4912 3629
1125 3507
3100 4350
1162 4071
751 790
298 1435
1593 4928
3920 4407
3600 3355
3188 4414
2557 3958
3247 4171
2069 1717
259 115
4897 762
1055 3401
3957 4755
2841 722
2000 3669
1886 4219
3853 3111
3359 4113
1986 1871
2167 2562
723 2153
667 2919
1426 4752
1430 155
3116 1004
3576 346
3125 1437
1560 1568
3375 1522
2991 2045
2194 926
1232 1631
2484 511
3743 485
2817 1921
2232 4633
3205 3280
3129 4705
3678 601
4835 3985
3765 1641
1691 119
3968 3357
4526 1548
2189 3828
2190 1159
3589 1073
3047 681
3465 1390
2463 4948
4715 262
3594 3435
1683 3963
2214 3085
948 2662
1444 2962
1921 4411
4124 291
3940 2077
3023 3752
4136 230
886 4806
1248 2910
1473 2802
234 2073
4786 2945
3013 4729
2538 2571
2526 1221
4715 3796
3946 374
2345 420
1947 4098
1385 1440
1447 586
4501 4895
2679 1798
525 255
3629 1194
41 3709
4150 4440
3734 2609
3022 2818
1569 2482
256 2972
327 111
1475 2587
671 2402
3615 2915
4800 4705
4255 1796
113 3317
3865 3663
2163 282
2358 3462
2032 1483
1201 796
2010 3358
4398 2114
2835 4922
3542 255
4298 331
2494 21
1437 979
3422 2881
483 1329
4621 2055
3929 1093
2591 500
2653 2357
2611 491
1414 1844
854 2219
2283 478
3929 3252
2641 1823
2573 4569
4028 160
4079 2409
1374 4646
4937 312
1397 2386
1518 3323
2526 689
3823 2819
292 988
449 648
925 1966
3891 4969
4100 733
3634 1506
1036 3819
4320 1711
4381 351
2882 4581
1969 4478
345 150
4813 4080
3858 3138
1580 1793
1868 2673
3588 4107
992 3770
2646 2165
3315 2064
4479 3721
112 4585
4287 2385
1519 4344
3035 3493
1978 4193
1856 4583
27 2903
340 1459
4573 2353
4419 2406
4935 4658
811 1112
225 2293
2952 671
2553 2337
1746 3571
1368 2263
184 2585
549 2181
3770 1240
464 600
3565 1477
1743 1374
2318 3183
4941 3533
4381 4081
1541 1659
4680 576
1278 1503
3344 619
1004 2366
1524 1933
3039 33
4632 2467
916 2986
2321 3055
615 3706
220 3245
232 605
4152 1811
1983 457
2212 2067
2711 1117
1565 2750
4131 4543
3058 2096
2472 1037
1875 2882
3555 795
3617 4105
1989 166
3461 4172
2123 593
4071 1323
2844 1548
3933 3149
2693 3125
2542 4243
3587 2229
3152 4807
4627 4431
401 3536
133 3665
4104 1074
70 4789
2224 2378
1037 2697
1893 418
2201 243
4216 4830
2121 1470
3527 3002
2262 3375
198 3446
4093 355
4054 4958
90 3349
206 2314
2614 3000
4690 1024
3027 4513
2166 4828
4700 3871
1264 2805
2235 3512
1032 3953
2294 1256
2656 753
1671 4026
3379 2801
4011 3656
472 1993
2812 3361
4745 1799
4931 3445
999 2391
2205 3047
3282 835
3780 619
2538 4354
537 3122
4320 1241
763 3973
2285 3799
2132 11
504 3866
699 65
1692 1696
4648 784
4730 2762
2215 1656
1548 1895
4371 4027
1017 1403
4379 2689
4357 494
1001 3963
4517 1246
4752 4787
1357 4926
582 2360
374 2599
1631 1132
779 2383
4014 2022
3300 3349
4969 1341
4422 914
4416 3305
4961 2577
4596 1028
4403 1802
1848 2959
3987 1371
1878 865
3095 3860
2410 4644
833 2950
3897 3598
4483 4440
1408 3961
648 814
1373 3191
1006 1729
1297 1427
4893 1310
3364 1043
2315 51
3741 2359
3370 4968
199 3712
2065 1570
3385 4678
2406 3955
4403 1504
975 1987
4015 296
3050 2198
2551 1024
2138 731
4316 313
4114 1802
2548 1221
3053 126
3896 4951
1937 241
2633 3765
1140 1507
962 2618
2005 296
994 4959
468 1053
51 604
674 4759
26 2347
780 1837
1659 2501
3706 635
3230 36
2039 894
2947 3291
3209 427
1519 1028
42 3259
2763 4874
575 4029
1537 601
3982 1567
2597 4439
2602 702
2171 913
2935 4727
2247 641
3575 3695
2421 1529
3271 2244
702 2745
3031 4959
4165 2198
3741 3879
1008 3844
3078 4084
134 1683
4681 4040
187 2493
932 4838
1118 1195
717 2201
1543 1461
461 4156
4941 4260
1669 3033
2468 2525
2767 2341
1776 231
2207 2857
1366 3174
2121 1030
2781 1025
4496 3292
1008 1824
4028 2991
1404 3348
1635 1654
484 3739
3439 3618
2075 2495
4637 881
2281 478
4609 4060
1965 4335
766 562
566 3755
3833 4640
507 2395
163 2944
534 3130
1568 1383
1010 400
2850 1497
4196 4019
2018 1140
1270 114
3539 4609
1740 2558
3879 1435
4245 4268
4212 306
1716 2084
29 540
4785 4045
915 890
2362 3625
1322 573
859 4477
3162 1763
3492 1198
4972 3872
2700 4859
4253 1312
2689 1743
2830 981
4284 3265
1336 4301
4111 1348
2390 1829
2248 2958
482 3083
3126 4464
3199 3269
1860 1573
764 272
4925 1886
3242 3651
4625 1073
66 2641
1667 4727
3908 773
465 1252
4648 389
2792 1865
30 888
3702 19
3172 4625
2527 4271
3512 1850
3883 1818
2876 1549
853 3975
582 3875
2469 3622
3531 3260
2291 2326
2451 3095
2676 1548
373 1733
844 3750
2099 2843
289 2320
2913 158
3109 975
2153 3635
392 848
2536 3941
562 3067
3166 2667
2283 2493
879 2331
1137 2371
2259 1438
417 3985
2711 373
7 1366
479 4569
4001 3057
2193 189
1130 3811
4427 892
3566 4901
2369 3083
1238 4035
1807 502
4655 4595
3722 2841
261 1040
1652 3980
4347 2628
127 172
277 944
3907 4243
3586 1676
4672 2880
3690 258
518 591
5 411
1189 4567
868 103
3128 3021
3901 869
4582 2911
2327 1482
1247 2721
4584 666
4594 3515
4543 951
665 1968
4225 510
1753 3126
1367 3961
1772 642
1303 3122
2916 4407
1914 1689
4790 26
1546 4399
245 1095
3965 2808
272 715
3255 2603
9 2405
2910 1606
1547 1500
1884 1409
3243 314
2915 211
3092 3759
1506 3612
3902 3112
293 3818
876 2709
4890 4887
920 1542
2514 1248
3400 123
3672 2212
3529 662
3537 2582
4740 3918
2820 3051
126 865
1091 3106
3997 4533
2968 2712
1576 2414
1165 541
1727 1390
1049 1005
4489 804
3984 3937
2486 1262
3917 4388
3518 2218
1869 2645
1527 3271
2330 2679
1377 1144
4446 4113
2234 1867
539 665
3118 619
4663 928
1587 3875
4191 4507
4312 740
480 3989
4607 719
3225 4962
3221 3762
2805 193
520 2022
2375 4518
1506 1477
4771 2010
1529 1833
2816 3647
4511 4985
283 4780
2056 1605
4480 725
4922 3514
1759 3152
1882 3869
4310 2365
406 4827
1353 1893
357 2901 4250 4542 2262 4636 1369 3264 2537 3274 2671 4531 2977 1441 1845 4807 3966 4222 818 2117
