5000 5000 2000 8100
2305 2580
4455 4304
579 1950
171 786
1139 3568
1036 1809
3724 2650
4708 1565
3070 2120
4760 4598
4187 1046
1960 3077
4337 3574
2710 1697
138 1105
3219 1572
84 4275
709 2171
241 3715
1461 4244
824 1804
352 4286
1313 2648
4209 4289
1847 4811
2430 1242
1074 4291
4148 3507
1295 471
1440 2816
1990 2920
4607 4880
4053 2219
2921 1600
1864 1878
3983 1272
1237 1387
1565 3941
51 746
3495 3610
3526 1995
2989 3936
4690 3734
4049 2018
3075 797
135 1885
58 80
4206 2123
2263 4356
4539 1080
833 1095
3775 1054
4174 1255
2474 2869
4121 2341
1980 2004
3359 2575
4254 894
4868 4082
1020 4755
3755 112
4217 4113
238 4202
796 3392
2791 2921
2954 4399
3366 4238
1209 4084
2904 1659
393 3188
1243 4756
129 3589
2862 1736
1311 624
4203 4281
3190 1356
1058 4504
1602 544
1943 999
3730 2292
1444 1144
3437 1059
4036 4987
649 170
1292 4754
4767 4609
501 1054
2963 3086
1477 380
490 3496
2923 1763
3369 3790
709 4334
1611 4689
690 2831
4224 3115
4615 1565
1687 913
4759 365
3246 1662
4674 3391
3607 4320
2451 2474
4921 886
4793 3568
2296 1478
1122 808
3492 2958
3810 2804
2478 128
4916 600
4084 3180
2426 4985
3505 3121
2747 4721
4566 1260
2511 1180
2932 14
4461 2707
3352 4273
994 4988
1548 3532
4351 2481
1516 3472
1210 1363
1359 4585
2597 1164
3220 3915
3936 4409
197 576
4652 3638
1812 4092
546 882
1658 170
4579 4764
4680 4263
1111 651
1155 3136
58 3091
4471 4611
2951 4722
4465 531
4928 3053
3699 4015
3991 4351
2969 833
2174 3431
4469 388
2039 3621
46 1301
3072 898
3531 2189
3208 905
4419 1501
812 604
192 3126
3017 2671
4919 4923
4656 4784
2430 3910
587 4065
2263 2450
2346 3823
3744 4980
378 4748
2548 3359
1167 2353
464 3395
3111 1276
4011 784
1 4216
4339 3403
3124 1368
2105 4899
4669 2804
4751 162
4311 2881
1872 4423
2520 2087
3574 1477
1631 3170
109 2726
644 2652
1900 1265
2253 1107
2141 1155
4470 3422
2679 304
2092 2094
3325 3286
2668 610
2406 1845
4497 1159
39 4841
1364 3346
330 2652
3029 1560
3746 1353
4578 2957
4110 4240
4994 2788
406 346
710 2993
825 810
1316 2350
260 2410
3100 4752
1117 2475
4017 4328
3389 3190
1809 2974
1452 4020
4287 4328
4992 2641
4502 2312
4147 3805
3877 56
1387 3834
608 2202
1599 1578
369 4680
3891 295
3264 725
1538 1831
3218 313
3592 125
1833 2113
79 2018
1104 3427
1879 4569
3119 1272
2514 3460
3333 2054
4980 3675
675 715
2744 2444
1145 4428
4166 127
592 300
4225 4870
3956 1239
3354 2937
3358 4976
4308 1642
3167 2681
4003 2340
1585 105
4762 1438
3888 2441
2736 3474
3083 1471
3510 1392
2232 4169
2976 326
4298 3337
2332 3442
2905 3302
1121 2833
2821 2777
894 702
1252 3614
2282 4911
783 1605
948 4466
4614 2326
4973 4642
3929 4245
996 3428
4069 220
3179 515
4454 4325
1545 1842
1087 4321
3093 4907
541 3295
1214 414
3707 1059
4823 2958
2040 2247
2264 3707
2479 897
1121 1733
4466 4085
2287 4124
1760 4745
703 3249
3845 4318
463 657
4944 3004
1525 861
689 717
1332 4301
433 3157
3353 3338
1206 3008
3768 4661
3861 4336
1383 3270
2487 560
1372 2571
2419 4295
2531 4714
4197 306
2570 3655
1360 3291
3673 2935
1427 236
2007 2443
4362 2922
4009 237
4972 3786
3091 4620
3174 3767
3711 3908
4319 1208
2228 974
1261 2405
862 2209
1583 4784
2650 1900
3812 559
2084 2938
1549 1955
2648 2
320 4867
387 2083
2721 1059
3583 4353
3421 3449
3498 3629
1431 3198
1153 4968
955 4956
4549 4985
2008 810
2778 3177
3795 3419
577 4151
2456 2303
113 1079
4438 1066
516 3698
1024 3864
2689 1418
4358 2352
2481 2780
4186 542
3551 454
1366 2121
4812 150
2826 589
4960 4315
2799 4341
242 3558
2220 3900
546 2393
22 2936
2175 2682
235 3362
224 1478
4707 2320
727 484
4644 3934
3863 1661
3052 2765
4493 1526
786 1846
3201 4371
3769 4955
4860 475
4473 4362
1477 2518
3358 4622
154 619
793 4793
2024 451
4336 74
2778 2398
1118 2458
2271 3249
1930 4431
2629 885
1956 3206
2029 3070
2880 4539
2135 1344
2029 2403
4765 2205
781 54
3114 2480
603 4652
3272 1386
1331 126
4952 3397
2561 2415
3537 3527
630 4737
855 1361
2954 491
2092 4606
2516 3621
2500 1789
3777 1476
584 2355
159 2230
259 2004
3428 3814
4362 3851
664 3278
3496 2561
1230 80
272 3306
4341 2190
2125 4064
1649 3088
2070 2452
1699 1456
310 1484
2877 3157
4914 4909
2615 4458
845 4747
2064 1261
3001 1155
4139 2221
1222 4098
1979 2660
2544 4907
1198 45
2827 4675
2482 2003
1954 2516
3029 4264
2774 230
3284 1330
3337 198
3633 299
4261 3881
3620 4419
386 2856
3078 2360
3561 710
873 4352
4059 1793
649 4386
2619 3710
621 4749
3296 1619
590 4141
967 2395
990 1818
2431 4661
3421 4884
1677 1498
3790 4564
2651 902
2136 3898
3703 263
3628 2901
3799 2325
595 716
430 2783
3308 3998
1535 1997
4818 4755
4913 395
941 11
197 2144
2094 4197
4003 1531
516 4888
1068 4633
1961 3414
2648 3012
2343 549
277 2908
2732 537
2310 2260
3519 2126
2495 2381
3240 1983
196 4067
3202 4389
3237 1607
3681 3574
4753 1831
4519 2333
2058 4012
2228 3632
1443 2727
4178 1844
4795 1231
36 1380
1482 4840
2787 335
4844 4523
1411 1584
4451 4024
4893 2178
2112 567
3056 20
4347 660
2986 2575
4889 4218
1782 1446
1674 259
2981 2834
4003 2226
168 541
3954 83
3597 832
2798 556
1720 393
1046 3272
690 1739
4079 2885
597 465
778 4096
2005 2713
1793 3718
1970 531
2048 832
4186 1127
2939 2862
1008 3051
4696 3865
481 201
1631 4186
1197 4319
4049 3742
3380 1394
2846 1685
4397 444
3926 4411
874 1540
2022 871
4306 1451
2020 750
1926 2999
2619 3345
4441 281
1135 415
4866 2454
615 4945
4525 2959
2147 1020
2452 1817
694 1449
3011 3343
4939 1350
214 534
356 1335
2374 2547
4092 414
1377 4846
3787 4909
3423 1182
2964 3112
4064 4752
4440 3341
4920 4066
3498 1114
3096 1854
449 4635
4175 2294
320 4864
269 685
4029 4841
2412 1331
2568 4141
3284 67
1168 4697
3760 1621
2446 306
875 4759
4428 3209
2657 2138
3214 3322
3514 4572
4342 1613
1123 964
1175 3723
571 2965
3621 3568
763 4731
3393 2491
1335 948
4464 3760
4035 3726
2210 157
1775 3808
3288 3085
2238 2447
437 3470
2497 3139
522 1566
4135 2317
335 2859
3058 692
1269 4675
225 3922
2497 700
1540 2185
4517 4383
2921 3195
2624 4084
2949 4897
2755 4822
3577 1737
662 19
1811 3039
4556 2370
200 1106
2434 4579
768 3556
2890 4372
3553 1603
580 4755
2308 1153
2222 793
1714 185
1403 2717
158 2585
2162 2247
4107 1982
1519 4555
3206 2709
2988 4789
1924 3266
4375 1062
4082 2575
878 3393
4603 4354
3013 3312
3116 443
801 1031
2082 320
614 3582
4337 1173
2727 4550
1903 342
3109 4487
2274 1238
4345 697
4822 4758
1720 1743
4098 3804
4185 3942
68 3193
4972 2780
2337 1947
1844 3604
3707 1812
3074 3240
1606 3013
1105 322
3446 4152
2353 4756
3250 142
3835 2777
2558 4732
174 1712
491 1473
130 2176
3975 2735
1944 2927
399 3848
2630 2956
2210 3223
1991 2126
3372 3768
2979 2641
758 3638
4821 1814
2185 2636
2622 2056
1255 2075
1573 1380
3827 4528
2230 4224
416 622
3794 3381
2817 3536
1674 2605
1147 1545
4833 1872
2956 3246
3054 1346
4988 3807
4055 895
2791 3539
3297 3375
3969 1935
4969 77
3705 3400
133 1980
4299 2148
1325 3266
3680 1687
4219 373
927 1482
4967 2716
1704 2433
2813 2912
1442 4920
3536 1572
4152 1369
3291 1061
4436 2915
3489 161
2244 4981
2998 4135
1418 4124
973 993
2480 1161
137 2873
3467 2510
220 1911
1025 1038
633 4995
1323 1160
4411 1513
4262 3502
1919 3121
1921 1559
3714 10
1628 2326
3527 589
1396 1691
3962 830
4587 206
612 2880
1649 1463
4455 1974
1056 3076
4241 3924
2450 1918
1711 3716
1206 2570
2580 93
930 2698
4907 1527
3784 1318
2636 3481
2158 1140
1228 972
1034 1424
3632 157
3310 4305
1767 4710
1805 2895
4596 293
484 304
928 891
4916 3500
139 2973
4975 4508
4546 2473
1491 474
1199 3056
1857 3999
596 1629
2269 39
1488 4341
1195 4339
1260 735
1825 2501
4824 4972
3608 2615
3591 4602
2010 3597
2982 789
2146 2197
3355 3269
3092 3730
4245 1482
2289 877
661 1359
316 1112
3703 3886
1497 2742
4495 2535
1242 3673
4514 1658
367 1392
3423 2212
4088 2463
2853 3306
2054 4654
819 836
195 4003
194 4957
199 3721
128 1066
718 4808
3336 1
4501 1222
4485 4538
2458 294
1431 2508
3828 4118
2242 660
699 3738
4123 4331
2165 2623
3041 4981
2123 3106
3492 2378
2379 1149
2637 2989
937 821
1426 4875
1562 2828
873 802
3126 2163
2074 2131
1102 4382
2087 3971
1541 3195
1422 4522
4036 4072
4582 1433
2902 4079
1992 229
387 1378
1764 217
1987 1562
2930 3984
297 3860
3839 3015
733 2986
3792 156
794 1292
3546 1416
2695 814
4508 2286
3649 2087
3041 3751
4160 2218
2063 65
3067 4725
2294 2849
1473 1833
1066 3573
1306 4141
3 1068
3196 1916
2653 4542
2689 2596
660 3486
4204 221
2589 2059
781 2803
1109 1811
4172 3288
1931 4321
3813 4854
4862 3847
2552 1236
3352 4800
3638 3097
4798 1066
4146 2419
784 1366
1496 3162
155 73
734 2102
626 2644
2489 3559
3498 992
1950 804
4003 3545
1547 2973
3758 4285
3268 1910
1667 4700
522 4952
1472 2457
2648 4853
830 4909
4940 4192
3123 2549
911 2960
675 3430
3913 930
975 2983
1031 4312
3712 1389
3603 947
2614 1524
1842 4465
549 2705
4794 2272
3662 4394
1573 4976
15 3548
2818 2744
4446 3588
4452 3906
1706 238
379 2193
4841 441
383 1496
367 1346
2389 1014
2188 1912
4673 3604
1449 1022
3953 4310
3209 330
4227 2696
2421 3367
1670 54
2846 3219
65 1827
961 2632
2156 4713
4356 2328
1043 4497
898 1044
984 3707
4058 1894
3333 2149
580 581
4996 4241
1277 1812
4277 1174
4280 2533
2143 963
1710 2808
2010 305
99 996
1484 4998
2955 2355
847 1777
1970 3007
4226 4921
2566 4999
534 889
3386 3979
2792 726
565 4003
1454 4204
4878 3691
3583 2759
4533 2557
376 2321
1996 4995
3131 2650
3649 4781
3088 130
3282 3173
1635 3047
672 3210
3158 3740
3573 2515
4945 2208
714 4814
4839 2048
4863 2491
2031 390
1840 2645
57 874
3861 908
4524 2254
2470 693
2021 2340
175 3892
3304 165
3328 4446
1233 4013
2303 860
1372 533
2557 642
960 983
2544 4360
2721 850
2729 2947
837 4529
4645 2583
30 1768
508 3324
1162 2279
1557 761
4915 2791
1327 3240
2507 2010
2863 1415
3357 2899
2954 3395
2440 1688
4792 1735
2028 2297
2463 2547
71 3527
4845 1751
1460 4846
3820 4055
424 923
2593 4142
413 4833
1344 4016
4757 4619
3309 3765
1428 3701
2674 3005
3558 2803
4220 3429
2010 1119
1514 2049
835 254
4894 348
1969 3989
2622 2944
3943 1144
2618 369
3695 1384
3097 4662
15 4090
916 4640
2234 3545
2883 27
4790 3950
3703 2452
2876 4134
4335 2222
3400 3094
4256 1220
1994 2487
3367 4262
4120 480
968 362
325 2123
3849 1857
1784 4110
759 4331
2951 4829
4882 2048
4505 4498
4819 1337
1269 3392
241 2112
339 2996
505 4724
4347 2097
24 640
3851 1703
3743 3172
1131 1968
2908 2942
4393 480
480 794
4384 2313
238 2316
2501 3121
4805 3092
2089 4217
473 1856
274 4369
46 973
437 3909
4549 4272
2796 3105
2450 538
2539 642
1145 3607
21 2276
1816 3517
702 1878
3729 1208
3389 2409
2985 2157
231 1890
568 2278
3544 704
1718 1411
2527 3009
3335 122
1383 3131
1814 112
2305 3716
4153 355
4657 4624
454 922
3510 337
4394 3205
3865 1952
3146 3093
2512 4348
4074 1711
4442 4076
1007 4646
268 1872
1256 2802
4377 734
1764 144
4245 2782
2448 1854
1196 4097
2869 214
3266 363
3713 1062
1009 887
178 3296
1312 1958
77 1684
1569 3745
2314 3276
562 1308
1841 1052
3364 2248
4664 2459
1828 44
1367 2142
305 2074
1575 3459
2851 2047
3265 25
3753 4453
4040 3923
2223 833
4679 4462
1965 1351
1862 791
3699 124
3651 1795
4372 1118
3696 1040
4020 3060
1505 598
4393 419
1242 1417
1784 4977
3839 1146
4688 4633
2365 3649
2312 689
2240 1087
3700 3213
367 4949
1764 1865
2275 4415
2440 870
974 810
3513 3857
2459 3747
4823 1119
1005 1684
2244 3296
3492 3954
4077 116
1609 3731
615 1443
1216 926
1002 2187
4503 3355
1372 1325
1168 4515
1373 3850
4421 2835
4404 1877
198 3583
4651 3848
1484 2605
2640 2324
1260 4316
1402 1574
2828 4749
2531 4042
4175 780
102 2808
321 360
3377 1623
3760 34
3357 704
4291 699
3436 3733
3805 146
3813 4716
4332 1320
3771 851
957 3544
1765 2153
2031 1648
2292 1494
684 2984
4169 476
238 2697
4975 949
4521 1177
1159 3772
3966 3208
3981 1637
3358 3668
2030 132
3762 3134
4747 2600
1513 3847
4897 2144
32 170
2189 2893
4548 4108
1145 1837
2902 4542
1189 4587
813 4424
2302 1005
4117 2393
2461 821
842 3881
882 304
3166 2969
113 1729
3268 4406
2948 632
2654 4033
1087 1490
1153 527
340 1923
2478 2328
2107 2897
4648 1188
3327 1764
3010 1172
4170 944
2824 4794
51 4928
1738 4192
3718 4036
3364 4523
494 4013
2612 623
2840 2601
2920 2620
1969 2693
609 4484
813 2515
333 3572
2872 4997
2036 3678
4670 4771
288 2288
1512 4231
2675 2259
2999 1417
1190 4149
2577 637
1887 2745
4739 139
2226 3546
1280 4516
4734 2165
2845 3038
4540 1170
3058 2385
4309 2536
2430 2768
1355 3784
1930 4284
4254 4483
1145 1157
1336 4807
144 4007
671 3737
2818 2764
4140 2284
3804 2984
726 4863
3993 4000
435 1090
3481 4088
1533 3586
47 2459
4449 2460
1327 2579
4514 2599
590 2604
2966 2077
805 2180
985 4549
499 80
3733 923
1765 352
4570 1693
3478 2247
1929 2884
1245 2867
3530 2565
2218 4775
2759 4565
4909 3183
3806 2406
1608 2333
3523 4253
3164 3600
4779 2557
1385 4320
4274 1200
1998 973
3953 1299
3774 4214
14 2307
1391 3681
1472 4157
3921 3966
1630 710
2113 2708
1201 1904
1344 2542
2838 376
694 2980
1552 1837
1889 3497
1110 3406
4863 3575
4010 2599
1773 4366
4147 1324
462 743
4822 4358
3681 4919
738 523
1764 4404
1441 3317
2846 4007
425 1706
4982 2826
2866 179
373 719
2981 3674
2604 3197
2015 3641
4398 1496
2797 1611
114 3609
544 2330
4560 4128
1758 2729
3552 2691
41 4593
1033 289
724 4721
1553 3400
3368 1727
3973 1124
1313 991
799 4548
3475 4251
3020 2900
762 825
71 2009
3040 4560
1944 2661
258 1238
1907 4102
71 1595
3365 2019
1986 1404
2800 1077
3535 4532
2584 4107
1430 3046
3537 2774
3279 2175
3475 4745
138 4946
4569 1274
4927 3636
1815 3380
2363 510
619 4699
1025 4502
3079 2601
1199 1923
2730 4217
4942 1710
537 1442
2836 3800
720 3060
3350 2113
2151 2169
1240 2181
1713 2493
2511 210
1983 352
1464 2949
2769 3588
3211 4812
1036 4940
2214 191
3797 2378
3658 4811
1935 722
1689 3605
2686 2970
2284 2255
389 4569
1784 1045
3571 4409
2531 1602
596 4823
2718 225
1070 3405
599 15
1622 604
2178 1567
2392 4992
4906 763
4986 4973
2151 1425
156 950
3643 4545
2705 1261
2639 4445
1733 2749
4415 190
4246 292
1733 1049
2678 4620
320 1679
2512 1216
4255 559
995 3040
834 78
2872 3713
3739 4361
1186 157
999 4780
983 4327
3682 2963
4748 3300
1301 814
206 1154
2939 4371
884 1040
3427 3655
2544 3961
1714 726
3158 1642
2687 4779
3500 2977
4957 1415
2616 1932
4157 3606
3950 2508
74 4825
249 3763
567 3471
3823 4299
1160 4961
3188 2861
1875 3055
1311 3314
2171 1775
3972 510
654 1660
2038 4470
2639 3377
3479 2692
3813 1361
1659 4673
3953 1332
1925 1983
2671 3824
3478 4761
1626 4464
3608 3276
1557 3852
866 1298
2734 3927
1140 1259
3053 284
2417 843
257 4296
1681 2438
2241 4000
890 901
4149 605
3467 3900
4356 1562
4084 2088
2490 1165
2204 2046
867 2186
99 196
3779 4230
2371 81
422 4299
3356 375
969 1661
1083 4128
202 2933
1147 959
3012 3127
1702 4679
4153 2935
1624 1234
1520 3566
67 1925
924 1240
3361 2328
735 2563
4007 2864
4590 3168
4706 283
4343 1031
566 1571
2076 2609
117 2544
2589 4725
4062 4387
681 3664
4172 367
3652 3946
1174 3635
1641 2277
4683 1317
4695 1936
960 725
4472 1251
2898 615
4886 2734
2180 3847
2651 4561
3761 3592
1519 2964
1378 557
4208 283
4544 4115
965 3937
1922 2234
4665 4600
2038 4120
1321 3405
2514 3624
737 3244
2836 4483
3788 1731
1735 2446
4522 4473
781 451
2486 3168
3966 3181
427 3448
135 3630
4803 3509
1802 1332
4070 4753
34 245
1520 1923
3920 3613
4761 4334
349 2016
99 2094
4470 2304
3137 3533
2 3760
120 2528
389 1271
2129 1527
424 4577
3137 3589
2628 4490
3515 1009
2900 2845
3648 3688
4186 4511
4353 71
1266 2725
68 414
4251 2382
4295 1311
4649 1553
3383 2999
2010 3742
3172 1860
1957 288
3592 2161
3393 481
47 1127
4501 2828
4587 499
4945 1828
4062 4267
3990 4328
1300 3354
241 4605
3047 638
4644 3810
1315 3187
1248 4057
3471 1508
3858 4868
3299 1394
3865 3178
739 3740
3830 1756
4222 1503
1659 123
3195 1150
3513 272
1675 1265
743 194
651 3352
3439 1508
436 694
1054 3370
3171 1068
4186 3633
1001 3530
490 4421
3037 2703
1635 4346
3868 2402
1255 1437
1642 3526
934 3435
4738 4646
3876 103
1346 3223
1423 4013
987 2655
1499 831
4156 4654
2462 945
3012 4742
4535 697
3504 2406
3832 4831
4452 4421
655 3895
4830 3205
2164 364
2248 1376
2421 640
517 1066
1345 3765
3562 4451
3319 1359
4648 3463
750 479
2260 4941
2784 34
1241 2610
556 3323
2718 801
4582 4024
2941 1426
1875 4167
1709 3473
1471 1083
1572 20
1421 1120
1252 3566
4509 4964
749 2006
2296 1901
4829 4221
2675 427
4221 3513
1239 4470
2260 4049
596 2345
53 2889
3453 1841
1723 1501
1257 4504
1705 356
619 809
799 1122
1773 2175
864 1769
1091 2866
4543 2091
1239 2340
3330 1063
2224 4346
3910 3816
4515 2605
334 1663
3793 1121
3478 2134
4483 1244
3572 1935
121 2657
3504 567
3589 4995
4283 1372
1677 634
4426 3140
2712 885
4128 676
522 4465
2441 1839
903 3401
511 4010
3622 3370
3267 4708
4458 183
1279 2582
3657 2345
4611 2095
3749 3231
4156 3566
1653 1162
3089 2315
1341 1087
2763 156
3091 1793
4094 3291
1222 1322
4964 4456
467 4495
673 4375
1319 1780
1734 1558
2671 4492
1818 963
3053 216
1419 2901
217 4893
2196 2555
3577 475
2371 728
1667 3498
707 4906
4054 2778
4273 2418
275 315
4853 2915
2625 1070
4442 2239
4855 603
1761 333
2968 1264
1489 2224
2190 1567
2851 642
4358 1986
258 4767
3525 2080
1033 2299
4286 2343
1977 1627
1990 1182
1290 3427
378 765
2449 519
1387 4749
1477 1950
711 4202
1331 880
1168 4641
2914 2327
2050 2974
58 845
4949 1943
2986 4242
164 4531
1720 3063
2738 2687
1747 2579
4169 3622
157 4818
1219 3513
2335 2490
1285 1479
80 2712
2990 447
4181 2932
3740 3628
402 4096
4930 2103
1384 4865
1382 2655
2036 2071
3688 3246
2615 3033
2662 3186
4801 4404
4350 4795
2099 4057
4851 854
3357 3487
810 4209
2205 1550
2403 3765
1592 1069
4902 2510
2743 3174
825 1996
1893 2543
1123 3995
2554 2878
4812 2116
4661 641
3863 942
1212 4055
4355 4516
4282 2141
514 2572
2520 3201
171 2197
2233 250
688 1910
469 489
676 537
4500 3240
1206 1376
4867 2216
3008 4329
1029 1975
2093 4813
2711 3391
2988 1915
1433 2301
4887 3898
1442 895
912 4215
1135 4210
3337 900
1262 3269
2760 4032
878 3874
3961 4804
1765 2567
243 1900
358 549
2013 1043
2493 1754
4214 1041
2960 3356
1999 1719
1548 2286
3685 2202
3900 1955
236 3240
3557 233
2915 2253
4959 1071
2394 1585
2352 3172
4331 767
4744 2420
237 427
415 3081
4075 334
1380 4282
699 4283
2879 3272
2694 4129
1638 634
2665 490
2839 2916
2773 2734
2039 4244
3611 4882
3124 761
4340 694
3602 3273
2762 4885
343 4134
3552 4187
4269 100
3570 4781
1479 2978
1678 3470
3053 2006
3851 4094
1236 3282
4529 1052
3860 2299
4937 3153
1540 677
1620 2847
1718 3556
1624 1018
1204 1738
212 4672
1658 2359
4725 2096
1860 4723
292 2631
3498 511
4590 1301
4385 4411
219 589
3746 4517
1514 2054
3963 575
2809 4888
4066 2807
4829 2472
4514 1956
2052 2523
2213 3300
3242 3110
3293 2361
1322 4107
183 3391
3667 4567
227 3866
2909 140
2556 3636
3393 4884
1832 2096
2984 1597
4709 162
4435 252
1214 560
4521 4284
1651 2580
2697 231
1511 1380
4180 3825
1078 4960
3338 2702
1971 1583
2921 2473
1048 2215
4675 2777
2356 4886
2607 1568
68 3207
2114 2994
1578 1822
954 4243
3152 2612
4823 4544
1789 1603
3170 227
2164 3224
3486 3423
3320 2708
4571 333
3167 4132
749 3561
3197 1690
4720 2901
1399 1013
3124 472
2971 727
2672 224
1185 1425
3215 113
1513 4784
3600 3705
2067 3298
1945 4814
1108 1493
423 4908
3518 2092
243 4779
2568 43
1501 1732
2939 169
1091 1120
204 3563
647 1149
4545 3790
4595 142
2701 3456
1326 2856
996 752
4163 4036
1361 4835
2967 3445
4514 4638
4796 4754
1876 903
95 3752
2951 4075
4631 3565
4945 4504
623 3645
3381 984
871 336
1932 1498
2851 1825
3218 3314
2080 531
1348 4622
1942 893
2514 1779
4585 4489
3349 2325
3650 420
1510 4773
4912 1939
3334 4578
4115 3690
1959 2797
4904 1988
730 1399
3210 3230
3603 827
1992 2844
3176 1907
2033 3324
1916 3648
2993 904
3735 827
3848 1885
1538 1361
3438 2348
2533 3225
63 364
270 4222
3473 2847
4653 37
3446 2712
723 4960
591 3929
3887 4162
2423 4685
3681 3995
3677 1046
3344 4777
4991 2599
427 3711
2881 3785
3336 4838
4065 4678
4175 3344
926 1524
3876 291
3264 1593
4255 25
3141 2731
4556 4551
1641 857
3074 137
1139 919
4670 150
2291 1575
1829 1955
4826 4529
1108 567
3750 1417
288 131
1000 4488
1601 213
4578 2776
1179 411
3951 4680
1600 1746
800 3307
4901 862
393 614
739 358
2493 4276
1928 1802
388 4086
2507 2274
872 1712
3971 2675
3691 1068
785 2086
2057 1934
600 2724
1664 3475
711 4804
3287 2426
123 3291
2424 2542
467 4414
2523 1038
1215 4776
2704 1826
3919 105
2888 537
1497 3396
1334 3169
1897 2128
1375 1896
973 4143
95 4743
889 4353
3541 3411
1260 2917
4593 3757
1933 3483
55 1878
1970 3997
1336 4171
3503 3746
2029 4480
4277 3895
1466 3643
6 1109
2396 364
4400 1245
2874 1816
530 2828
256 3776
1569 1754
3948 1713
2327 2778
4917 463
1280 4621
4560 3315
2970 3423
1490 2301
2902 3258
963 1689
184 1718
2634 3397
3327 640
323 668
4920 230
4954 2287
4218 3603
3209 2790
916 1171
4936 2578
1833 2847
978 4467
2088 886
2930 3382
2766 3781
2499 3968
4548 3011
97 925
2151 2754
3925 1933
2384 3976
2807 1562
4827 2141
3114 530
4702 3925
43 3444
4838 2786
4132 572
2503 445
4351 1033
1177 4318
436 3976
1758 1924
3778 4962
3284 465
1641 3477
2050 3620
3884 3197
42 585
2659 2452
231 3476
2377 2623
3039 2799
3098 643
117 243
4310 4834
1191 579
3475 889
4326 3325
4798 2794
842 3853
3294 4665
4089 2945
1978 1956
4367 766
3229 4134
820 2276
2406 1651
2008 3006
1244 848
3819 2859
4023 1761
1176 4843
2028 3724
2992 102
763 3666
3806 1454
2671 1827
2752 2406
1782 3490
4078 1840
3131 4656
860 364
4090 335
1353 713
3647 4155
1953 4567
108 3286
4716 1022
3914 3878
2275 3518
4682 4525
2813 3364
1928 3647
1053 245
544 1644
2739 1498
3418 3753
2992 1995
1391 69
2299 1554
1404 4439
4307 3380
2049 14
3654 4970
4851 4983
1909 510
1006 2132
1660 75
2638 2163
967 3666
4354 1835
309 2418
1437 4160
1351 4747
4058 599
2820 3255
1249 2385
4285 2955
1237 138
4833 3599
2434 4820
3313 3039
705 658
2282 2120
3273 1392
1646 1507
3063 1906
3262 3565
4570 665
2612 4341
3202 3189
505 2819
996 4500
3415 4654
3691 4455
3130 915
138 3164
1022 1371
2568 3520
2437 3754
4002 59
4879 2663
1713 2766
4637 496
4413 1853
3483 3189
510 3191
3810 2514
802 3828
1176 2711
791 1604
4876 3179
4166 3635
2172 1576
712 3253
2855 1189
2291 2413
217 3485
4013 2396
2933 3353
3658 866
699 2244
388 2813
4696 2543
3627 230
254 598
4565 1374
4235 1069
3708 2874
4994 3497
901 2151
3330 595
52 525
908 2676
4560 2545
3063 1447
2713 4522
137 952
4509 2023
3306 4096
3436 778
3115 1183
20 3780
1179 1053
1420 2542
1061 1266
149 3142
4886 1684
3121 1724
916 1179
1020 3508
477 3964
130 2625
444 1088
1753 2537
639 745
4086 2843
3854 4137
1837 751
3857 1949
1102 1272
1373 43
2091 2498
1324 235
4420 3048
3119 80
4294 192
4706 1955
3251 648
2653 4776
1680 738
7 684
873 4549
4292 776
1980 4922
3112 2068
2454 2695
3212 1934
375 885
369 4210
2671 4483
337 4408
3939 3749
4559 2841
162 4179
2797 3623
2422 2817
3165 2987
4875 4479
638 1199
4789 3883
4501 1214
2139 2272
2316 740
4137 1711
4329 1343
2066 1307
1947 127
2682 3343
3049 4410
4854 1493
1146 4779
2035 1128
1496 1581
3416 2481
4360 4212
3088 1854
916 3319
2563 909
1856 2171
688 2346
2517 16
3143 411
3480 4273
120 1674
523 4565
2627 2707
3956 1969
440 2285
372 2175
2990 1339
2624 1338
3186 24
1231 1199
2523 923
1585 3014
195 1065
2128 672
4406 4125
922 2552
1096 2474
747 1326
561 921
2522 4647
170 3202
3269 3249
832 2395
3813 2165
3765 2074
605 2079
4432 1405
1620 3795
725 3459
396 2284
2212 826
1042 3723
1145 1107
895 644
2190 2887
2081 2195
4919 643
3721 2919
2506 3578
839 2105
2249 4671
3487 4696
2777 4614
2449 3438
477 1238
3809 135
3109 2955
3056 3153
4162 339
4704 3786
1162 661
2158 4933
1564 2757
650 777
1403 237
4932 2396
3062 2965
3599 26
2734 3926
727 1117
4234 1460
3879 2185
3878 2269
74 2995
2625 424
1319 4509
3781 3878
933 766
4946 2567
172 2183
3227 1611
1680 364
4822 2424
4909 4620
4222 4339
2138 871
1723 1065
511 2670
4818 242
2701 1027
4865 4167
3741 541
13 2030
3032 4245
4228 819
2737 3584
2645 1426
2141 4762
2491 2956
3928 3184
4117 4902
1920 4008
1501 3756
1418 1849
449 895
3786 3054
1486 3527
2895 176
877 1023
4464 3924
2810 1102
2359 106
4602 3639
279 317
354 608
1574 692
1262 4261
2754 3809
2359 630
3903 1767
2888 2546
4329 3964
3413 3269
1438 4310
172 792
4552 1334
1662 3729
281 805
4631 4492
2548 408
3945 3298
3595 2150
2905 4660
2392 1780
1243 3974
1363 355
4824 81
4093 1987
532 572
2567 462
4389 4793
1480 3008
1065 133
0 1546
1426 2996
1338 4562
893 2883
3363 2982
1862 3309
2841 3586
2717 3973
1095 1108
2920 1511
458 1232
1238 4730
10 2304
2717 2247
3012 4300
4240 2366
4480 1290
2085 4126
445 2114
1382 3928
673 2328
3525 91
4740 4890
2310 84
4546 3276
2057 4066
4942 133
1073 3272
3977 334
1152 4861
1029 280
1848 3536
2439 2886
982 2671
4331 2885
4930 484
1078 3614
1387 3945
2477 712
4804 459
833 2697
933 854
1982 3760
647 1760
1590 3939
2206 4229
1183 75
4953 414
1055 893
3135 4561
2380 4178
4707 1564
722 3810
4445 3039
4936 483
3043 4402
2480 3456
1674 4243
4738 4351
1584 1510
1192 1782
3134 4020
4589 306
1120 1199
3543 3407
1336 4454
1879 3572
1813 3110
4743 4567
4700 805
2167 825
3044 36
2209 1649
4804 1817
3960 4716
1494 306
2753 667
1905 1723
187 367
186 163
931 3406
2621 2058
2407 1872
536 3795
1725 896
244 1303
908 1925
4782 1382
4529 940
3720 3880
2366 3494
4099 2594
3967 4723
3631 1828
2357 3018
3844 1778
4470 4554
4516 2533
4922 3499
2172 3114
3499 4469
4229 2421
1919 3190
4810 5
3858 4625
2542 3587
1533 4265
2260 696
105 3634
4086 1943
143 3457
2283 941
2547 470
4081 1865
254 1983
4638 2383
2845 90
2587 2708
1645 3173
4115 1726
1643 1776
391 1223
1755 2426
4916 1865
2539 4996
2096 1550
556 2996
4172 4254
3772 1376
596 1371
523 2818
3263 2064
1307 1113
204 3495
3015 3804
2903 502
1953 2270
3647 2478
1307 3471
4588 4283
3736 4357
1327 3631
4277 314
3109 166
1708 3084
1161 1336
2324 2811
4642 736
258 3826
2687 4919
4676 2683
38 3173
4089 1072
134 3911
4449 1384
2469 1817
3203 891
1365 4651
121 1321
15 57
312 1584
381 2806
4321 1189
2678 3266
568 3368
555 4978
1637 4376
1217 940
4098 2852
4467 3785
2150 4353
1959 3592
1636 4444
309 2734
4507 3742
3664 4907
1443 2867
834 1355
155 4451
208 2952
4116 3032
3006 4365
4428 2138
4964 4113
4423 2828
441 4742
4506 486
3375 3502
3750 1507
4750 4609
1417 312
4134 2843
3162 868
430 3260
2550 4835
714 4788
2435 833
3530 148
1870 3485
4896 2536
2941 4154
1772 3401
4585 2836
3033 4848
4387 3127
1545 3642
2892 3485
2300 2418
4193 4735
2006 209
1085 3434
4204 176
1362 3478
2769 4021
3822 3703
727 1819
4818 3760
4971 4469
4453 1217
2959 1312
577 3330
1465 931
584 883
3377 1581
3717 3778
1061 4254
1458 3378
163 1308
2480 195
4983 3888
2791 2041
4136 1553
3400 3254
4462 2057
3912 1490
4350 1762
3616 2975
80 3043
1519 3073
4741 3649
507 4761
642 4202
2664 4153
1388 3431
2806 1879
4948 243
3090 3089
4434 3914
3928 937
4331 3712
1433 2846
2714 2342
66 1533
1856 1587
2458 1409
1410 1483
3584 4204
3481 4079
4591 2595
1111 101
537 1299
1784 248
456 238
2999 1915
747 2310
4096 1078
2033 736
3864 1468
2392 1373
4357 4107
4800 388
4932 2173
4734 1374
696 903
2934 3337
1356 2135
1241 1956
4093 4290
3144 1954
3781 3369
3999 3673
183 1579
321 224
1176 1447
2748 893
3325 2682
4188 245
4575 4532
4339 4923
883 4391
3465 3380
1053 1569
4683 1102
34 1153
1072 1347
2109 2233
4314 1789
4045 3875
2779 1516
3819 1320
2994 2431
3862 621
4201 4616
1802 3994
4850 1509
4778 1837
1647 3022
3488 392
1180 2739
2221 1671
4614 1746
4430 2496
997 4693
128 647
2432 2339
4159 3151
3023 3667
4749 1768
4911 2103
1414 4701
742 4388
110 3946
2125 3139
4889 3035
4728 4002
554 1453
2819 1100
958 88
3729 3568
1631 2475
4802 2266
1718 1367
3416 2634
2475 2217
4056 1460
2703 1046
1172 1996
1038 3542
3071 3691
1022 1501
1715 4874
1681 884
4576 4103
280 1110
2733 1798
2218 2941
670 2507
1179 4346
72 1333
4129 1387
2468 3357
585 4622
2335 438
4733 3377
975 1915
3787 3125
2922 4859
3282 415
2678 1387
3137 678
434 4596
3748 4731
2366 270
499 3070
3942 2120
2361 1976
2843 4164
4372 1650
2185 4820
4945 1742
2758 4238
1284 672
1132 947
2819 173
603 1734
4755 3233
4675 1052
3740 4325
3462 2245
3675 4745
2162 1688
116 773
274 4477
2137 642
1517 3924
2203 2162
3660 2122
1858 4214
493 308
3918 4004
984 2913
181 9
2106 1091
1121 4973
1187 311
758 832
2237 4965
1392 1839
1156 212
889 2115
3309 2177
2975 2162
15 2647
2444 1495
4376 1874
508 3428
4695 2654
3417 465
2444 1698
2319 4660
1787 1037
32 3007
3749 2207
4723 2125
449 324
4960 2427
1856 4164
3845 4156
215 2510
456 1628
1852 4076
3185 1977
2403 766
3890 535
4756 4525
4087 1772
3175 2956
4967 2113
2122 3408
1825 161
3908 1562
2264 2101
103 3125
987 4044
4900 909
3621 1053
4199 2673
4729 304
2316 2685
360 306
3069 4887
1458 3338
1018 4006
2429 231
4404 3693
4602 4158
4553 1550
4750 298
4931 2413
1749 617
407 3151
1645 4019
2744 3652
2096 201
1403 262
2000 3844
1863 3216
3895 2568
1389 3352
4247 3049
3181 264
2021 4960
1978 4737
4457 4007
2528 4015
1427 399
4186 4659
4546 880
4154 779
386 82
1331 4831
1091 313
893 2851
1909 3733
1191 3676
1126 3288
174 4997
4171 1993
64 4713
9 1148
2999 767
986 1205
421 1989
4321 3614
4500 1781
4975 3093
4149 3287
1692 4573
2934 4561
1917 3510
2794 3301
3338 3450
3269 4264
1136 1501
972 2372
4078 3236
3410 1491
2356 3188
2519 4025
1971 770
2758 2908
1849 214
2440 495
2921 2712
1972 4779
971 1932
145 123
4555 556
2993 610
4167 2608
929 1473
2869 621
3745 4255
2935 3927
1598 2113
282 2667
156 3278
4167 2622
3233 4651
1564 1181
3733 2113
3753 4181
3745 852
4032 4860
2426 3820
311 1797
249 729
4448 2108
4554 3465
4736 1109
2450 326
382 3751
1970 3804
2921 650
2600 4061
3165 3928
4031 35
4825 4022
803 1458
1849 3357
1322 2879
3141 3774
1577 3464
4501 2542
2547 2207
4652 642
839 1550
2765 480
1041 2159
3874 2857
1166 1134
1059 3076
2579 1292
1505 1454
4399 3521
4374 1694
612 4699
4709 1713
3767 2999
439 3443
312 1971
4779 1628
1247 1977
326 520
1034 24
375 4166
1947 4584
4751 2510
4149 1491
267 2046
851 4089
2789 1228
141 1481
2708 2546
3649 3887
3555 2098
2638 514
3642 3721
833 1774
3809 1717
4352 2796
2969 1391
825 3205
4086 128
1884 3902
255 3860
3857 275
246 1123
2087 1266
3180 2654
883 1484
2383 2297
3067 769
2186 2380
3753 4364
4944 1852
4732 2959
3698 725
941 3582
2839 2247
2776 711
4397 4802
868 16
3345 2163
3337 701
2819 623
3457 2530
3493 3039
1274 3002
3863 184
275 3310
2149 342
1332 3578
167 4545
412 4225
1960 3070
3648 2156
2329 901
1558 4437
2775 4124
2150 4527
2022 4110
2770 1303
438 4697
3363 3244
4633 3807
2022 4313
1585 4552
930 3084
1757 3458
441 4548
3486 2445
1363 684
1303 1684
496 2258
2588 4314
1252 2481
4798 1239
412 1968
4912 4444
494 4376
1847 2297
1 1887
4967 1023
2784 3800
4590 3236
1046 2048
3953 2830
93 3806
627 3768
892 831
4348 3454
2995 379
1780 4445
2864 384
4126 3614
4936 2765
890 1780
127 4719
4969 2793
3119 3724
864 257
509 2166
4758 1544
170 424
3927 3675
1949 1936
4034 4382
1731 2847
4286 791
2570 1846
2762 2755
1811 4210
2517 729
2208 3836
4305 4839
4411 3001
2557 1872
3242 1188
1304 4324
1366 3057
2358 3766
1497 1819
3195 1457
4734 573
3424 2508
1141 2738
3771 1640
3691 4127
2073 4460
602 1639
1425 3032
4075 3582
1236 3044
927 2122
1739 2904
4470 4575
2834 2779
3054 323
589 175
4884 2220
4229 1756
2721 4925
2949 4605
2313 2390
4527 1930
302 1057
4334 4531
4052 2078
3593 2370
3448 2783
2861 1390
3140 1900
2429 660
1171 3601
4131 483
2 4055
1405 182
2603 1110
2024 3656
1349 1306
1378 260
1382 4307
4244 1392
1467 1407
4238 73
3484 1832
2990 3377
666 2162
1132 1429
4887 3995
3515 782
2144 2419
4474 107
601 4105
1717 3816
1083 4339
4127 665
2481 1889
1514 4710
4018 1798
4113 4203
2837 230
2991 4560
1781 4007
3679 1183
2970 4040
3799 258
700 2343
4490 2178
222 4735
2117 4553
1821 3699
2238 3462
2622 2575
3258 3011
2995 1157
549 3846
3917 1674
3808 1157
1125 2002
4608 1296
3586 833
4747 71
3921 2895
3607 417
1714 4389
3891 1389
1709 647
3804 2110
4280 4789
1816 395
1381 4056
177 1053
911 4773
2546 3758
1232 587
2036 3605
2031 2678
1313 537
3688 3885
4669 705
55 2057
1187 2535
3766 2458
3603 4490
39 3601
3967 3978
2375 300
4015 810
327 2492
22 65
4719 933
2334 718
2808 1939
3571 4734
4932 1416
1692 4467
6 2696
1926 2714
3378 2775
4374 2564
1667 2268
2465 137
294 4917
1563 355
2739 3774
2163 2636
3218 2624
2685 58
1125 4622
2507 4431
4973 670
4926 1847
3460 2706
2795 4170
4428 1790
3117 137
4532 968
2810 4036
2307 240
3927 2419
3610 3244
4831 1442
1391 167
480 4818
393 4141
1112 1309
2708 2384
2385 321
223 356
4652 1732
1453 2090
2357 3083
3760 4695
1961 2943
1000 3344
1522 2202
3330 1912
4845 4704
3039 383
1884 1829
312 615
698 1435
2661 1225
4787 2442
4482 4990
229 2797
1889 4084
3482 2929
2055 1463
3041 4980
3658 1114
915 1414
4285 7
4436 2386
4915 1029
3173 2884
3714 3020
195 433
1850 1591
637 940
2332 3104
4670 3219
4184 1932
3230 2807
625 4984
2887 306
3087 2634
4400 2517
4331 3445
4921 4746
2578 1706
4649 760
1830 4114
629 2938
2495 4401
837 2461
670 3077
809 3102
1268 1948
4418 3294
3846 3696
143 2434
3430 3421
2670 3375
3729 4218
731 4486
3756 1305
636 548
3420 1930
3948 4974
3725 2709
1997 1653
4527 1005
4377 3537
4041 3812
703 1062
680 4168
4365 4736
4064 2161
4236 4225
3199 531
3929 2449
2007 1378
296 97
1639 4348
1384 2146
4211 4030
1788 3543
3790 4945
3396 4449
2237 1329
3948 3125
40 770
3366 4431
1956 2792
4381 137
1468 4999
89 530
758 3658
3288 4821
3598 2116
1956 1189
1338 1282
3600 3298
3381 3064
2820 890
4358 2770
174 2965
625 2391
1776 4300
593 3534
4131 3251
185 1838
2719 4311
2394 4261
1256 4361
899 37
4896 1554
2957 2848
3416 1076
2236 4735
3551 2313
2570 1532
1413 4709
3110 1629
485 2760
3051 168
96 248
854 4748
3359 3566
1194 326
3539 3866
3615 1279
2106 3870
376 3571
2393 1805
1256 814
3361 511
3781 2026
841 2376
4708 282
2399 4192
4117 4898
313 3816
2490 382
3951 2074
3917 3809
2553 913
3454 4342
298 4601
594 2700
912 100
2627 604
3025 1379
1136 4215
247 1782
3330 883
514 1448
4693 3529
149 4184
4601 3000
1630 4131
3455 3571
2016 2088
391 2343
4110 2006
2125 3881
2229 1585
3759 3667
4379 3170
1210 553
4913 970
3923 1463
3652 4748
1166 2007
2942 396
677 601
4451 1201
4918 204
3981 1529
2480 721
2267 1443
3127 4125
2391 3132
829 1381
2606 4123
848 2949
4070 246
2169 2669
4063 1456
66 1240
3550 2013
2896 1645
2772 246
1943 4312
4819 2933
451 762
4502 4205
1739 2616
2086 128
2048 1809
1442 3639
4837 1093
1462 9
667 4557
940 4215
2985 4319
3308 2304
3428 4358
2667 4018
3123 3714
3204 1054
3729 198
3109 355
4823 986
3598 4413
2278 1188
2263 629
3585 4975
4263 4305
1291 1811
2579 2087
4037 2377
2898 2026
2048 4508
4760 3097
3191 2985
1954 1846
1549 1015
4111 1577
4962 1252
2755 2236
2244 1689
1132 315
4720 4075
4279 1446
1670 698
1526 2388
3176 2382
1767 990
2200 2475
4911 865
2460 4697
2460 1668
4402 4896
1422 3473
3192 3435
1645 1187
2540 405
1115 4933
4394 1764
4579 3775
3183 4047
2499 4927
4999 3876
1641 4864
4043 3808
2332 693
4629 600
4770 4966
2351 2575
2836 3078
810 2857
5 1574
2457 820
3719 828
2875 72
3947 1299
3840 2668
1748 3312
2631 4700
1611 4830
1087 821
2053 1810
4896 4453
3626 1518
4985 2983
4624 4594
4421 4933
1566 2953
3563 2041
3122 770
2642 26
106 2231
120 3075
3667 1542
1170 1394
3673 1522
1714 1086
486 1044
4434 80
1114 2270
1072 3947
785 4493
2675 2353
4282 482
1202 1969
3696 4401
4940 1482
3248 3411
145 485
2363 4372
1865 4351
4291 694
1965 2471
540 4174
3278 867
237 2278
2786 275
3504 2998
547 4527
3697 2278
2285 394
4722 1495
2716 3307
1433 950
4031 4435
1697 3666
991 1926
1916 536
530 2840
1361 3049
3670 796
4110 1638
2813 4249
1777 706
4781 1606
4798 1251
3639 311
2927 1151
1871 832
1058 375
3812 4818
2457 1883
3253 2191
835 1546
3894 3501
2270 2517
2950 3100
2118 2361
2303 3510
4363 2007
4019 880
1325 4040
4496 4730
4019 4025
2292 1637
3180 4341
4263 2887
3658 800
2880 125
4551 1869
49 685
3573 4887
4505 2114
1889 2566
2364 527
3379 3827
1056 1710
1971 1435
3574 2843
4801 3823
4499 3636
176 3430
4274 4681
816 223
1457 3609
4571 4158
361 3032
842 46
1315 2006
1588 1908
3257 4649
2331 464
2449 1565
581 1890
2365 4162
373 4275
4319 895
4271 472
2069 4348
4251 220
4539 4631
521 2576
2302 3608
3434 3342
911 2588
2383 1906
314 3711
3479 1793
2667 390
2008 821
4286 3800
2190 2047
3337 228
629 3828
2097 3229
2077 3842
3412 2590
2744 3707
2937 4615
4257 2369
2252 1080
687 2993
3435 3925
2271 2512
4454 195
3810 2483
4789 4419
4676 246
4143 2340
2576 2718
1066 919
3863 3503
3366 3033
3686 1805
2019 4457
3110 2940
4680 2312
4185 495
3183 225
2885 4344
1432 112
831 1892
561 1997
286 2439
1124 3572
1798 1868
4296 2232
341 3318
826 1247
3410 1183
1301 316
2758 3623
4900 4874
3341 3084
3932 3226
1165 4121
4184 2179
4741 1298
4505 2592
1093 2139
978 1944
1969 2438
2932 2698
4009 2648
1295 4258
4519 2587
3244 4575
3199 3927
2423 1661
4994 4797
2898 3206
4159 4015
3662 4928
3947 4159
3285 4814
4141 1166
734 1306
252 3897
4351 981
4173 1383
4661 953
1704 1960
3724 732
1634 1321
579 4716
2270 2515
2151 3578
2293 710
1283 3144
3786 28
571 4565
1003 3168
1649 2459
4252 1673
3249 4511
3739 4504
4127 881
1546 1356
896 1752
3355 3918
2616 4116
1070 2072
581 1000
2093 2248
3873 3875
1581 3239
1895 3464
4672 4474
452 3506
4003 4221
2070 2195
5 4671
2998 4680
2081 122
977 897
4220 17
2298 1311
3197 4160
971 3404
4494 3533
2653 540
1329 3036
4982 3383
3770 2134
562 1285
4311 4385
3817 1123
4807 3599
4872 3358
1281 4471
1844 954
3262 2893
577 2057
1655 1121
1698 1844
909 4732
4819 3325
998 631
2598 698
786 1588
2087 4325
2729 2278
873 2884
400 3546
1646 3221
2687 1765
1104 4059
4639 4382
3920 2642
3815 4164
2925 2613
894 2677
4801 4485
2410 2547
783 4907
4398 3558
3775 4581
3713 2886
4545 4727
830 764
736 62
3296 2254
4356 4395
2528 4099
4178 2026
776 3494
4333 600
1134 370
684 2187
3840 4888
3001 241
1199 1848
1102 178
903 2768
1443 1024
247 936
635 1420
1349 201
2169 1399
1924 3810
1856 3117
1605 2702
270 415
3013 3306
4257 1474
1304 4524
474 3849
104 3655
2068 4410
3912 1063
4389 2894
3353 3213
1123 2523
4673 180
3610 3326
2804 3829
1965 2597
2692 2419
932 3666
705 27
1999 1115
3488 3522
2931 3513
4492 2312
1048 1630
3169 4486
1160 3122
3903 3011
1333 3955
4511 4912
2252 4157
3049 4209
202 4383
1761 344
1501 4427
2991 1708
3547 1472
1734 576
3288 3037
3627 460
4998 4226
2703 2012
1327 434
4569 904
4068 446
4217 4426
719 1458
3190 4343
1953 1547
4257 1057
140 1522
28 3944
3423 4864
3991 4269
4367 2334
2489 1832
1824 3996
591 4064
4692 3029
4764 3123
32 3496
3489 1351
4351 4742
2733 4468
1637 4756
2648 4200
1596 476
4421 2839
1137 946
996 3201
798 4842
3303 731
3047 4561
54 1434
3856 2325
4420 4437
5 3012
235 467
2892 4509
981 4659
765 3242
3433 3913
3421 4595
829 1107
1544 2884
2618 1275
490 2432
3337 3482
3311 107
4957 3044
2049 4379
3807 4459
761 238
3241 486
4807 1717
3303 3797
2098 1364
3589 99
1951 3617
2430 1488
895 4180
52 2901
486 807
4231 42
781 1364
3689 2524
179 402
326 3657
2326 2158
4190 2322
2860 739
1677 2618
3660 1950
2633 288
149 2784
3838 3555
3574 1368
3664 2698
1369 2045
3882 251
3382 1786
2586 3580
658 473
614 1478
2669 546
4374 1404
1046 2281
2086 1431
2438 4977
4440 2543
2310 2186
1609 4838
4954 967
1161 4833
2251 3017
3454 4877
3803 2462
3887 2027
951 2857
2245 2058
4688 2944
4138 3544
1426 3319
3011 1665
2515 2545
749 390
2542 3289
1687 1381
23 3746
4117 789
1217 3073
3534 1933
4820 4015
1657 2954
1914 2508
3523 4277
2937 930
3005 4269
2543 1415
3926 4036
10 2450
1084 2515
385 1457
3944 135
942 2347
241 4204
2571 4233
4130 2790
4269 1074
3613 3975
2995 1127
2193 464
4921 1982
2345 257
3673 4896
378 1034
4518 1605
2938 3716
4271 385
3244 3262
4747 1485
3261 2795
2072 4607
187 3127
4841 4123
3057 4925
1411 2836
377 3047
4763 2478
210 1767
2279 1009
2285 1097
1014 119
130 1271
143 2843
4149 1542
4522 4159
82 3619
422 472
3318 4802
3765 4090
173 121
2037 4599
264 2937
2791 4923
680 722
4357 3857
1102 3767
3280 1594
4706 3250
2027 1124
2052 124
4636 3581
4574 1895
4643 42
2389 2575
486 476
3993 1100
2944 4960
4246 15
1408 1237
2543 830
3417 1877
3183 801
920 1289
2050 4697
2130 3749
4466 2016
3579 4195
855 3237
2409 4157
1612 3815
4115 760
288 3318
2597 206
2725 2299
3151 959
3575 540
3253 3052
4085 3392
3899 3713
4701 1625
3360 1508
577 2136
2611 1613
3422 2802
3929 4240
2543 4835
2793 3831
1631 1783
3926 4685
719 782
3470 1453
2882 3483
2249 260
1987 1673
3768 2274
4663 420
692 4400
2454 3061
4683 909
4781 1804
4463 3498
936 3420
1670 2117
3325 68
1331 4637
4537 840
4069 717
4124 4068
291 170
700 4
796 3593
423 1678
437 3650
420 2751
617 1745
3551 1887
2197 2139
1870 1451
1182 435
205 2043
1592 3185
4795 3686
2195 4616
141 4155
2892 3888
4113 2737
3909 4785
3768 593
3308 1306
1258 247
273 1165
3174 1249
2990 3061
2043 11
2008 971
572 19
3035 1090
1788 3549
2111 311
3491 1348
465 2670
2526 413
152 3288
3765 2546
3346 4128
1696 20
1389 404
1629 3506
3704 428
1980 2133
4254 4918
4660 1437
4977 4027
1795 131
3214 4748
196 4596
1256 1265
1749 4969
3652 1932
4223 2582
697 4073
725 2665
2326 3575
4739 1240
2226 709
2973 1917
3237 1454
2288 428
3244 4791
2219 77
1862 3559
918 1025
217 52
3214 3167
3158 4086
1553 3742
2827 811
3613 1005
1207 1525
4873 4213
1103 1539
108 4254
1538 4337
4128 3360
2876 4358
2827 2967
814 111
2456 2972
1076 2330
2028 3354
4579 2034
2888 4674
1934 577
2576 1740
2857 2735
2439 4190
4195 2092
2595 2557
3824 3265
66 2919
4887 195
2205 3817
954 2307
382 1380
1667 192
4435 1253
4056 2907
3144 2158
3449 4823
3736 2678
2863 3643
4867 2641
645 4690
2146 472
3892 4855
1191 4162
1630 4087
639 3741
3562 62
2853 3682
3337 3560
3760 254
4025 2459
3326 2016
1231 4012
2868 4688
3252 2987
4256 1687
4431 2589
1310 4906
1646 4928
4639 656
1273 2165
2391 4881
2722 788
2193 931
536 484
4026 1656
299 3441
3066 1662
3457 3396
4293 4248
2741 3223
572 3091
815 2866
133 1463
421 2608
2979 1241
2594 744
62 621
2331 3501
1809 110
3588 570
3531 4316
4389 179
2589 1264
1563 1035
2129 1293
1429 1101
527 2477
591 3562
4148 4895
1668 931
234 2897
2230 2883
1435 2712
3715 4802
4321 3371
2947 1303
2758 1836
1213 4861
18 205
4073 1842
3228 3222
2687 137
2108 1628
3453 2338
873 2138
944 4243
4964 48
4736 2500
998 4817
4677 2953
4492 2291
1154 1952
1965 339
3694 4389
1126 1294
3185 2822
235 236
1159 4016
3801 4005
3283 4878
3334 3581
2816 1773
3117 3047
1374 2472
2257 3574
236 1179
2527 908
4737 765
961 1275
2056 2236
2895 4003
618 1200
1885 359
3872 2398
4479 2927
1945 3323
207 4468
3027 4494
997 1169
908 493
1097 2948
2080 3467
4433 2744
318 2650
3222 1279
957 856
1369 628
2297 1010
3122 246
3542 2149
94 643
4219 2613
578 3363
3376 2556
4068 1187
2953 2164
4382 429
2160 499
3813 1252
4683 155
2519 3589
1194 4320
3574 4605
4150 1541
2005 2574
4802 3949
423 485
1847 4311
1619 1791
953 2214
1144 2256
67 4550
628 295
3706 4656
3526 1785
3593 1252
4834 4621
861 3358
3129 2000
4305 4238
1451 4034
3118 168
4316 1455
632 4226
4754 3480
4167 660
1688 2234
2033 800
3587 2380
2066 2067
3553 1764
2811 4528
3086 3102
2574 4057
582 2666
730 2556
498 2883
2857 2868
2096 2317
3405 1816
3867 3874
3062 1004
4034 1830
4367 2117
4945 1966
1579 3356
4349 4752
508 1919
4416 4712
4939 3949
2818 1086
4474 4778
1782 2369
3678 1494
1486 772
1912 1616
1747 84
1140 3657
802 1248
1179 4324
2229 1600
2642 1779
1330 976
2435 3286
4773 3480
120 1832
2205 2598
688 4200
3095 925
1991 891
3324 4846
3212 1715
4378 1792
2578 3430
3983 2926
3431 4457
3060 3290
193 439
3563 4374
4707 831
2171 1653
983 4893
1947 562
2724 1364
4426 2332
1354 3544
3851 1215
1481 2101
3779 663
1411 4813
194 2473
2872 2511
171 3257
4317 310
1812 1927
1277 2042
3145 4888
528 3016
4175 4528
4369 980
4341 2741
1246 804
3888 2122
1350 4117
3821 3681
2687 1360
4484 4333
969 4908
1206 2958
4488 2984
1135 4529
2645 4092
4565 4864
1912 1078
4593 3212
3748 4884
759 17
3046 4097
2551 2537
2706 756
2325 3637
41 4587
3663 196
1904 114
605 1291
3065 3388
4957 2680
4246 3496
2883 240
2945 1032
3673 3908
1254 3873
3480 791
1903 1827
4427 2646
3058 1907
2517 1437
774 1414
784 2605
4208 818
1883 2607
4743 39
4488 4221
1244 3986
2546 1220
4321 1802
2866 3035
993 761
3429 4608
3329 1976
1485 2897
720 2747
4126 2212
3704 3928
864 4861
2743 2061
3027 361
1712 3350
2870 1100
2652 947
667 1098
1766 2689
309 4251
1088 1270
1941 3732
3966 651
2028 3879
1390 4513
4778 4616
1756 4847
1949 1537
391 2374
1760 194
842 3328
2634 1452
933 2624
118 1870
3896 1324
3155 2690
4335 1829
812 830
1431 307
2178 2223
2358 3331
234 1275
1781 4011
3572 2760
1204 388
1996 83
3485 4828
1857 1677
2762 3090
1051 1705
1104 1561
3998 3221
87 2706
643 602
4214 4202
4121 1516
153 259
3270 3898
1656 419
2273 3562
1359 1637
2497 1547
870 4334
1384 10
157 4511
4861 920
586 4087
4896 658
2198 935
3851 443
4357 2515
915 1317
2698 4735
608 0
1491 12
2109 1313
3797 1712
3757 598
207 3913
1883 29
787 2361
1059 1714
2739 4854
1709 3528
4092 348
537 179
2260 2062
3494 3632
4921 1313
1845 2909
3937 4785
4936 876
3677 212
534 4114
2139 2686
1107 846
2329 1630
50 487
4701 2379
4889 4618
1018 1947
3561 4839
4576 1835
1880 814
1086 4371
641 4155
4721 4777
3994 3088
1064 3789
2306 2398
4272 462
4069 1922
2603 1995
3409 1081
449 886
2844 1764
3279 2286
3667 3944
4621 4322
3229 1172
2101 4617
4013 2500
4167 2024
1540 4958
2636 4168
237 3181
60 3019
2293 104
3433 4021
2328 3340
4457 2962
4969 3590
1823 2503
4886 2017
425 3826
749 3427
186 3866
4674 3874
2098 1112
1419 2990
4168 3430
1036 1231
1244 2481
4020 1349
1078 4337
1720 1005
1392 187
3095 3304
795 3159
4641 4630
1594 760
3187 4158
3623 763
710 3047
1996 4802
2218 1479
1301 2305
3401 1010
184 4753
562 3522
604 4622
4054 556
4654 511
1063 2165
4301 1506
1299 371
4528 2296
3711 2203
3586 2739
1728 2283
3853 2998
3755 87
1242 2075
865 2573
1835 2216
2083 3703
792 4524
37 2984
3608 1458
630 3634
2969 2820
4899 2746
659 3336
4232 539
2960 4072
3001 1068
910 3719
4133 1719
4310 4453
4973 1459
2916 1629
3102 1526
4429 3160
1321 958
3778 3474
4919 4157
4910 1530
3781 1235
3545 2032
1808 59
1168 770
4292 2632
4860 789
4687 1645
1356 861
3784 4273
1973 3812
3528 2757
2510 2625
1899 244
3528 3072
3344 3017
1543 815
1333 2339
923 4879
1388 1318
1978 4485
1046 117
2545 1689
2666 2545
3168 4588
864 564
2469 2538
947 535
4345 125
4080 3071
930 4088
709 1124
1967 4706
3995 4018
4014 3482
2889 3365
4826 1658
1376 639
1769 2129
3660 4453
2065 4641
3916 4052
1284 1368
2479 3056
3370 3642
2053 1317
4583 1801
4904 3070
4068 4719
3023 2528
2988 2028
2917 1095
2159 3215
787 2171
4983 2603
1997 3020
4026 826
4760 500
2904 885
2946 1587
4909 1576
4333 4113
3627 429
2022 2798
135 922
284 1775
4333 1629
2452 99
2639 2629
3303 3428
955 27
4833 1255
2399 3535
2110 793
568 210
1801 2763
3862 3857
656 374
4808 2217
578 1543
2262 65
796 1663
4725 4751
768 4010
4298 1653
3076 3371
1442 2302
661 2948
2335 3286
2609 4125
4482 3430
4197 4345
3896 1300
1830 3836
2622 383
999 4982
1926 3353
2366 898
2246 3550
941 873
4099 4416
2190 3931
1032 1194
844 777
1332 2602
3910 1586
1149 1680
1110 2991
4134 2349
4209 878
1827 357
432 4235
2171 3139
2228 1716
3269 777
1106 4028
553 379
2880 68
3890 131
1087 1583
162 3666
3943 112
182 4759
4309 4383
4257 3223
3187 1819
4409 3934
2964 462
4617 403
3543 2617
3251 4491
2787 2744
2772 940
4368 1908
3658 2337
3060 3654
416 2718
930 2204
38 765
1362 4160
4499 2586
1650 3408
182 1731
285 4663
4055 3210
687 4719
1355 3008
2462 3148
3964 3096
3754 3989
4436 2554
667 1155
4905 2038
3044 2289
3834 2039
1981 1383
4922 1597
2010 4498
2285 97
371 4920
3672 649
2035 1803
1950 3724
1788 769
2025 899
2918 1857
1311 2755
1314 4087
1893 4792
1457 2835
2821 2859
3405 800
4717 1393
1359 520
261 4390
2809 2888
998 810
4375 4480
881 900
2045 4622
2158 2193
1923 3566
571 1395
454 1275
8 4336
3996 1578
2738 223
3776 4473
902 4009
2040 1772
362 3418
3577 2829
1720 1427
4663 4254
1690 556
277 856
633 3440
3916 4608
96 226
2970 4159
4621 4703
3864 1643
4312 2025
294 3928
1143 4183
3558 3663
1459 3433
3926 1263
4847 2968
1005 1245
1117 3884
4529 4084
401 19
1191 3665
409 4622
3919 4400
3387 153
3861 1003
3183 658
613 2175
2344 356
2162 2052
2474 3847
1388 1641
477 4402
4061 2209
13 2541
1913 4541
1892 2330
1704 3651
4013 591
4179 1807
1781 2410
2185 3122
696 1433
3702 4126
4803 1363
94 502
1626 4524
4473 3920
2750 2974
4503 4050
1644 4840
1027 295
399 4788
1879 513
3505 2236
1485 3289
139 4494
4721 4415
3741 1767
2154 1375
388 3898
1635 4502
4788 1584
3712 954
273 4247
2246 1247
4228 4282
196 4024
1458 2579
1287 1332
3917 2581
1438 454
2354 3811
1770 900
1097 4935
1080 4050
944 2926
3007 1347
3497 2805
91 4867
1030 4085
2944 854
1308 4223
1446 4437
683 540
2481 630
4850 2417
4102 3362
2198 2190
3964 4817
3643 1574
4227 4012
3990 2081
1783 418
364 4518
2407 2426
4888 1611
468 560
2152 136
3654 2850
2810 3204
3107 282
268 1962
835 1276
3937 845
4523 593
1167 3141
1362 1321 3614 4437 2636 349 628 1510 1558 469 111 3975 4200 3811 3147 4059 1541 4443 718 147 4424 1553 4502 4655 1663 3532 1178 2970 1414 395 232 4455 1290 4944 3229 1597 4825 648 3023 55 4418 4972 4201 2958 1899 4626 1250 4876 2756 288 2095 2551 4871 3240 1676 699 3334 4806 3200 3756 1419 1364 1706 1214 568 2712 4353 1900 4870 2235 2383 3342 2764 1355 4257 1417 1086 4385 2994 1068 2019 3305 4690 1150 3592 243 4220 3574 3668 1873 4707 4368 4078 4744 4902 1408 2905 759 623 3617 2086 1542 3096 3874 4685 2978 1687 4831 1636 2859 649 912 2721 3937 1168 555 2423 3493 740 1868 2651 4040 431 4938 3542 2857 1531 2034 2101 3572 2942 1370 2772 299 4227 2792 2568 1886 429 793 3483 2037 743 1015 4715 343 1635 3892 1893 57 3161 3350 563 4980 4190 2809 2206 4116 1441 578 990 2127 908 2929 3077 1497 1651 1822 1352 911 2867 1869 3028 3310 485 302 2378 864 324 1509 1545 2289 1887 975 3222 4864 4453 321 3671 3772 2909 3026 878 479 247 1088 470 230 4224 832 843 774 665 4764 501 1894 2224 1299 4298 4622 1722 2873 4594 296 4904 4241 1970 2043 3523 2498 2722 4468 4500 1797 4107 2207 327 4719 2831 4756 4295 1393 3360 1877 4337 4570 1612 3193 928 972 2974 3319 2854 2218 2773 656 4820 86 4691 4518 1891 3468 457 906 1483 1726 3979 2046 3719 2354 2276 4288 1917 3580 977 2581 1465 1733 2650 4 2252 2076 1861 1272 223 1577 1819 231 159 2560 1456 2982 3326 1929 4921 3139 1302 1502 784 433 4542 1478 3370 2761 3176 134 732 2445 2665 1143 4053 1608 3743 3062 930 4133 1433 3528 551 1802 38 4728 4894 939 4528 1097 72 1758 1350 2781 2760 366 3721 853 888 4360 4387 2991 3003 1812 155 3368 1658 224 3903 1131 476 371 1174 3782 283 550 2944 4258 531 4592 3676 4512 4558 70 2204 3720 1443 3167 1975 2563 2273 1708 1481 64 480 499 3086 684 3124 4763 710 4916 1496 3107 3764 2214 3248 237 4402 2356 1275 1588 4389 2811 4708 2567 3134 2325 454 3071 236 2176 2253 3608 364 4838 3337 508 1595 4433 1471 4974 3548 3358 1948 1107 2524 1057 4159 2717 733 3393 4637 4032 3700 4644 4986 1596 3175 3046 4677 3491 1476 1671 1897 3388 4212 2407 829 4067 3182 2234 477 3834 1276 3884 3442 163 2728 4511 3414 4936 3877 3795 308 3302 3371 3426 3551 4113 1796 1462 3771 4144 3490 132 1303 2457 1692 4449 458 3973 2422 4369 626 2508 3100 3770 27 4867 1963 284 3165 4532 1186 4307 1783 3386 4599 3092 123 4698 1467 2208 2698 462 2064 1699 146 1574 2402 1197 3878 441 242 859 3835 3053 3827 80 4994 4079 255 3170 106 2244 3137 1418 14 2290 579 4063 2041 4293 1998 214 3774 4858 1854 616 1437 452 4042 3051 2173 1856 3906 2372 4479 1289 2002 681 3059 2526 4928 4477 3938 2355 4886 2391 2853 1605 3 1529 481 4641 1028 314 4487 2716 437 1254 1750 2441 3362 2382 3259 1810 4134 2038 2672 1163 644 3569 1009 4214 1296 2092 2047 1221 2536 4250 3355 1190 2641 24 2370 3860 2318 136 253 168 225 4957 2250 4083 4037 325 4359 3829 2211 3773 1737 1059 3647 712 3320 1790 2072 498 2110 4515 3419 3331 4651 2997 1818 2393 250 647 3794 4897 4456 3789 830 2539 4999 3754 4611 172 2328 4891 495 2987 2530 1451 1109 3352 739 2292 101 4580 2461 3225 3800 3230 3335 4471 3140 1999 3961 523 1633 188 907 179 4271 3389 2469 890 1309 886 3354 2195 2979 2434 4993 742 2345 4524 3157 2333 4430 4072 1971 4701 667 3885 4281 2489 3073 1245 4554 1606 4358 4027 4854 2966 166 2163 847 2946 3435 2321 3655 4812 896 1532 866 2305 3115 4959 3400 4967 2597 4087 3150 4885 4050 3981 4323 156 2231 474 2727 1255 3001 2431 1944 157 3840 4296 3178 2868 3270 2202 4523 4261 2365 2852 3070 1835 2090 3089 2137 1901 2819 706 510 135 655 3609 2492 2702 3372 112 1343 2404 2472 1685 3558 902 923 1569 2980 3153 2285 3333 87 965 2236 3921 2610 1010 2097 1884 719 329 639 2102 2922 3440 3327 133 3788 1667 604 4787 1356 1060 4130 1743 4889 109 3917 1594 4530 3942 3263 3002 2055 4920 3848 2501 1586 1072 4892 1297 1879 2951 3659 2569 505 1778 1669 4792 3135 2338 2603 796 336 3180 4253 1741 952 3636 761 953 2265 3722 3616 1432 3928 2009 4513 4399 4442 1458 4970 3008 1573 1820 2005 2525 1817 1235 3506 3940 2114 833 914 750 4246 3759 738 2813 203 1830 1425 3282 2156 2368 4807 2965 4973 4110 622 2415 3322 2540 3817 535 2937 3896 95 1724 1696 2848 2837 196 4483 4363 3934 3555 293 4751 1793 1358 3078 3812 3245 727 3891 2032 1966 1527 4137 4179 1745 2783 2774 2448 4058 199 2475 2213 1022 1035 3212 1098 520 3935 4093 1134 1747 2700 2759 2875 3447 2317 607 129 4189 3859 1089 892 3962 4525 3849 2164 1555 2264 2282 780 2917 3590 2462 3919 1160 345 1670 3306 2371 1002 4247 1858 1046 357 2588 450 4568 1591 1673 867 1913 1050 702 3650 3923 3123 399 4647 2972 4120 4824 4863 2367 4925 4686 598 3883 4610 635 412 3105 1626 4780 1615 4796 2953 4462 1016 4423 1259 1044 2230 917 2215 4526 994 4615 83 354 2614 3199 4588 3514 51 925 2891 3728 2168 1664 4621 643 2990 3501 1714 1204 2299 715 4469 1095 723 1226 3204 3067 191 2683 2851 1081 898 3850 1834 540 3964 2776 3801 2322 1821 1124 2836 2956 3775 1792 3244 1062 376 1662 2473 1709 1104 4226 2611 1772 538 1738 3563 2880 4774 4378 4636 4786 1554 211 2939 2269 827 3292 858 4667 1094 947 4317 2626 783 1918 1090 4314 4046 581 1405 2232 3095 320 2418 3428 2856 1657 2288 955 1694 310 736 419 1293 2111 4259 4210 668 1333 924 3887 3027 932 4181 3559 653 3611 536 618 3498 960 2967 4082 1319 4652 1024 3234 2029 4752 3977 1063 2863 4431 4604 2732 963 1061 2543 3715 4981 1492 1833 2254 3112 1133 2734 1108 1099 533 3613 403 4005 3088 1332 4539 2344 2825 2004 4819 2896 2512 2955 1224 2865 2465 2943 4663 52 4896 2241 515 1556 1477 2021 1026 785 1582 78 2686 1760 382 756 3598 62 3641 4018 3658 115 4574 4713 2180 4519 1584 621 150 317 3279 3470 651 4805 518 3530 3345 4194 217 4597 1140 2643 1837 3543 1934 3474 2118 2898 1811 1449 4814 4948 4937 4989 1122 3565 1201 1786 1409 3154 1841 3667 1544 355 3777 753 3195 2078 407 4355 1621 444 408 1118 61 1912 1983 328 879 2479 3718 624 3541 492 567 800 4798 1853 1914 3554 3534 4815 4492 1116 423 791 2608 944 3815 2622 2070 4940 4630 3304 1660 4171 3593 4071 1404 2065 4917 3018 2361 3035 1267 4842 1842 4011 1952 1767 4915 2899 661 4328 54 2177 1216 4292 121 4009 1227 2242 931 1461 2301 3127 4548 500 1347 4547 3895 4600 2316 2226 1705 4659 4852 1207 1273 1312 466 576 4631 4243 806 1304 1561 569 4364 1064 3547 445 1808 735 3104 815 2637 2960 1562 2925 2815 3482 1316 2188 1961 2105 4127 2464 3133 1335 3402 4661 4013 3983 4950 1018 664 3886 1258 3712 1770 4400 804 3995 2455 3634 4051 3736 2412 3467 76 4509 921 3880 4004 410 4694 3041 1926 3869 659 4552 985 1036 404 4031 2470 2227 256 478 2056 4332 1823 1740 75 2147 1212 2812 1880 811 1386 2593 1761 3429 4284 370 3185 88 4508 825 2108 373 4428 2023 619 2514 365 3755 319 1196 897 3503 1342 1148 2789 220 2152 689 4839 3349 330 1801 729 2506 1653 614 850 2184 2511 1789 1549 1951 3842 1719 1457 2858 2556 2313 2334 3132 4274 2572 3985 3987 3271 1334 4203 3293 339 2396 1166 3144 2870 2763 4684 3690 1938 1729 4929 3900 4300 4529 3752 3391 3916 2682 3159 1567 3356 440 3369 1407 140 3422 4490 1788 2860 2488 1710 4700 2406 4341 2478 4538 3359 4990 3846 3600 4625 2411 2747 268 4781 4635 1898 3761 4762 642 2709 3074 2685 4555 3380 3599 1391 315 3566 96 1800 2632 84 3684 181 2008 4550 4559 2661 3649 4788 1807 3190 3220 4197 3998 4485 3093 2079 229 3912 1498 4965 1155 4383 2931 2647 2586 4002 613 1378 18 4237 4702 3982 4416 67 945 1399 3646 4451 842 1176 4736 2239 1756 2031 3344 4105 946 2587 3868 2971 1162 1563 1156 4493 483 690 3785 3733 3595 2424 3685 2294 4185 3769 381 4739 1234 3099 2007 3016 3330 2500 2440 2332 4338 3673 3382 4333 1244 3745 1049 219 1723 2821 3894 4278 1300 1995 3994 1735 4311 3836 3005 3526 3409 3436 4543 4086 1645 1188 3713 2115 4768 1600 4303 757 3510 3201 144 2834 4553 4741 4015 2279 2720 1611 1242 4784 986 2146 1220 3717 3458 1755 3266 3288 2453 4969 3080 3698 565 1813 3160 2894 4738 3406 334 4112 1444 406 698 4206 271 1238 2609 2999 4169 4128 2198 3943 4662 148 193 2527 4149 2697 3149 3944 1217 3211 3798 4845 2013 20 2933 4640 4091 764 249 3524 1055 2787 73 1697 1318 3669 1570 3381 4207 821 752 4260 4041 1863 2057 1430 4882 4297 1385 2704 4103 3246 3233 1520 2379 4283 3529 2629 3546 1974 1748 4657 3242 611 1522 1759 1388 4356 771 3622 2797 4457 3911 4248 3079 2053 360 3571 2844 1048 2604 201 2094 107 311 3625 2343 4603 216 280 3269 4172 4556 4514 422 1932 4350 2435 4186 2579 3007 3463 1415 372 1543 4978 4256 4714 2504 4076 4771 1795 79 1619 4239 4252 4398 3009 1622 3924 4818 2503 2143 3276 4294 3253 679 4881 2753 104 574 814 4697 1717 1921 1721 4217 4106 98 141 3692 696 4254 290 3549 4238 1578 1248 3489 2410 517 3607 37 3664 3045 3633 3511 4934 596 3121 4155 2861 1840 4608 4953 4735 4988 2918 885 2976 3142 1202 2911 2353 999 3682 482 997 393 4971 361 1485 4531 744 839 4305 966 4074 2688 935 3989 2864 2039 3106 1654 2357 2260 1691 1147 1732 2522 1537 4068 4301 312 2420 4336 2878 367 1993 2533 1905 1828 3867 2275 2337 2016 3556 2249 1446 3022 697 4102 4665 2443 1855 1666 633 1867 301 1936 1158 1777 2701 1780 1939 3443 2085 1077 4327 564 801 2800 2071 4828 4632 1649 313 160 3643 4160 31 1711 4888 1954 2742 3635 3373 2220 519 4045 2585 504 872 158 1085 1005 4872 3797 269 4726 1219 3858 2590 4085 92 3228 4409 3854 2552 1241 2708 2782 4952 3766 3017 2421 4520 3986 4749 970 226 2221 3520 2052 2116 1074 4122 2468 2900 2306 3747 3122 369 1845 4629 2621 3425 3081 2283 3734 1832 4255 3958 3029 2187 3030 956 4720 25 1251 4848 3518 4251 1623 3908 1675 1271 4245 3415 2887 2850 1601 197 3763 3657 1827 1979 3044 4140 4088 2752 1734 592 4268 4410 464 1469 36 4486 2341 3343 4066 4165 677 3620 1695 4593 1313 2736 2947 332 3309 1280 1700 4931 1491 3383 630 439 2091 2930 4026 105 4216 3323 3194 4012 3996 3967 3918 1504 3430 421 1589
