50 954 878 667 774 922 363 523 520 477 386 217 886 616 224 718 801 641 40 116 233 811 796 850 775 284 189 844 279 584 931 707 491 760 600 929 219 992 191 198 664 58 684 940 876 561 585 891 46 883 911
50 132 591 464 324 469 642 280 294 873 66 535 402 379 616 777 134 962 523 801 863 409 125 294 637 733 516 894 470 26 513 129 933 573 537 530 385 669 397 662 642 438 822 565 306 692 514 157 50 676 373
50 150 411 534 65 240 617 839 477 201 894 762 620 515 884 68 303 393 154 745 240 745 157 136 457 882 963 400 454 411 466 588 863 453 478 529 875 154 493 309 58 854 207 823 80 770 506 280 808 314 815
50 118 436 903 992 652 170 344 986 726 630 100 336 114 559 138 407 323 786 883 540 759 204 527 669 126 267 534 62 299 440 737 83 109 520 250 676 774 172 0 160 963 119 137 878 229 182 90 619 301 144
50 592 351 561 781 815 342 201 416 641 719 760 839 824 461 775 698 864 8 35 181 523 720 930 664 478 438 881 669 11 961 781 646 72 269 909 625 752 589 123 295 274 119 358 119 19 251 310 245 319 393
50 722 740 471 607 43 18 18 529 34 871 436 778 50 163 510 714 754 275 905 910 630 349 435 175 560 990 811 480 179 499 24 238 738 525 369 677 327 175 964 152 329 66 7 397 588 453 625 345 807 569
50 430 79 337 512 655 624 18 966 927 87 731 442 105 171 138 554 323 797 475 398 470 522 835 242 86 924 100 146 383 708 701 895 201 708 524 616 716 194 234 321 122 0 67 446 806 224 463 47 577 631
50 541 210 465 73 610 355 652 294 895 439 212 33 467 302 556 819 995 647 479 234 805 310 178 522 603 155 479 925 260 283 580 90 148 663 150 685 189 6 793 377 795 810 661 454 935 438 729 139 956 516
50 237 309 240 19 498 812 926 546 617 232 895 237 238 196 677 838 642 240 124 542 148 500 445 389 804 268 561 494 514 938 670 927 874 324 238 396 716 462 753 618 931 662 492 752 291 402 107 834 606 73
50 675 585 394 939 685 836 797 784 511 775 922 316 527 230 61 245 723 812 160 758 580 481 513 80 433 621 452 856 765 62 827 215 63 677 966 46 399 367 806 532 305 793 67 202 512 920 39 399 581 884
