100 733 473 525 406 579 863 439 354 843 138 671 565 658 301 617 164 162 274 91 36 941 610 442 643 789 496 873 685 645 513 429 828 671 857 640 190 972 674 56 259 258 933 694 909 722 653 426 336 879 994 624 74 100 227 428 794 446 185 979 561 893 610 435 242 580 641 207 298 992 698 919 142 255 981 31 873 954 1 962 47 260 137 169 75 974 742 108 881 807 148 668 222 392 465 884 692 866 318 45 420
100 718 341 429 767 838 905 879 608 273 821 327 908 986 181 604 822 930 9 758 160 451 987 399 343 400 863 873 561 592 621 253 336 109 781 288 700 362 805 493 825 736 733 284 30 142 9 163 458 527 332 41 91 1 856 386 472 401 439 343 887 390 659 535 656 858 342 268 474 340 219 313 323 216 957 191 947 850 763 733 646 762 526 708 242 792 657 505 400 35 75 438 696 68 656 743 339 101 933 61 560
100 972 399 119 822 923 348 756 566 950 272 918 728 139 921 554 404 911 685 769 372 322 664 449 339 39 723 653 858 500 801 78 84 345 432 711 522 936 514 228 772 618 166 501 962 629 298 883 839 239 676 991 948 259 354 407 151 661 714 342 152 734 592 23 871 260 121 911 383 502 599 962 804 334 370 195 191 431 733 757 137 501 945 943 495 316 492 102 558 716 908 245 514 856 819 878 7 264 604 28 503
100 136 943 865 265 10 818 925 349 711 7 795 939 340 282 579 763 94 51 912 450 498 175 505 265 79 964 156 827 776 945 152 624 149 938 120 754 812 418 854 62 583 349 541 311 199 64 446 696 654 282 783 625 545 40 715 336 787 215 947 808 135 841 934 760 58 271 794 541 251 357 58 887 419 669 860 632 656 979 328 615 145 684 510 737 505 207 13 214 781 364 614 532 878 0 874 286 711 26 377 455
100 275 679 469 252 736 553 787 982 53 389 719 878 348 669 249 217 325 868 161 713 264 439 566 98 918 49 866 994 614 54 449 693 756 12 464 298 874 473 202 193 608 405 166 991 978 630 917 676 89 792 770 158 193 968 91 464 82 937 200 39 189 445 625 663 421 96 951 371 578 294 920 47 379 330 18 491 248 926 866 526 248 65 162 63 110 856 161 156 525 16 968 583 95 941 368 280 821 614 153 572
100 725 623 128 73 516 67 570 862 620 150 232 804 914 237 316 237 40 836 195 240 516 611 723 600 656 829 183 734 93 894 152 454 126 714 801 382 627 884 642 206 364 268 855 927 860 141 77 149 185 521 643 62 124 995 402 602 619 297 50 725 17 351 753 657 871 666 795 784 740 16 775 302 537 117 75 102 734 538 928 180 9 253 381 597 596 538 319 58 375 604 286 54 513 435 412 691 255 80 318 67
100 174 264 435 642 651 113 677 52 313 318 772 394 972 297 970 829 822 662 883 280 366 156 414 181 710 191 800 307 944 885 871 238 539 197 172 21 705 787 43 608 367 30 175 278 148 169 688 5 415 721 537 262 132 118 977 714 594 959 808 655 569 795 463 688 860 629 424 441 630 710 471 876 412 701 60 771 508 211 444 408 359 953 413 407 341 511 851 973 306 464 33 804 26 87 556 534 44 688 237 961
100 213 305 371 337 54 124 740 864 322 196 314 58 993 245 413 729 360 456 28 490 596 651 655 358 841 78 737 6 830 713 528 486 549 438 556 246 27 44 119 635 754 249 498 862 88 814 427 781 187 793 289 81 890 208 558 627 281 414 656 293 698 594 263 842 459 143 756 784 416 298 468 367 799 674 78 666 981 363 575 898 661 227 532 188 902 8 807 641 624 993 312 448 499 390 946 816 320 582 295 711
100 662 975 640 167 900 129 676 938 434 172 222 740 190 490 478 681 690 882 974 407 401 388 585 687 493 117 480 760 635 686 314 88 764 127 54 950 669 579 726 562 52 636 677 996 841 534 66 865 437 170 366 339 126 864 726 983 859 7 293 772 324 769 96 649 734 672 473 202 917 837 149 132 650 834 955 262 193 226 96 867 559 272 609 621 637 655 580 470 715 621 245 419 934 3 786 165 647 935 574 898
100 210 168 522 239 477 804 467 159 677 585 13 788 744 585 337 160 640 493 817 778 295 849 417 690 535 79 355 599 510 549 426 37 714 930 486 418 929 977 651 144 950 877 68 786 712 675 409 570 944 235 2 955 768 582 776 7 677 188 802 30 379 214 14 98 820 457 105 39 843 188 263 248 492 601 927 397 714 109 312 241 859 651 868 731 999 310 935 14 991 936 120 316 831 999 33 187 830 312 830 747
